24 100 10 4
0 1 0 1 
1 0 1 1 
0 1 0 1 
1 1 1 0 
0 293 0 547 
293 0 426 388 
0 426 0 752 
547 388 752 0 
22 10 47 21 
1536
10.4191 194
11.9776 186
12.448 209
13.4064 180
13.854 237
14.3129 121
15.1388 153
15.3026 129
15.7764 213
15.8747 198
16.3049 134
16.9822 138
19.1382 187
20.6081 129
21.0024 138
21.356 119
23.9359 234
24.1752 210
24.4609 137
25.9854 190
27.7559 201
27.8709 1
1155
13.782 174
15.9199 164
20.741 248
25.1177 225
26.9116 198
27.9601 241
30.1859 231
30.9223 83
31.1944 223
31.6834 1
3878
9.9303 144
10.0044 197
10.8771 176
12.715 94
14.9028 178
15.3745 173
17.2823 112
17.364 205
17.7688 110
17.7985 223
18.0309 195
18.5687 198
19.2156 153
19.223 212
19.9031 247
20.2843 105
20.4619 90
20.4931 182
20.9149 123
21.6694 152
22.3394 128
23.0642 175
23.1278 213
23.4237 151
23.4611 104
23.9677 123
24.2618 184
24.3121 112
24.6818 185
26.4501 125
26.5 125
26.7316 143
27.0594 96
27.0734 218
27.1126 212
27.3711 132
27.7609 228
28.0138 134
28.8562 121
29.5745 108
30.0003 239
30.6155 243
32.0369 174
32.5757 204
33.4197 178
33.7885 146
34.9255 1
3145
14.5338 217
14.7108 243
16.2724 176
16.3465 196
17.0205 126
18.7534 93
19.2233 190
22.1571 229
24.6563 240
25.3754 145
26.3508 176
29.4162 90
30.5111 163
30.8304 90
31.7109 138
31.7413 231
32.2313 148
33.4508 185
35.1812 91
35.6126 120
36.1414 1
1196
10.4987 198
11.9718 201
12.22 172
12.4179 108
13.0277 153
13.8695 182
14.393 159
16.0968 182
18.5983 170
19.1904 244
20.0026 205
21.4074 183
21.5082 119
22.0694 208
22.1438 244
24.5325 230
25.867 249
25.8941 222
26.158 230
26.8298 137
28.0029 208
29.7198 1
818
10.1005 241
11.6144 240
11.7385 162
15.4391 138
17.2808 202
18.7475 177
18.9068 246
20.7677 97
23.1333 233
29.8451 1
2747
9.557 126
10.0266 179
10.4443 216
10.8146 129
11.4178 220
11.7404 197
11.8892 200
12.043 198
12.282 188
12.5965 87
12.854 84
13.2075 138
13.6365 186
14.3297 155
14.4476 226
16.1108 158
16.2604 107
16.4259 230
18.0591 199
18.9528 217
19.6494 229
20.3178 188
21.3622 191
21.4869 167
22.1012 119
22.46 233
23.6906 225
24.4815 111
24.5364 87
24.8323 112
25.1351 188
26.5095 213
26.6502 105
26.9252 167
27.3315 196
29.1141 85
29.982 167
30.2481 134
30.3738 201
31.1771 167
32.3446 111
32.9352 246
33.0939 243
33.1657 160
33.7774 227
34.1782 209
34.4022 1
2294
13.0965 248
13.387 215
13.5711 130
13.7163 187
13.8554 115
14.301 197
15.161 238
15.286 207
16.1052 142
18.6407 166
18.8586 143
20.0324 111
25.2539 112
25.692 185
27.236 95
31.0362 185
31.8595 106
33.2044 127
33.3593 215
34.8124 92
35.3253 1
1180
10.2233 138
11.242 245
11.9601 181
12.6817 111
13.9538 113
15.4923 195
16.668 241
16.9258 154
17.5047 93
18.5923 198
18.6195 106
19.0679 131
20.3052 141
20.62 195
20.64 225
21.589 226
22.917 189
25.689 194
25.7401 239
26.3011 169
26.4711 116
27.7413 1
706
11.0853 90
13.7274 139
15.1767 242
16.6163 88
19.6336 180
20.3173 91
20.8997 90
24.6207 195
29.0968 150
29.2047 1
2244
9.4229 192
12.222 221
12.3816 179
12.8611 147
12.9677 168
13.2858 171
13.8995 104
13.9694 154
14.072 129
14.9314 111
16.1071 126
16.1784 133
16.3844 89
16.5445 196
16.9279 102
17.1298 203
17.1376 113
17.1625 133
17.7578 99
17.8227 194
18.6218 117
18.7617 197
19.2653 170
19.4118 199
19.4639 167
19.6495 92
19.7747 218
20.0446 175
21.4966 183
24.5651 119
24.9765 95
25.5949 237
26.464 145
26.6878 194
26.7519 167
27.266 165
29.0604 135
29.5631 110
30.1437 191
30.4096 170
31.7381 185
32.5084 130
32.9087 174
33.7538 247
33.7966 233
34.0846 147
34.6479 1
2091
9.6067 163
9.8258 172
12.2998 200
15.7801 217
17.698 184
18.554 190
21.6542 165
24.796 99
25.3852 165
25.4938 93
26.8937 152
28.9113 247
31.0325 189
32.0939 118
32.9844 128
33.8829 211
34.3384 182
35.3962 88
36.0256 132
36.6651 98
36.864 1
1081
10.224 174
10.6043 229
11.2703 141
11.7296 137
12.0742 171
13.5687 245
13.6328 215
14.217 224
14.2408 160
14.8557 190
15.4527 93
15.812 228
18.0994 88
18.2361 172
18.7219 88
20.8973 222
21.0635 133
21.436 247
23.3934 198
23.9777 152
24.4381 114
26.2986 1
724
11.0345 176
11.9197 124
12.6027 101
12.9212 208
14.8087 243
19.871 221
27.2302 207
28.5396 137
29.1258 94
29.1954 1
2430
9.3462 233
9.6788 240
11.1766 97
11.6398 232
12.4573 157
13.0899 87
13.2312 227
13.7546 238
13.8656 240
14.6383 171
14.8116 157
15.2639 239
15.3243 102
15.4569 140
16.2558 150
16.5248 234
17.1062 101
17.3791 114
17.407 94
18.446 94
18.5249 133
18.9635 170
20.1478 178
20.84 190
21.3042 223
21.5999 201
21.6125 84
21.8453 224
23.2297 232
24.1888 210
24.8175 220
25.0703 88
25.4209 88
26.5266 197
27.1139 142
27.3351 230
27.5225 165
28.9887 219
29.125 110
29.4306 233
29.5795 173
29.6462 210
31.6697 247
32.0235 107
32.7078 225
32.7621 197
32.8976 1
1910
10.6447 196
12.182 95
12.909 236
14.0477 183
15.9105 111
17.2853 180
17.5755 188
17.828 240
17.8505 112
22.7273 240
23.2783 198
24.2212 240
24.4355 209
24.8406 93
24.9544 240
26.3291 203
27.3103 169
28.7999 189
29.6409 171
30.3427 118
31.7942 1
1391
9.9989 133
11.6159 139
12.0278 213
12.7406 152
14.4908 114
14.6989 92
16.2368 91
17.0119 108
17.1162 245
17.4269 115
17.6774 104
17.7009 203
17.8647 170
19.034 168
19.6746 234
21.7116 146
22.4843 209
25.6817 190
26.6715 246
27.2574 143
27.9726 116
28.5863 1
889
10.854 238
12.0327 209
12.1245 247
16.4466 194
17.7365 105
21.7058 179
24.9008 105
24.9199 135
27.774 162
28.0417 1
3129
10.7198 148
10.8566 102
10.9599 191
11.012 99
11.7216 131
12.2118 109
12.4096 233
12.607 133
14.2339 162
15.4005 218
15.8769 234
16.5564 204
17.0574 111
17.5574 116
17.6829 163
17.7085 205
18.1089 202
18.4099 197
20.1869 189
20.237 113
20.4389 109
20.6548 187
20.7343 181
21.1509 212
21.4852 125
22.941 211
23.6002 118
24.4921 98
24.6089 222
24.8602 242
24.9763 86
25.0237 223
25.7226 178
25.8526 90
27.5809 247
27.8799 139
28.5671 240
28.8884 228
29.1822 207
29.6871 108
30.1495 114
32.1701 123
32.3821 226
32.3961 213
33.4616 171
34.3174 90
34.3653 1
2913
10.8255 131
11.611 223
12.5797 161
14.8417 119
19.2847 187
23.6476 247
23.6601 166
24.0037 196
24.2699 116
24.8134 136
25.0452 164
27.3588 227
27.5291 86
29.2578 184
29.8903 230
30.0458 104
30.8094 129
31.6485 159
33.4568 231
34.8926 135
35.4645 1
1959
10.7325 88
11.0847 85
13.092 121
14.2866 118
14.479 201
15.5848 195
16.3009 167
16.367 188
16.8131 86
17.1573 89
17.2197 182
19.5687 146
20.7388 234
22.333 134
22.428 84
22.5588 224
22.7756 224
23.063 223
23.5854 183
24.9676 185
27.3362 208
29.5462 1
1056
10.6277 163
11.8868 162
12.9011 169
13.2997 208
19.2388 143
19.665 167
25.4747 248
26.0501 157
27.948 179
31.3319 1
4105
10.9122 157
11.44 105
12.3729 129
12.4881 223
12.545 123
12.7587 196
13.0315 213
13.5392 124
13.6517 141
14.2626 102
16.146 125
16.2291 114
16.3626 115
16.6275 219
16.9473 124
17.1058 229
17.3553 188
17.3901 182
18.3606 152
18.9276 226
18.9958 163
19.318 241
19.6357 147
19.6802 226
20.4313 181
21.1579 243
22.1911 182
22.2976 103
22.5151 95
22.5583 230
22.7884 108
23.157 100
23.1992 156
24.6346 114
25.8111 105
26.578 190
27.7828 193
28.3205 124
29.2782 149
29.2871 215
29.5602 113
30.1089 184
30.2001 167
31.6357 123
31.8509 137
32.2118 138
33.189 1
3379
10.9377 134
12.8779 218
13.3455 203
15.1019 162
16.3092 148
16.4994 90
18.0526 162
19.9349 232
21.179 184
22.5794 121
22.8225 92
23.1462 192
23.9896 148
27.2694 245
27.39 159
28.0271 205
32.032 91
32.9496 189
33.5012 206
33.5743 220
35.0371 1
2417
9.4826 201
10.69 150
11.6368 249
11.8591 107
13.5787 222
16.4 226
18.4882 117
19.4089 91
20.0745 111
20.4594 103
20.6632 159
21.2822 96
21.3617 137
21.3869 139
24.0611 96
25.9593 174
26.194 238
26.8054 86
27.8005 210
28.0041 195
28.0698 157
30.0043 1
1352
10.1359 133
10.6919 102
12.9392 205
19.5459 169
19.8427 168
24.8682 109
25.1394 127
26.7777 189
28.9815 210
30.6789 1
5161
9.3094 235
9.3237 242
9.4125 155
10.5723 140
11.2512 97
11.4257 236
11.5398 169
12.8064 204
13.5029 169
14.1967 106
14.9226 233
15.1461 131
15.5058 105
16.945 239
17.0945 207
17.7245 239
17.7905 196
18.4554 129
18.6787 183
19.1213 224
20.7722 163
21.6683 88
22.3838 104
23.2153 223
23.7575 207
23.7891 112
23.8139 127
24.1256 84
25.5098 111
26.3356 232
26.8944 166
27.0703 197
27.3479 201
27.7453 172
28.4192 210
28.6951 211
28.9084 110
29.1226 164
30.3202 173
30.5447 181
30.5758 159
31.7922 214
32.033 112
32.1064 230
32.6219 186
32.7532 170
33.8435 1
3677
10.3235 203
10.3996 129
11.7799 158
12.0599 205
14.7241 170
17.2935 158
17.3504 221
17.9574 247
20.2108 245
23.4336 193
23.4781 212
26.0835 89
26.0879 109
26.1272 144
26.3992 212
27.8334 121
29.7499 139
30.5695 92
33.1199 161
34.2912 114
35.3209 356
2752
9.1009 154
9.3318 109
10.3061 184
10.5849 143
12.9056 180
13.6496 192
16.4543 116
16.8016 185
16.9611 83
17.2425 248
18.0503 114
18.9381 238
20.3329 142
21.6271 234
21.8732 137
22.0927 156
22.156 153
23.9835 124
24.0428 149
26.5726 183
28.6061 213
28.9053 1
1603
11.5531 196
14.9658 142
15.5907 117
16.5162 119
16.6878 121
20.0382 85
23.1625 145
27.9564 92
29.4918 219
30.6176 368
6089
8.0632 101
9.03 197
11.2318 177
11.3097 222
11.4428 126
11.5663 113
12.1442 209
13.091 213
13.2354 116
13.2892 104
13.9784 202
14.1186 112
14.4487 102
14.9672 121
15.4343 143
16.234 135
16.4036 175
17.4832 205
17.7584 139
18.1783 189
19.3201 130
19.4194 199
20.5109 186
22.0831 159
22.1907 117
24.3662 235
24.5169 157
25.7173 210
26.2652 201
26.7 224
27.1712 203
27.6923 145
27.7601 109
27.8472 163
28.0205 198
29.778 223
30.0377 172
30.4551 150
30.6514 235
31.1032 190
31.4188 85
31.5334 152
31.8376 174
31.9247 195
32.1024 213
32.3211 191
33.3042 1
4220
9.257 211
9.4472 126
10.1288 143
11.7991 156
13.2113 154
13.5254 174
15.2172 246
16.5312 147
17.1028 137
19.8186 171
20.2157 216
20.5794 105
21.5007 195
22.7833 245
25.3918 93
28.3912 105
30.3 239
31.765 170
32.2544 85
33.5631 152
35.1366 951
2810
9.8774 168
11.0355 244
11.6147 244
12.1241 231
15.3093 225
16.6892 227
18.4766 227
18.479 130
18.9695 180
19.3046 245
19.9463 202
20.0902 162
20.4519 119
20.5167 220
21.6092 179
21.6967 196
22.065 218
23.0515 214
25.4109 245
26.585 193
27.4325 108
27.8936 1
1535
9.464 184
10.6158 193
10.6955 143
13.9093 88
15.9123 98
17.8736 206
19.1832 239
19.3186 246
23.5393 98
28.3805 41
5976
8.4505 150
8.9616 106
9.2234 147
9.2515 153
9.894 210
11.5672 117
11.6698 146
12.2482 97
12.8297 161
13.5504 119
13.7529 136
13.9665 215
13.9904 89
14.011 222
14.5116 229
15.0913 201
15.4848 154
15.5846 166
16.2288 169
16.4888 161
17.6135 106
18.0475 184
18.7967 112
19.139 192
20.9906 126
21.6139 105
23.093 95
23.2258 190
23.4213 103
24.2903 153
24.7371 169
27.1007 219
27.3907 100
27.8428 139
27.8484 154
28.2359 241
28.4147 147
28.6574 230
28.7037 166
28.8624 239
29.029 168
29.0335 133
29.6979 184
30.1039 247
30.2743 86
31.3978 168
32.2278 1
5576
8.9177 99
10.1247 90
10.6553 139
11.2274 183
12.2759 224
14.2748 101
14.4317 90
16.2511 226
17.3236 168
18.1682 138
19.0396 121
19.8244 205
20.6453 150
21.6562 152
23.0268 244
24.2724 182
25.6634 223
29.864 238
32.367 243
33.737 198
35.8337 2163
3057
11.4291 242
11.8737 189
12.7905 106
13.4952 118
14.8252 226
17.1171 220
19.1407 120
21.139 94
22.3399 227
23.0358 89
23.1495 102
23.1804 189
23.3265 201
23.4619 174
23.7802 241
24.168 236
24.1963 154
24.3495 112
24.3806 202
24.3891 152
25.6555 149
27.3882 1
1667
9.7902 233
10.4387 243
17.0039 147
20.257 224
22.5149 188
24.5708 115
27.1949 203
27.9939 177
28.9348 128
31.126 10
6642
8.9891 150
9.4198 170
9.9577 166
10.3713 241
10.689 210
11.1989 98
11.2045 192
11.3298 204
11.4055 193
12.0174 243
12.9883 220
15.0282 243
15.3519 198
16.4435 200
16.812 248
17.1343 211
17.19 230
17.7478 112
18.3899 165
18.5244 242
18.9271 179
19.1567 140
19.2106 203
20.5726 213
20.6662 118
21.6458 132
22.0616 203
22.9567 137
23.178 162
24.1953 183
24.8333 211
25.0698 114
25.5909 178
25.8363 162
25.972 97
27.2501 148
28.4386 147
28.8441 162
28.8609 247
29.06 197
29.1831 163
29.618 218
30.3702 207
31.4537 160
32.0942 237
32.1676 90
32.3747 1
5621
11.5272 209
12.9805 131
16.6648 121
16.6943 231
18.1629 222
18.5106 120
19.4843 164
19.569 119
20.7407 142
21.5376 176
21.8367 148
23.6143 186
26.1628 217
26.4474 97
27.0122 207
28.7229 116
28.9969 163
30.2338 181
30.7064 244
31.3431 191
31.4724 2237
2545
6.1276 161
7.8169 106
8.3107 192
10.5035 150
10.661 206
11.9823 168
12.088 178
12.523 147
14.5844 161
15.3176 183
15.5211 170
15.923 228
15.962 248
17.6547 169
17.7737 134
19.6963 104
20.144 92
21.7015 112
21.8365 121
22.4714 236
24.8411 167
26.0046 1
1677
6.5378 139
8.2091 166
11.9817 177
15.03 240
16.5364 173
17.8521 216
18.3205 160
23.4005 243
24.7896 96
28.658 68
6572
5.6388 83
5.7339 203
6.2585 242
6.793 159
7.7989 92
8.757 175
9.1363 227
10.3072 183
10.3354 180
12.2524 195
12.9005 130
14.0171 246
14.0735 203
14.4046 229
14.4591 101
14.7155 178
14.7614 137
15.271 215
15.4512 242
15.7044 233
17.0536 234
17.264 227
17.9933 207
18.05 247
18.815 218
19.3062 183
19.3548 122
19.5825 201
19.9927 237
20.8008 224
21.3467 130
21.6892 228
22.4641 174
22.8141 210
23.1205 126
23.3067 118
23.5946 196
24.6603 245
25.154 113
25.4947 150
26.4253 165
27.3105 236
27.9854 106
27.9953 107
28.5676 247
28.5944 183
29.9847 1
4276
5.6452 142
8.394 184
8.6924 135
8.8793 179
10.1669 175
10.299 233
10.3659 214
11.8587 202
12.2116 156
12.5216 161
12.9149 192
14.5966 154
17.0008 93
20.5822 210
22.3115 174
23.1826 240
25.031 164
25.8309 217
28.5632 185
30.3495 131
30.5875 736
2191
3.9387 137
4.2538 86
4.8471 92
7.2032 137
7.2903 205
7.3667 130
8.3398 231
8.7398 94
9.1593 196
9.2434 151
9.3855 205
11.7335 208
11.9782 181
13.7605 156
15.5683 186
16.1155 242
18.2269 93
18.2991 220
18.4195 169
19.2554 90
21.1162 124
23.4789 1
1168
5.0167 230
6.5113 190
6.8489 111
17.096 215
17.3607 225
17.9608 120
18.0142 153
24.4296 196
25.5337 175
26.6395 1
3802
3.9 176
4.7433 166
4.8323 170
5.802 161
6.0139 184
6.6285 117
7.0718 126
7.5016 134
8.7916 126
9.082 104
10.0949 148
10.1198 202
10.368 152
10.546 186
11.3146 125
11.9881 132
12.1757 151
12.7251 184
12.8834 209
13.1189 227
13.5236 202
13.5802 154
13.6306 93
13.9921 242
14.3436 226
14.7973 192
15.5087 180
15.5754 122
15.7311 171
18.7921 186
18.8116 172
19.2469 196
19.5716 160
19.8312 165
20.2562 211
20.3913 131
20.8176 128
21.9666 120
22.9366 90
23.4402 101
24.196 95
24.2785 198
24.3839 142
26.4823 111
26.7933 152
27.2843 114
27.4476 1
3332
4.5317 221
6.801 158
7.0061 108
8.4727 128
9.3211 95
9.5669 248
10.3101 222
10.5396 179
10.6473 88
11.1866 120
16.1211 87
19.1259 118
19.2452 128
19.7195 98
20.3991 240
20.5844 99
22.3725 89
22.8435 146
25.7799 149
29.1129 113
31.0263 499
2179
2.1594 151
4.7667 216
5.014 202
5.16 95
6.036 103
7.6725 171
7.8052 97
8.465 151
9.0299 209
9.654 214
10.7425 220
11.5704 143
15.7457 85
16.8037 141
17.7232 153
17.7948 246
19.4681 249
21.3037 220
21.4582 248
21.4674 189
21.5265 93
21.69 1
1110
5.6643 140
7.1033 115
13.1222 93
13.3524 183
14.6856 189
17.9304 124
18.4694 236
19.5488 160
23.1125 130
25.4005 1
4172
3.4383 235
5.2225 152
5.6307 118
5.979 133
6.2343 182
6.6361 105
8.3991 86
8.8117 165
10.4041 124
10.4407 136
10.9247 179
11.1006 182
11.1487 239
11.1557 108
11.1846 100
11.6959 183
12.081 101
12.1874 131
13.3372 222
13.6993 169
13.9076 182
14.3252 90
14.8259 168
14.9538 195
15.1046 237
15.642 231
15.9127 133
16.9559 156
17.6418 125
19.4508 159
19.8606 208
20.0329 180
20.1437 215
20.2501 187
20.3384 86
21.7103 229
22.5631 152
23.0193 173
23.9371 208
24.2568 137
24.4305 95
24.504 243
25.5211 154
26.0075 230
26.6256 234
28.1531 115
28.7496 1
3221
2.5705 88
3.9336 245
4.2584 186
5.2856 108
5.3943 161
5.5225 95
5.6853 142
6.2454 216
8.7418 217
9.8561 179
20.3764 203
20.7194 191
22.0118 159
22.2223 108
22.8596 229
23.862 90
24.6941 101
25.7788 224
25.9483 132
26.1584 243
28.9554 1
1563
2.7321 150
2.9279 104
3.5179 133
4.7605 222
4.8756 108
5.6246 220
6.8604 108
7.2811 198
9.2066 232
10.547 214
12.3517 97
12.9916 183
13.0953 191
13.2921 238
13.5992 173
13.6271 110
13.7324 87
18.4458 167
18.5345 221
18.7777 168
19.1093 225
22.4989 1
1174
4.6527 135
5.9725 238
8.3702 87
8.7136 192
12.8704 149
14.8097 130
15.53 160
18.9959 215
21.3724 158
22.5687 1
3578
0.6387 165
0.6637 205
1.5991 119
2.6426 104
3.1383 241
3.4147 247
3.8028 243
5.7421 151
6.3927 174
8.2782 175
8.3042 224
9.8961 171
10.1347 165
10.7247 122
10.9598 145
11.3126 218
11.8126 156
12.3215 243
13.6598 166
13.9213 224
15.847 185
15.8731 164
16.1845 195
16.2035 144
16.9451 221
17.1883 177
17.2889 149
17.5169 170
17.5361 179
17.6695 114
17.8628 136
19.2012 197
19.346 87
19.5906 213
19.984 190
20.0746 223
20.0808 165
20.2483 158
20.3533 112
20.9957 242
22.8279 223
23.078 212
23.7531 109
24.1509 135
24.5044 177
25.1276 213
25.9438 1
2896
5.0801 153
5.8984 233
6.3558 152
7.8575 241
7.9792 204
8.5892 83
11.4568 120
13.666 204
15.1025 91
15.6169 186
18.4807 193
19.2954 199
19.4008 120
20.6153 222
21.7462 227
22.7968 108
24.4509 162
25.4394 242
25.6405 96
27.5102 169
27.5881 1
1384
3.038 219
4.6599 236
6.4388 129
6.7451 218
6.8081 108
7.3113 163
7.5257 176
8.8831 232
11.059 225
14.6223 123
14.8885 134
16.7119 183
16.859 148
17.016 199
17.4609 145
18.1489 216
20.0134 120
20.3317 118
21.1076 109
21.7111 241
21.9164 146
24.0559 1
937
4.5732 232
5.9977 184
7.0621 221
9.9749 134
10.4829 171
12.105 110
12.6982 115
16.0147 126
17.3649 85
25.6586 1
3997
3.6293 162
4.0547 229
4.2165 171
4.3574 188
4.885 131
5.448 194
5.4561 186
5.7759 108
6.5894 111
7.0338 131
7.5166 162
7.69 248
8.0275 141
8.0973 214
8.2487 195
8.3562 135
9.5045 203
10.092 159
11.1199 206
12.2956 236
14.1055 130
14.7948 149
14.9305 147
16.0145 213
16.5749 244
17.349 110
18.1628 161
18.9412 230
19.2793 103
19.4338 119
19.7443 93
21.2802 114
21.4432 154
22.0856 102
22.4074 155
22.4797 206
22.5285 216
22.5832 223
23.0461 184
23.6828 227
24.0334 222
24.0563 99
24.3122 197
25.0247 127
25.795 87
26.0055 119
26.2694 1
2734
3.3463 241
4.1022 123
6.1138 107
7.963 135
8.1869 238
8.7474 95
10.2553 147
12.2992 167
12.7961 163
16.7274 209
17.2398 134
18.5174 194
20.2906 230
22.2673 153
25.5062 152
25.7324 160
26.0301 102
26.7865 190
27.5356 214
28.7246 191
28.9691 1
1524
4.0988 109
4.7385 127
4.9835 171
7.0065 97
7.3595 143
8.0713 189
10.0894 241
10.369 131
10.5173 162
11.7051 140
11.7651 89
13.0549 201
13.4101 207
13.9114 118
15.3041 214
16.4671 219
17.6709 102
22.2281 160
22.3523 240
22.4555 109
23.115 110
23.7323 1
1040
7.0812 245
7.7122 242
9.833 134
11.3173 111
13.8712 206
16.7835 215
17.344 216
18.7234 121
21.8271 158
21.935 1
3521
3.8772 93
5.6375 193
6.5613 240
7.7714 140
8.7339 195
9.6291 124
10.2916 128
10.3834 232
11.1692 88
11.1915 101
12.3671 144
12.3789 101
13.1668 172
13.2031 158
13.4168 161
13.4331 111
13.7243 106
13.8582 161
14.2058 117
14.4647 235
14.7019 221
15.1752 214
15.7141 155
15.917 249
15.994 170
16.048 177
16.3337 187
17.1438 222
17.1538 218
18.0073 216
21.5768 116
21.9469 139
22.4687 116
23.5108 127
24.0903 171
24.1454 156
24.4755 121
24.7077 133
24.8661 85
25.8176 205
26.2721 124
26.4924 98
26.7923 137
28.6616 233
28.7915 200
29.228 105
29.3188 1
2429
7.1576 85
8.1529 89
10.2415 107
12.9841 157
15.5867 241
16.3656 115
16.3894 101
21.3856 194
22.3957 129
22.925 90
23.1225 127
24.2475 116
24.2895 225
25.2986 140
25.3114 199
27.1187 248
27.1424 101
27.7755 114
28.5915 196
31.3058 207
32.1586 1
2337
4.8131 113
5.7712 86
6.1417 220
6.5954 202
7.0853 248
7.398 207
8.2162 201
8.6304 139
11.1985 239
13.3411 237
13.95 192
15.5027 207
16.131 157
17.802 87
18.0388 147
18.3779 131
18.4864 214
19.3628 201
21.3147 222
22.2488 92
22.8819 193
23.9278 1
1195
5.5631 168
5.7542 223
8.1042 239
9.2295 213
10.5707 127
11.7091 152
15.1547 120
15.9675 125
16.7941 130
17.9078 1
4764
3.9749 177
4.581 87
6.0999 189
7.3847 133
7.4652 100
9.1055 204
9.787 113
11.5452 183
11.8406 108
13.0523 149
13.4927 100
13.624 122
13.6625 243
14.7803 213
14.9181 211
15.3136 248
16.1735 242
16.71 146
16.8556 95
17.4841 83
17.9213 141
18.2526 96
18.3071 195
19.2944 126
20.7505 144
21.3461 127
21.4359 114
21.6452 199
22.3836 199
23.6737 240
24.2159 177
24.2488 158
24.3606 181
24.5488 123
24.5959 223
25.5237 187
26.0111 226
26.1794 234
26.2824 243
26.4703 113
26.5727 178
26.645 174
26.9636 182
27.9687 146
28.486 152
29.5526 222
29.7083 1
4250
6.4918 140
6.6852 123
7.8276 154
7.9806 193
8.4701 228
8.5382 105
8.8966 183
10.5802 108
12.8862 246
13.6374 150
13.8581 177
14.897 148
17.2809 118
21.0309 214
21.7271 124
22.2469 129
22.6028 109
22.9219 87
24.7384 176
26.3514 234
29.6616 1105
2386
6.2288 153
9.3757 221
9.506 233
9.5843 225
11.3085 151
11.3335 107
12.5483 130
12.6336 133
13.7414 179
13.9004 249
13.9311 200
15.0509 188
15.8164 116
19.2876 89
20.1299 216
20.5686 195
20.605 152
21.5012 238
21.6303 83
21.853 171
23.5179 112
24.0551 1
1751
5.8409 200
5.907 219
9.8646 112
11.7577 237
15.5356 136
16.4502 242
19.2992 142
24.9298 164
26.8371 194
27.1634 106
5558
5.5597 114
6.4664 227
6.5267 89
6.6417 108
7.5095 159
8.6147 206
8.6624 169
8.8413 154
10.0653 229
10.086 96
10.8636 218
11.5367 197
12.0065 151
12.5142 94
12.5889 233
12.9644 132
13.0722 223
13.2802 182
14.6414 141
14.7141 100
14.8987 245
15.7728 86
15.8174 148
16.4879 155
16.7424 112
16.8414 139
18.1044 118
18.1394 155
19.1681 126
19.3374 213
20.0979 198
21.1153 135
22.0035 248
22.5187 100
24.124 169
25.2145 177
25.5761 221
25.6532 196
26.0652 122
26.1683 181
26.2636 113
26.4802 102
26.6513 120
29.1229 176
29.5187 91
29.5759 85
29.7161 1
4372
6.2233 199
8.2741 206
8.5611 210
8.6638 216
10.6598 139
11.6771 192
11.7169 204
11.81 221
14.4812 109
14.9957 152
17.131 153
20.4614 208
22.1418 91
22.6229 135
23.3503 84
24.2521 238
25.2785 205
28.1617 227
30.6303 150
31.7822 176
32.9627 858
2675
8.5399 201
8.6534 95
9.399 97
9.6212 100
11.4525 179
13.8825 162
14.1973 183
15.1948 232
17.1406 99
17.6084 226
17.8365 171
18.3046 147
20.3636 182
22.1211 218
22.2858 187
22.4417 147
22.5218 161
22.566 152
23.4011 225
24.4322 170
24.8959 195
28.0015 1
1857
8.7346 189
11.8104 223
13.559 168
16.6634 221
18.2558 86
19.8541 182
23.6102 168
28.6705 133
28.8546 233
29.3412 255
6055
8.0462 133
8.8503 167
9.4243 143
9.6181 210
10.1357 110
10.2178 88
10.2391 148
10.2524 208
10.8134 220
11.0076 127
12.2939 98
12.4084 214
13.411 213
14.2456 146
14.8879 216
15.7784 236
15.7989 135
16.8596 201
17.2995 157
17.695 226
18.1235 136
18.5393 87
18.7039 240
18.9782 109
19.086 109
19.2384 207
19.6883 106
20.3647 153
22.1498 128
22.8256 227
24.295 154
24.992 229
25.0588 220
25.9318 141
26.1643 112
26.3136 209
27.9349 238
29.1624 213
29.3087 160
29.419 226
30.1061 218
30.5065 127
30.6237 179
31.7914 168
31.8097 185
32.2009 221
32.9516 1
4874
8.7886 106
9.3276 117
10.5306 228
11.736 85
12.9095 197
13.0993 151
13.8905 163
15.5804 147
17.6104 232
18.0579 221
23.1682 134
24.8454 157
25.4667 200
26.0786 125
26.4332 219
28.1503 175
28.571 95
30.2812 169
31.459 236
31.524 225
34.0783 1493
3134
10.3219 215
11.0663 140
11.9558 109
11.9964 215
14.2527 128
16.9736 105
17.4612 172
18.026 193
20.4654 208
20.4729 207
20.8615 190
21.2201 189
21.6575 103
21.8618 206
22.7981 182
22.8648 129
23.9763 191
26.5571 143
27.5117 227
27.7726 113
28.8825 184
29.0236 1
1761
12.52 212
13.3585 89
17.3959 154
18.5441 130
19.7134 217
21.3401 194
24.8521 127
27.2442 199
27.6474 92
28.1309 348
6397
9.6308 222
10.0832 163
10.1651 114
12.1975 192
12.3134 166
12.5809 194
12.8915 135
14.0794 151
14.6669 129
15.1313 150
17.653 104
17.8548 113
18.4201 179
18.734 135
18.8703 103
19.0688 86
19.4129 105
20.3037 210
20.3095 203
20.3323 196
20.7739 206
21.7812 142
22.1967 230
22.6913 195
22.7428 184
23.0264 100
23.036 179
23.4292 102
24.022 182
24.0708 157
24.3734 245
25.6381 134
25.7293 181
26.1736 247
26.7263 111
26.9674 150
27.1849 161
27.9718 129
28.0783 175
29.3315 115
30.0853 195
30.8729 205
31.3078 142
32.1149 246
32.4693 117
32.5976 199
32.6663 1
4616
13.2833 172
13.7086 111
13.937 191
14.879 89
15.1801 176
16.4535 215
20.447 232
20.9183 238
22.651 170
24.9053 107
26.1428 138
26.2119 207
27.2233 110
27.357 169
28.2127 152
29.1426 119
30.5525 153
31.9486 119
35.0386 208
35.7288 165
36.6641 1376
2825
10.6149 112
10.6186 223
10.7767 90
11.277 147
11.8443 92
14.0538 119
14.181 110
14.282 198
15.2344 163
15.5202 137
15.8429 220
16.4629 120
16.7305 152
17.6577 159
18.9673 97
22.814 231
23.1472 190
27.0848 225
27.4154 94
27.9325 204
28.2118 239
28.9861 1
1711
12.1171 168
14.0673 114
15.0491 240
22.6156 232
23.9119 177
25.8724 217
27.6757 166
29.1766 111
29.8523 139
31.0622 148
6113
10.0031 146
10.8721 136
11.0805 132
11.3689 225
11.4611 239
11.6249 163
12.0143 93
12.4008 87
12.5502 223
13.1608 245
13.902 130
14.4756 201
15.1556 219
15.4826 86
16.5014 249
16.559 239
16.7433 120
17.4893 232
18.1605 93
18.3922 153
19.3141 232
19.9314 118
20.4386 121
20.8728 136
20.9779 207
21.7147 118
22.166 207
22.4809 167
22.5902 249
23.7985 219
23.8176 225
23.9548 88
24.6032 126
25.4651 108
25.5549 223
27.167 195
27.4614 181
30.1217 146
30.6059 164
30.662 156
30.743 87
31.7747 144
32.4269 139
33.158 226
33.3821 154
34.3268 197
34.5567 1
5149
9.6609 114
12.1964 120
13.6184 123
13.9486 114
14.3227 204
14.9773 102
16.3458 222
16.8426 123
19.1712 112
22.6891 128
23.0916 186
25.7434 131
26.4984 187
27.151 133
28.1047 99
28.3963 204
29.0011 130
29.4796 203
34.7839 89
36.4097 115
36.691 2311
2606
11.1824 160
11.9676 248
12.4459 145
13.5902 209
14.2187 169
14.7045 160
14.7197 153
15.8648 93
16.0049 169
16.1942 125
16.9447 155
18.9014 136
19.0851 130
19.6216 149
19.9073 201
20.7808 204
20.9807 122
23.0192 167
23.2341 154
23.8617 158
28.0239 227
29.0875 1
1695
13.3413 199
14.2475 98
14.4484 194
17.6803 94
21.5206 96
25.1169 178
27.3264 196
28.8235 87
29.446 99
31.5694 455
5744
9.338 209
10.5241 188
10.851 218
10.9193 94
11.2951 158
12.5718 150
13.2067 140
13.9047 100
14.9676 104
15.5444 238
15.7183 105
16.4111 227
18.1462 128
18.6981 191
19.212 244
19.5919 182
19.9551 87
19.9936 200
20.3583 208
20.4757 104
21.4684 247
21.6898 161
21.9239 117
21.9393 144
22.4774 161
22.9811 144
23.4018 204
23.4784 194
23.8854 120
23.9346 137
24.2007 208
26.2107 173
27.6114 132
27.9782 171
27.998 140
28.1097 96
29.0969 104
29.8805 174
30.3795 219
31.5035 123
31.9731 173
32.0148 166
32.7915 199
33.0555 219
33.1731 150
33.5441 221
34.3661 1
5756
9.4233 219
10.6329 233
12.4215 206
13.8867 200
14.3208 242
16.576 216
17.5044 216
17.7479 247
19.2903 173
22.232 119
23.0144 215
25.58 192
26.6914 201
27.994 213
30.6969 110
30.9042 141
33.204 171
33.2373 247
34.5005 91
35.1889 97
35.3308 2008
2581
10.2906 203
11.352 134
12.0068 244
12.7751 198
13.5658 132
15.7131 125
16.5336 129
17.719 217
21.1791 89
21.7602 99
22.4684 157
23.5084 134
25.1077 130
25.4247 183
26.4477 118
26.7378 84
27.5642 236
27.6992 90
27.7507 249
27.7556 229
28.8657 190
29.303 1
1756
10.6251 116
11.2279 248
15.565 182
16.9902 155
18.7562 96
18.8669 248
21.6719 229
25.8865 90
30.0795 93
31.9215 300
5312
9.6136 126
10.5661 147
11.5078 83
11.7447 90
13.2881 87
14.3241 108
14.3413 171
15.4221 93
15.7107 104
15.7263 222
16.0728 238
17.2292 238
17.3297 221
17.8478 226
17.9234 128
18.0863 196
18.217 183
18.4671 199
18.7424 193
18.9393 156
18.9619 206
22.3209 198
23.0274 198
23.0955 149
24.3117 135
24.4968 230
24.9123 183
25.8254 244
27.3247 220
28.6331 98
28.8943 88
29.2412 174
30.293 101
30.5272 92
30.5687 93
31.1912 141
31.1964 220
31.8357 169
32.2097 189
32.4924 154
32.5868 99
32.6509 200
32.7953 181
33.4296 140
33.5795 182
33.7973 237
34.8931 1
4566
10.2793 170
10.3798 114
11.7675 117
13.6792 185
14.9542 148
15.1175 208
17.1356 204
18.2668 95
18.8053 124
19.8608 238
21.0218 133
21.1834 91
22.2445 189
24.9952 119
25.0277 93
29.8345 144
30.0961 229
31.5157 156
34.205 220
35.4086 200
37.4018 1390
1891
9.0357 197
9.4854 216
10.6145 184
10.7887 156
12.4815 229
13.2429 190
13.2459 102
16.3469 147
18.0263 114
18.1926 187
18.3837 164
19.3883 93
19.4798 121
22.6234 174
23.7307 163
24.3024 236
24.4307 98
24.5802 244
27.1582 214
27.2399 214
27.9725 133
28.8023 1
1333
9.4156 160
10.9853 212
12.8218 247
13.4305 90
14.4517 153
17.3246 191
21.237 125
25.113 209
31.145 145
31.6977 1
4620
9.6706 177
10.5467 212
10.8832 181
11.0105 191
12.1109 132
13.2888 151
13.6765 178
14.2774 171
14.3595 242
14.374 137
14.8736 238
14.884 227
16.0096 99
17.6516 246
18.1986 191
18.7017 217
19.1098 135
19.1775 90
20.4965 148
20.5821 232
22.056 96
23.3596 117
24.3618 237
24.57 225
25.4298 198
25.6704 114
26.014 247
26.9975 139
27.0761 115
27.8197 228
27.8751 215
27.89 215
28.4348 207
28.5814 157
29.0295 172
29.1657 189
29.5089 173
29.9923 131
30.3838 241
31.2027 136
31.2248 206
32.0785 138
32.7837 187
33.349 181
34.0884 156
34.2495 86
34.3682 1
3828
12.6632 179
12.8787 126
14.024 220
14.2989 124
17.0928 131
17.7808 146
19.5301 146
21.7233 170
23.0668 123
24.4964 124
26.563 179
26.8194 221
27.5197 131
28.0823 212
28.5902 156
30.0813 204
30.4084 244
31.4682 105
35.7383 120
36.086 118
36.3598 650
