24 200 20 4
0 1 0 1 
1 0 1 1 
0 1 0 1 
1 1 1 0 
0 862 0 940 
862 0 887 779 
0 887 0 1057 
940 779 1057 0 
47 29 61 63 
3891
10.1834 228
10.4719 113
11.0388 145
11.6293 131
11.6427 106
11.7659 128
11.8104 139
11.9704 144
12.9769 99
13.4455 212
13.8829 89
14.6017 128
14.7092 108
15.7514 180
15.9006 143
16.8851 247
16.9334 105
17.2252 102
19.2495 204
19.4347 238
19.6365 134
20.0801 225
20.2398 204
20.5515 133
20.9045 222
21.2388 133
22.2752 101
23.0164 176
23.692 163
24.0083 139
24.2908 215
24.44 218
24.7163 104
25.6187 102
25.6231 166
25.6968 89
26.463 139
26.9268 197
27.1454 109
27.1988 111
27.3899 177
27.5242 217
27.6379 248
27.7559 97
29.1736 217
29.4656 116
29.7257 1
2624
10.914 206
11.0164 133
11.5696 178
12.7674 138
13.7136 165
14.7782 126
16.5055 220
16.6877 211
17.1281 147
18.2665 147
21.3845 110
21.392 238
22.621 123
23.72 204
23.8363 138
24.3681 239
25.5056 163
26.5326 106
27.5293 231
27.5598 183
28.9828 97
29.3413 199
29.5729 218
30.4483 142
30.7937 89
31.0307 160
31.4522 159
31.6698 100
31.7249 1
5151
9.4844 109
10.365 241
11.216 214
11.499 155
11.7355 152
11.85 165
11.9083 226
12.0685 137
12.4944 125
12.5933 142
12.7794 103
12.986 198
14.1406 140
14.5199 113
14.6057 221
14.8193 121
16.2025 144
16.23 182
16.5266 107
16.5541 84
17.2326 192
17.3644 205
17.394 233
18.1377 207
18.1618 132
18.642 197
18.8911 238
19.3114 122
19.4327 107
19.9656 158
20.2709 162
20.5304 200
20.741 126
20.7816 88
21.0105 118
21.3701 139
21.8233 243
22.3288 132
22.4529 229
22.4681 175
22.5951 137
22.6819 181
23.0799 96
23.479 172
24.1345 134
24.3233 146
24.7381 107
24.8276 104
25.5839 120
26.0489 167
26.27 122
27.6789 114
27.8202 145
27.8949 193
31.3303 226
31.9355 183
32.0611 148
32.116 200
32.1819 105
33.8315 133
33.8423 1
6300
9.8197 106
10.1932 178
11.1507 115
11.6438 155
11.7374 202
12.794 147
12.9763 138
13.0299 191
13.2619 197
14.3248 108
15.0505 238
15.6297 107
15.888 135
15.9659 118
16.1316 114
16.1728 141
16.6526 246
18.4488 154
18.6396 165
19.8765 204
19.9061 215
20.6648 156
20.8371 117
20.9987 201
22.9059 233
23.1016 89
23.1466 188
23.3037 228
23.3238 143
23.6764 206
23.6905 195
23.8093 122
24.1903 132
24.3711 97
24.4725 227
24.8095 208
25.4367 211
25.8928 230
25.9717 151
25.9805 92
26.4564 199
26.7241 193
26.7719 191
26.8324 174
27.4318 205
28.4607 154
28.7845 158
29.4098 125
29.4873 162
29.933 139
30.4283 90
31.2627 92
31.9068 141
32.327 131
32.4474 84
33.2994 94
33.3385 154
33.5731 120
34.1457 184
34.3908 176
34.7161 120
34.7619 115
36.3842 1
3058
9.9321 115
10.2093 136
10.2125 131
10.2401 240
10.3367 118
10.3507 135
11.8162 207
11.8274 124
12.498 226
13.0766 194
13.2927 193
13.3467 121
13.6606 140
14.6616 110
14.7415 86
15.3273 178
15.4623 93
15.8381 188
16.2411 142
17.5904 165
18.5811 93
19.3435 123
19.3569 85
19.7573 240
19.7885 137
20.7064 219
20.9023 140
21.0895 193
21.1628 106
22.5827 236
22.9826 158
23.0876 107
23.2476 135
23.4511 191
23.9401 204
24.2121 213
24.4647 151
24.8622 85
25.1567 231
25.9887 172
26.1035 217
26.1998 246
26.2277 200
28.2846 209
28.7764 177
29.2069 103
29.2183 1
1816
10.313 203
10.9132 234
10.9798 193
12.1955 193
12.8 126
13.7649 185
14.0754 95
15.1831 238
16.499 129
17.407 221
17.8158 171
18.2002 94
18.2079 189
18.3279 179
18.4754 239
19.1374 188
19.7466 173
21.4468 147
22.1506 155
22.536 135
24.1036 85
24.2831 212
25.3934 219
25.6718 130
25.7191 126
26.4002 171
27.1851 136
27.3525 140
29.5086 1
3848
10.0179 177
10.314 177
10.528 129
10.7465 219
11.2908 149
11.4391 236
12.533 105
12.7522 97
13.2977 227
13.773 143
14.3061 95
15.4234 202
17.0875 194
17.7625 161
17.8489 135
17.9984 223
18.019 241
18.0819 87
18.3737 148
18.5756 104
19.0609 248
19.9546 189
20.5577 150
20.6602 107
20.7426 107
21.9429 227
21.9447 168
22.8727 110
22.8806 231
23.5023 234
23.5983 200
24.2399 202
24.4156 203
24.8104 204
24.8729 169
24.9646 220
25.0775 198
25.1237 199
25.9734 147
26.5921 113
27.1277 216
27.168 218
27.3407 96
27.8335 112
28.4636 127
28.4841 216
28.4964 137
28.6739 201
29.1951 213
29.5085 169
29.7034 159
29.9334 234
30.0111 209
30.0132 158
32.3571 108
32.6613 188
32.7474 112
32.809 168
32.9001 232
32.9966 135
33.3888 1
4976
9.98 177
10.1291 197
10.4524 201
10.9255 236
11.6507 143
12.1154 119
12.8218 149
12.8725 105
13.404 177
13.74 141
14.2409 99
15.4805 232
15.7559 124
16.3886 146
17.212 235
17.9115 123
18.0481 163
18.5659 236
18.854 94
18.9982 125
19.5668 129
19.8265 170
19.9861 173
20.1559 183
20.2316 212
20.2905 229
20.2978 129
20.4224 184
23.6172 227
23.6385 148
23.8346 187
24.5571 172
25.0603 225
25.2435 107
25.4154 148
25.8069 210
26.2023 204
26.2581 245
26.3725 155
26.4878 100
26.8885 159
27.1751 160
27.4316 111
27.5005 162
27.6937 109
28.1179 235
28.3044 227
28.9119 209
29.1367 102
31.0739 144
31.6347 107
31.754 142
31.8373 161
32.1674 169
32.9756 92
33.0659 229
33.3943 126
34.6119 203
34.7605 137
35.9407 146
36.0402 90
36.8184 175
37.0361 1
2789
9.5989 193
9.6529 180
9.8033 116
9.9875 88
10.7087 150
10.8982 199
10.9694 183
11.1775 202
11.1893 101
11.1906 162
11.883 141
12.5789 212
13.2048 228
13.2309 197
13.4548 123
14.0375 166
14.2746 246
14.3128 129
14.3734 84
14.7885 142
15.8961 242
16.0363 237
16.7541 98
17.3592 134
17.4462 153
18.0251 206
18.2395 243
18.4941 226
18.8505 107
19.6427 131
19.6789 116
19.7172 212
20.8498 193
21.9262 213
22.2126 130
23.4321 185
23.7229 221
23.7925 103
24.6053 142
24.982 227
25.2037 121
25.8348 201
25.9329 188
26.4377 143
26.5796 129
27.2167 244
28.9138 1
1653
10.3257 158
10.6924 141
11.1982 212
13.2498 151
13.6156 157
13.6285 230
13.688 175
14.0809 242
16.2635 212
18.0069 120
18.3962 123
20.3327 162
20.3633 106
20.8983 156
21.3336 143
22.9705 164
23.9996 238
25.4504 108
25.6129 221
26.7804 197
27.0922 114
28.8538 238
29.4005 188
30.5645 103
30.6158 93
31.2403 140
31.3461 139
31.3974 186
31.6566 1
3773
9.8038 118
10.2203 144
11.1296 91
11.1312 150
11.1456 98
11.826 151
12.0754 178
12.0758 214
12.1566 173
12.2481 188
12.424 242
13.6366 194
13.7199 171
13.7375 233
14.1701 134
14.5787 173
14.6368 94
14.8732 183
15.4131 204
15.5566 208
15.7427 117
15.777 185
16.1243 143
16.1958 97
16.2316 87
16.9975 217
17.0302 185
17.4591 227
18.0011 181
18.2487 242
18.551 144
19.0524 160
19.7948 101
20.1642 157
20.9697 229
21.0139 246
21.9015 147
22.3488 207
22.6145 237
22.7832 121
23.9049 181
23.9589 238
24.3948 90
25.2383 135
25.5165 180
25.6822 164
25.823 242
25.8602 171
27.5469 155
28.0925 147
28.8805 228
28.9389 102
29.2835 184
29.9344 238
30.284 105
31.8279 107
32.0845 88
32.4025 200
32.6843 124
33.7921 187
34.0027 1
3530
10.2193 214
10.5871 114
11.9331 246
12.2016 173
12.2878 113
12.8298 226
13.5741 203
14.273 237
14.4479 200
15.2373 109
15.9867 209
16.0311 104
16.4816 221
16.4838 196
16.4927 207
16.8969 170
17.1704 211
17.381 216
17.4562 225
18.293 201
18.7346 86
20.3677 160
20.6628 233
20.6785 116
21.7191 151
22.8298 146
22.9438 147
23.7625 147
25.753 170
26.1428 100
26.9498 225
27.0831 171
27.0879 232
27.2141 231
27.3144 85
27.3481 207
27.5534 123
27.9059 149
27.9167 195
28.1799 246
28.19 245
28.6753 193
30.3342 126
30.4442 96
30.8304 210
30.9433 180
31.3593 206
32.0868 225
32.1734 209
32.6399 92
33.1857 217
33.4024 198
33.7061 124
33.979 201
34.0839 232
34.404 193
34.425 183
34.5569 229
35.0634 131
35.7456 182
35.9306 141
36.0961 142
36.8477 1
2785
9.8271 243
10.0952 132
10.1131 204
10.2339 197
10.4624 154
11.3993 129
12.2591 101
12.354 142
13.6834 220
14.0543 216
14.2485 84
14.7155 184
16.1872 245
16.4015 241
16.8486 230
17.2707 151
18.3552 213
18.707 163
18.7135 87
18.9475 188
19.249 106
19.3949 200
19.4186 190
19.626 207
20.4032 120
20.4608 118
20.5057 235
22.0617 233
23.2105 91
23.7288 213
24.1246 105
24.3956 204
24.4421 132
24.6244 150
25.1772 245
25.1782 221
26.1475 174
26.3896 206
26.7579 157
26.8658 173
27.2915 176
27.333 233
28.3538 190
28.5643 181
28.8095 111
29.1747 98
30.0465 1
1504
11.1138 179
13.5138 118
13.5584 88
14.3353 158
14.5586 186
15.5667 220
15.8521 194
15.9373 185
16.0585 135
16.1197 137
16.7212 154
18.5722 211
19.3008 227
19.4339 107
19.5153 154
19.6135 122
20.409 146
22.2541 123
23.4925 125
24.4681 123
24.7494 180
26.5515 237
28.2998 145
28.3314 159
28.7198 182
30.6514 187
31.4833 107
31.6613 123
32.4604 1
3318
10.1037 99
11.2813 238
11.9218 135
12.2424 218
12.2796 227
12.5529 201
12.6606 211
13.5063 179
13.6129 237
14.36 184
14.4236 242
14.5579 229
14.8178 129
14.8266 109
14.9394 113
15.1996 241
15.2739 106
16.411 228
16.4202 126
16.6804 214
17.2415 107
18.4506 185
18.522 117
18.5331 106
18.9461 223
19.0099 151
19.0219 241
19.0665 116
19.6168 181
19.6902 141
20.2894 192
20.4532 196
21.0055 208
22.2278 206
22.5546 97
23.3797 203
23.6661 186
24.9223 198
25.2463 129
25.349 182
25.3749 120
25.704 231
25.7681 220
25.9128 206
26.1776 195
26.382 152
27.2142 107
27.4943 172
27.7947 167
27.9148 241
29.5526 194
29.8139 159
29.9692 193
31.0037 156
31.4197 239
31.7137 189
32.0548 129
32.6008 200
33.5025 100
33.8072 164
33.9672 1
3999
9.4142 206
9.449 102
9.5943 109
10.2037 156
10.3921 224
10.8815 153
11.5028 113
11.7807 89
12.0085 208
12.201 178
12.2572 196
12.3896 190
12.9504 99
13.2242 165
14.0208 169
14.1116 88
14.2479 201
15.358 216
15.6061 97
16.0862 219
16.4435 205
16.7338 126
17.0455 176
17.1301 145
17.3444 122
17.3772 103
17.3951 220
17.4218 240
18.3141 212
19.304 110
19.4404 165
19.6962 238
19.9171 123
20.8448 121
21.3792 200
21.4009 195
21.4375 228
22.0586 226
22.0942 244
22.1989 224
22.6258 218
22.6721 181
24.3273 112
24.5825 101
25.03 99
25.3007 186
25.5589 179
27.9267 126
28.3338 153
28.7062 90
29.0468 95
29.3288 220
30.7909 158
30.8229 141
31.1791 125
32.1791 151
32.5538 233
33.0736 246
33.0787 191
33.5235 118
34.6996 98
35.542 203
35.6071 1
3482
10.7622 167
11.1762 222
11.2746 114
12.3773 189
13.0665 84
13.6496 153
14.2258 240
15.2561 122
15.6967 141
15.8208 135
15.8499 187
15.8679 210
15.9968 161
16.0626 207
16.3002 233
16.4426 140
16.634 212
17.0116 114
17.5269 120
18.001 160
18.0447 190
18.1882 145
18.2149 186
18.5941 239
19.1812 131
19.3516 124
20.4982 246
21.3535 159
21.5182 169
21.6431 233
23.1005 116
23.3917 148
23.5747 199
23.6797 138
23.7601 105
23.8226 165
24.0406 231
24.7274 214
27.5302 229
27.7135 144
27.7165 116
27.804 117
27.871 164
28.1463 105
28.5452 98
28.8042 169
29.2634 1
2109
9.4732 98
11.6506 84
12.1732 134
12.6769 83
14.184 187
14.7974 109
15.512 182
15.6184 111
16.982 191
17.4133 180
17.796 86
18.1969 206
18.4626 105
20.896 100
21.5566 201
21.8446 184
22.3243 193
23.6312 116
23.7241 100
23.8399 164
25.9286 96
26.0477 162
26.3297 226
27.2555 247
30.0653 204
30.3589 111
30.81 100
31.4367 225
31.6322 1
3820
10.0831 121
10.1929 89
10.5474 209
10.6943 172
11.0042 212
11.5776 109
12.309 126
12.3296 207
12.411 127
12.6945 96
13.0419 139
13.6392 152
13.8604 211
14.4016 127
14.6558 192
14.8099 245
15.7185 219
15.7348 212
16.1587 113
16.93 144
17.031 241
17.6656 170
17.7066 102
17.8847 166
19.3457 228
19.3906 184
19.8834 95
19.9772 130
20.0239 198
20.5272 90
21.2712 84
21.4062 216
21.7721 109
22.3653 112
22.4429 150
22.4462 180
22.8141 219
23.0844 235
23.3611 88
23.7196 173
23.7768 225
24.0312 114
24.2472 228
24.4314 192
24.4397 181
24.9592 243
25.8913 243
25.9016 141
26.2906 102
26.4257 214
26.7899 153
27.4927 114
27.9159 227
28.1337 121
30.0604 196
30.1089 226
31.6814 217
32.139 207
32.1901 231
32.3758 233
33.1097 1
5039
9.4804 127
9.7373 217
10.5934 160
12.9455 143
13.0612 216
13.373 158
13.6499 124
14.4046 160
14.8186 104
15.2219 139
15.2268 119
15.4265 109
15.4974 172
15.5658 183
15.6332 204
17.0693 112
18.2054 193
18.2436 110
18.2835 238
19.4902 193
19.6145 249
21.2237 102
21.2752 136
21.3736 137
21.6156 138
22.0695 210
22.6169 83
22.7005 192
23.4777 133
23.5659 114
25.1158 224
25.6668 109
27.2849 242
27.5056 96
28.5586 170
28.6333 126
28.9206 200
29.7272 91
29.8667 207
30.1691 148
30.1838 163
30.2983 106
30.3247 106
30.8846 236
31.1609 108
31.564 103
31.7907 150
32.3544 231
32.9765 130
33.3934 179
33.6364 100
34.2157 225
34.4981 232
34.5551 223
34.7239 150
35.3539 112
35.9104 158
36.399 127
36.4481 139
36.4584 112
37.1484 217
37.168 126
37.1859 1
4943
9.4567 96
9.5279 238
10.6132 166
10.8196 167
10.9394 180
11.1272 114
11.5568 164
11.6026 163
12.194 124
12.4941 244
13.0716 102
13.0735 239
14.2322 169
14.365 200
15.1883 248
15.369 214
16.1002 203
16.1309 230
16.4041 181
17.5298 107
18.0019 118
19.1142 143
19.1274 100
19.7819 146
21.1633 104
21.5168 178
21.5264 170
21.5989 184
23.5115 210
23.57 178
23.9172 183
24.3665 99
25.2288 152
25.4886 248
25.6615 207
25.7269 114
25.8354 202
25.9416 113
26.2714 197
26.5372 129
27.8865 195
28.0714 111
28.3531 247
28.8353 139
28.8617 100
29.0682 98
29.7779 1
3238
9.7199 244
9.923 103
10.0965 205
10.2031 109
11.4271 218
12.4006 201
13.8836 186
14.6049 111
16.2189 150
16.4341 194
16.524 233
16.8959 96
17.3604 114
17.8428 148
18.4606 96
19.303 195
19.7044 124
21.5688 94
21.9584 137
22.1838 158
22.5757 176
26.2192 184
27.0989 99
27.2732 111
27.8264 232
27.9821 210
29.002 181
29.9354 91
31.5069 1
6645
10.7712 136
10.7983 153
11.4094 116
12.0355 168
12.4488 142
12.6329 124
12.643 88
12.785 165
12.8314 245
13.3626 91
14.0826 220
15.5325 139
16.0611 204
16.0881 177
16.9813 118
17.4921 116
17.704 132
17.9324 137
19.7513 205
19.8196 215
20.2268 113
20.3857 203
20.542 129
20.7791 240
20.8027 215
21.1713 101
21.4431 177
21.4441 215
21.7393 235
22.2993 110
22.5672 146
23.7953 120
23.9412 209
24.1562 104
24.6567 188
25.3321 230
25.4663 197
25.4874 143
26.0006 91
26.2723 185
26.276 121
26.3678 168
26.4277 164
27.3434 178
27.9783 96
28.1789 101
28.2493 229
28.4904 133
28.9591 136
29.0611 105
29.1147 243
29.8494 248
31.4728 186
31.7841 113
32.1957 152
33.0036 85
33.0178 214
33.4054 106
33.6711 169
33.7213 202
34.3961 1
6663
9.3177 168
10.2544 139
10.3957 248
10.4381 233
12.5223 126
12.623 213
12.7673 199
12.8288 94
12.8446 221
13.7708 216
15.2088 89
15.4152 99
15.5261 238
16.2369 130
16.5932 210
16.8668 125
16.8841 86
17.173 205
17.4552 189
17.5645 218
17.6027 204
17.6364 245
17.9655 234
18.393 202
18.3942 116
18.4806 148
18.6225 187
18.9784 172
19.36 149
19.5488 183
19.6081 173
19.9391 230
20.4661 135
21.3914 155
21.5439 98
22.09 104
23.251 192
23.4073 175
24.4703 243
24.7025 208
24.9897 143
25.0089 248
25.1322 97
26.6831 120
27.3611 155
27.3792 190
27.8371 199
28.691 131
30.1552 94
30.9228 129
31.6216 239
31.7145 118
32.0266 203
32.6926 158
33.3454 109
33.5436 83
35.1738 178
35.3473 196
35.6004 91
35.7534 144
35.8133 92
36.4019 120
36.8933 1
4916
10.0255 243
10.1078 102
10.1302 189
10.9116 146
10.9571 214
12.2012 190
12.2459 182
12.3503 89
12.686 87
12.9087 85
12.9902 244
13.1291 118
13.6931 112
14.2267 100
15.1382 210
15.9281 149
16.1615 92
16.4504 100
16.5618 93
16.5884 126
16.6479 170
16.7151 212
16.7965 179
16.8925 216
16.9319 138
17.2219 180
17.3649 127
17.5165 121
18.407 206
19.871 123
20.6813 170
21.3093 86
21.3159 219
21.872 136
22.045 170
22.1531 229
23.4859 202
24.7458 102
24.8102 123
25.7609 219
25.945 172
26.8091 135
27.4779 216
28.3342 123
28.592 165
29.3646 165
29.7702 1
3728
10.5016 93
11.7393 112
12.9373 226
13.0056 136
13.3549 167
13.7654 158
15.4534 178
15.7075 148
16.1506 202
18.1755 125
18.7386 241
18.858 159
18.9004 211
20.5108 163
22.4976 141
22.8931 208
22.94 135
23.2723 221
23.4208 165
24.8912 106
25.0396 117
26.0192 86
26.3356 131
26.5767 155
26.7026 205
27.0314 234
27.2822 120
30.7184 215
31.3207 1
7697
10.3235 201
10.5301 176
10.9329 187
11.4808 224
11.8948 243
11.9822 239
11.9942 217
12.0293 88
12.4956 204
12.7904 184
13.2504 215
14.3086 231
14.5524 181
14.9913 121
14.9979 154
15.0035 241
15.2346 97
15.5318 247
15.7543 125
16.6116 211
16.8708 140
16.917 203
17.26 248
17.6258 90
18.0501 104
19.0648 220
21.3145 218
21.3981 145
21.8429 139
22.2619 181
22.9599 236
23.1437 223
23.1546 181
23.27 172
23.6706 235
23.8182 101
23.833 186
23.9697 115
24.055 137
25.6991 175
25.8442 107
25.958 229
27.0244 97
27.068 88
27.7751 142
28.2717 229
28.3715 178
29.6725 190
29.7905 151
29.8199 139
30.0271 100
30.0399 203
30.9493 213
30.9852 128
31.0317 236
31.6633 205
31.8363 111
31.9309 235
32.4183 147
33.0502 116
33.0884 1
7400
10.1192 155
10.2642 195
10.5316 153
11.2301 184
11.3639 115
11.6571 89
12.8867 248
13.0046 193
13.0468 109
13.8192 165
14.4853 178
15.0765 106
15.9078 229
16.0676 147
16.5692 163
16.5857 159
16.7776 206
16.91 153
17.0322 211
17.3889 227
17.4674 121
18.5718 94
18.7613 226
19.4723 166
19.9178 139
21.047 220
21.0551 203
21.5126 123
21.687 168
21.757 128
22.4461 214
24.0256 136
24.0275 136
24.4785 223
24.5109 117
26.0611 99
26.8633 133
29.2966 100
29.3874 151
29.4492 172
29.4913 135
29.6735 152
29.6982 160
30.4137 224
30.9432 129
31.5746 239
32.1713 148
32.1947 94
33.2852 241
33.369 156
33.6457 99
33.9091 111
33.9724 103
33.9928 170
34.6702 127
34.7776 84
35.5661 148
35.749 87
35.8276 110
35.8929 93
36.3464 154
36.6221 232
37.5155 1
6682
8.2695 97
8.4228 188
8.9668 157
8.9936 236
9.3126 235
9.4867 182
9.8661 176
10.7677 215
11.751 192
11.9334 90
12.1214 120
12.31 205
12.4785 187
12.8603 151
13.1088 175
13.7368 89
14.4754 116
15.108 130
15.355 117
15.5035 92
16.0522 144
16.9919 204
17.3822 147
17.6693 89
18.1115 187
19.531 221
19.6889 157
20.3269 84
20.8555 154
20.8828 174
20.9534 240
21.4229 198
21.68 195
22.7324 144
22.8384 121
22.8523 210
23.1073 211
23.7879 166
25.5527 177
25.5576 203
25.6313 137
25.6732 193
26.5512 244
26.5694 228
27.1535 145
27.2986 138
27.9317 1
3829
9.1819 232
9.2867 241
9.9842 217
10.3986 163
11.0184 113
11.5008 220
11.5834 231
12.8156 155
13.209 133
15.8152 91
16.3088 234
17.4076 91
17.5293 153
17.6904 244
19.6666 98
19.8233 244
20.2389 161
21.6199 118
22.4947 127
25.7665 86
25.9915 162
25.9953 91
26.2692 86
28.077 241
28.6396 156
28.9575 247
29.4187 109
29.5895 218
29.8898 1
10125
8.0444 218
8.6152 191
8.9266 199
8.9312 130
9.1204 160
9.2315 245
9.9286 101
10.2879 122
10.4571 128
11.816 211
11.919 183
11.9333 204
13.0043 206
13.8894 231
13.9921 173
14.5213 144
15.3453 236
15.4745 127
15.9161 144
16.4132 93
16.6436 131
16.6646 248
16.8679 143
17.0479 227
17.4318 84
17.5839 164
19.5501 120
19.7557 96
19.7732 141
20.0086 193
20.0201 110
21.9569 189
22.0491 122
22.8146 175
23.5546 131
24.2839 200
24.7868 209
24.9663 146
25.1418 187
25.2212 119
26.268 181
27.2363 116
27.3687 161
27.4262 100
28.7386 156
29.6119 240
29.9259 116
30.3058 245
30.7039 184
31.1117 140
31.2224 243
31.2925 221
31.4612 186
31.8527 228
32.3779 87
32.4013 232
32.7738 208
32.9545 190
33.1913 101
33.288 148
33.4092 62
10118
7.889 184
8.84 87
8.9764 187
9.0197 116
9.1305 177
9.4548 139
9.8046 115
9.9318 109
12.2214 132
13.8776 172
14.639 113
14.7917 228
15.3549 186
15.6336 101
15.9085 199
16.6251 147
16.9392 93
17.0126 238
17.0763 219
17.7006 108
18.1129 217
18.1941 240
18.6036 151
18.9801 172
20.3474 230
21.3582 127
21.3715 142
21.5776 225
21.9523 232
22.6475 211
23.1595 142
23.6804 244
23.7039 151
24.1668 126
25.1514 118
25.2319 159
25.3506 119
25.5995 136
26.0883 145
26.2443 236
26.7704 117
27.4656 154
27.5008 124
29.073 191
29.1064 231
29.3857 199
29.5054 194
29.5126 136
29.6884 86
30.2692 188
30.4188 95
30.5843 133
31.5493 97
31.8459 110
32.0464 179
32.064 211
32.6045 155
32.6087 137
33.0299 232
33.2508 246
34.4041 123
34.9254 169
36.1951 39
7222
8.8056 127
10.0232 108
10.3674 106
10.4996 242
10.5705 108
10.6961 126
10.807 198
11.0597 190
11.5973 192
11.9047 237
12.2004 204
12.5044 176
12.6926 241
13.0701 206
14.228 199
14.294 214
15.042 200
15.4604 204
15.6742 87
16.834 117
16.9386 216
17.2993 86
17.3093 193
17.411 181
17.6192 176
17.7272 100
17.9006 96
18.0991 247
18.3586 152
19.6515 134
20.0297 119
20.2188 160
20.3335 188
20.4814 232
21.2846 180
21.6852 131
22.3912 173
22.8787 214
23.1736 143
24.1513 222
24.6051 203
25.4268 140
25.4988 141
25.513 108
26.2084 128
26.4634 93
26.5617 1
4573
8.7467 189
8.7745 111
8.9372 237
8.9635 194
10.6594 123
10.6977 207
10.8093 235
12.2709 162
12.3071 93
12.6175 113
13.2035 214
14.3378 130
14.4633 220
16.0643 154
16.5543 108
17.9904 234
19.0611 134
19.2114 194
19.9526 86
20.7521 158
21.5418 156
23.5657 162
25.8595 129
26.0213 195
27.7731 202
28.0921 165
28.8496 138
29.3233 224
31.1867 1
10924
8.4026 116
8.5299 186
8.7644 124
9.1423 105
9.455 116
10.191 228
10.5986 186
10.9585 100
11.316 143
11.4899 173
11.6398 83
13.3708 190
13.398 178
13.9912 104
14.1806 181
14.9316 105
15.0141 148
15.6435 144
15.6622 171
15.8667 116
16.1275 202
16.1627 117
16.547 143
17.0272 186
18.5846 218
19.3893 237
19.4517 212
19.7082 245
19.8852 196
20.2588 160
20.6801 173
20.8305 116
20.9425 222
22.3223 88
22.9494 220
23.1074 227
23.689 210
23.7945 175
23.9235 231
24.2242 240
24.6142 233
24.7824 211
25.2557 240
25.3206 134
25.5324 172
26.2124 120
26.2142 86
27.2581 102
27.5939 201
27.6042 157
29.4866 181
29.5993 239
30.0009 84
31.8205 185
31.9486 128
32.0737 98
32.3174 182
32.7762 233
33.0314 230
33.1523 240
33.2485 754
11679
8.7367 192
9.0119 102
9.4412 197
9.7264 138
10.6223 182
10.7803 205
11.0129 132
11.4177 242
11.7897 170
12.4233 126
12.9647 96
12.9914 102
13.7235 171
13.7602 207
14.0265 228
14.2663 134
14.5188 100
15.0278 117
15.0789 143
15.4481 229
15.8622 113
15.9843 217
16.3165 121
16.6739 115
16.8661 189
17.7867 209
17.8339 92
18.127 146
18.5214 131
18.9232 128
19.0328 187
20.8465 83
20.9381 238
21.4087 241
22.2549 105
23.7247 231
24.2682 83
24.399 203
24.7238 181
24.9724 187
25.2555 131
25.5409 193
26.0325 110
26.2433 164
26.3074 89
26.4622 192
27.2053 182
28.1445 135
29.1972 175
29.2591 123
29.3692 202
29.9363 230
30.617 142
31.0517 216
31.4541 222
31.7427 108
32.0643 129
32.1403 162
32.1984 157
32.322 115
33.2938 117
34.3556 160
35.0562 1813
6542
8.6034 128
8.8337 248
8.8369 138
9.0694 214
10.0237 137
10.3267 97
10.4405 246
10.4944 135
10.5652 178
11.1781 105
11.1935 92
11.5655 235
12.3176 181
12.4405 127
12.5614 218
12.7641 224
12.7806 204
13.2303 120
13.31 169
13.5088 136
13.7897 175
13.7931 220
14.1417 106
14.4036 157
14.9877 146
16.1727 248
17.0075 201
17.2186 96
17.4291 207
17.8568 239
17.9693 245
18.9329 145
19.1431 137
20.1629 138
20.8768 189
21.6643 155
22.4952 230
22.7541 218
23.8303 243
25.0047 187
25.1188 86
25.3386 209
26.4587 216
26.575 153
26.9853 135
27.4111 242
28.8708 1
4800
8.3379 202
10.0469 103
10.1145 88
10.2299 125
10.4703 103
10.512 169
10.5579 237
10.7449 115
10.7924 132
10.9948 132
11.0586 223
12.0681 231
12.8448 162
13.2467 243
13.8331 178
13.8818 152
13.9421 117
16.6091 222
19.2154 200
19.6295 144
21.3652 111
21.493 214
21.7667 89
22.074 155
22.1541 151
22.3214 139
22.6766 104
24.7846 98
29.7585 462
10803
8.8781 138
9.7351 101
9.7679 227
10.1158 232
10.8957 155
11.0567 134
11.1643 148
12.1951 184
12.2364 129
13.2981 179
13.4091 187
13.4111 86
13.9749 112
14.6869 136
14.7469 184
15.2777 171
15.366 222
15.7484 245
15.9503 117
16.2323 93
16.3197 211
16.7231 167
16.9156 246
17.0669 192
17.1274 248
17.2052 183
18.2165 178
18.3169 221
19.5828 183
19.8125 101
19.8399 112
20.0327 111
21.0469 192
22.2169 209
23.5233 207
23.9066 150
24.1453 106
24.4234 178
24.4281 231
24.9669 155
25.1888 208
25.6636 185
25.8117 166
25.8246 170
25.9816 130
26.466 117
26.7355 208
26.8549 195
28.286 134
28.7909 150
28.8314 208
29.0794 205
29.5056 237
29.6257 203
29.7437 204
30.1763 147
30.2362 118
31.2367 239
32.3907 84
32.4426 100
33.8395 635
9385
8.8093 196
8.8443 111
9.2806 197
9.7535 109
10.1121 163
10.3328 111
11.3219 144
11.4178 159
13.1802 241
13.4387 108
13.7952 212
14.3663 227
15.3093 102
15.3779 135
15.9051 129
17.1253 112
17.2324 194
17.9328 235
18.0101 117
18.7277 161
19.2264 175
19.743 128
19.9408 212
20.0214 149
20.2453 102
20.2868 144
20.6446 175
22.1405 131
22.1486 96
23.097 199
24.1581 131
24.5398 86
24.711 217
24.802 101
25.1328 139
25.3715 107
25.6866 246
25.7931 100
25.8992 214
26.6175 224
27.5067 161
28.242 134
28.5109 106
29.4926 125
30.2792 143
30.3532 153
31.0247 179
31.1947 169
31.4152 179
31.6329 163
31.6556 123
31.8693 187
32.1678 194
32.2488 131
32.2574 99
32.4131 113
32.428 125
32.8386 213
33.1351 130
33.2927 101
33.4829 102
33.4885 116
36.4426 1
6879
4.9989 200
5.258 244
5.906 243
6.1281 147
6.2634 117
6.4992 151
6.9351 116
7.8576 209
7.9548 201
8.1142 161
8.3775 151
8.9037 142
9.0896 205
9.1675 203
9.9103 132
10.5441 229
11.2903 145
11.857 238
11.9505 123
12.2415 116
12.9246 192
13.1494 235
14.2358 150
14.6797 130
14.8857 234
15.0165 232
15.273 111
15.9186 90
16.5128 193
16.5988 232
17.625 183
18.7859 238
19.4174 89
19.6502 114
19.8914 164
20.3943 190
20.4456 91
20.8302 110
21.1728 223
21.7153 144
21.7901 238
22.2706 121
22.4268 104
22.606 113
23.0215 195
23.1626 170
24.7419 1
3808
5.2569 124
7.4657 235
7.726 126
8.1793 114
8.7384 178
9.4895 156
10.8778 245
12.5729 231
13.3221 101
13.3901 192
14.9174 145
15.6769 137
16.5775 140
17.5787 141
18.8472 136
19.2238 170
19.5368 133
22.0601 200
22.8561 224
24.0518 228
24.6292 91
24.8357 129
24.9723 230
25.3179 244
25.5385 109
25.7257 207
26.0095 162
26.6692 242
28.113 1
8558
6.551 147
7.3592 121
8.6335 91
8.6426 183
8.6612 140
8.6761 177
8.6913 196
8.7783 227
9.0137 236
9.406 239
9.5419 211
9.7794 184
9.8925 241
10.2195 147
10.4183 159
10.6847 194
11.1879 221
12.1029 131
12.6397 104
13.2755 88
13.4331 121
13.984 209
14.5707 94
14.7019 98
14.8361 135
15.2347 139
15.5284 200
16.0328 154
16.4733 102
16.8857 100
16.9747 213
17.9626 240
18.3923 240
19.9239 144
20.7869 96
21.0474 124
21.3315 239
21.4376 235
22.8327 195
22.9732 212
23.0279 202
23.2764 166
23.6111 129
24.3258 221
24.5244 118
24.5776 218
25.0472 185
25.333 215
25.4848 224
26.0852 122
26.109 181
26.1289 220
26.2931 83
26.3683 223
26.637 193
27.215 233
27.4291 86
27.7881 191
29.0532 213
29.3254 161
29.8821 1
9885
5.2129 151
5.3792 188
6.4685 113
6.6494 90
6.8199 186
6.9719 127
7.1692 166
7.7221 215
8.5105 165
9.5713 154
9.9182 231
10.1303 125
11.4498 90
11.8248 174
11.9039 240
13.8442 208
14.062 179
14.3208 139
14.8532 197
14.8553 153
15.4177 173
15.6115 186
15.6821 228
16.0384 95
16.091 121
16.8554 119
17.1461 189
17.6578 190
18.3153 247
19.0987 172
19.2793 112
19.4167 150
19.5016 123
19.8704 98
20.3354 210
20.4818 85
21.293 134
21.7519 162
21.8217 107
22.1942 231
22.4956 143
22.7045 209
24.0809 246
24.2319 134
24.363 147
24.7733 194
25.2432 153
25.7312 225
26.0231 161
26.2922 203
26.9115 177
26.9386 111
27.2473 230
27.3992 232
27.5053 186
27.586 112
28.6434 150
29.0734 146
29.7981 215
29.9798 223
31.0488 173
32.5623 151
33.7015 1
5372
3.7534 228
3.7538 90
5.836 161
5.8626 188
6.2483 224
6.6364 236
6.8626 155
7.2187 94
7.6909 153
7.8663 207
8.0397 124
8.2531 152
8.8743 184
9.1866 157
9.3541 234
9.5584 181
10.2922 247
10.3616 197
10.5214 204
10.8185 183
11.2622 104
11.3709 134
11.5576 160
11.5974 169
11.8866 117
12.7764 97
12.7962 106
12.9025 102
13.2613 143
13.4483 168
13.6467 162
14.3628 179
14.5291 247
14.8536 237
15.4412 114
15.4996 195
15.887 153
16.704 116
17.2432 85
17.9446 188
17.9787 141
19.4435 193
19.4839 136
20.1126 138
20.1342 190
20.2209 98
23.844 1
3671
3.8781 98
5.5562 113
7.437 246
7.5978 123
8.7646 213
10.6661 133
12.4021 185
12.8806 185
12.9414 84
13.5113 215
14.4045 93
15.4128 231
15.542 198
17.0164 206
18.0221 214
18.131 162
18.7565 115
19.1168 107
20.3398 229
20.7657 90
20.9567 110
21.6373 249
22.7527 87
23.631 245
24.0345 242
24.7491 172
24.8816 84
25.035 150
25.1795 1
6329
4.128 175
4.2538 193
4.4986 232
4.6984 166
4.8844 185
5.1779 174
5.5298 228
6.3592 86
6.9444 203
6.9914 100
7.7958 223
8.3687 178
9.5637 172
9.7258 108
9.7876 177
9.8247 191
10.0554 210
10.3292 213
10.7623 107
11.112 192
11.2224 126
11.6282 185
11.6759 232
12.5657 222
13.3338 159
15.4565 130
15.4859 197
15.5525 121
16.542 201
16.6024 117
17.0874 222
17.7548 90
17.8689 212
18.6829 227
19.3668 181
19.6012 120
19.7769 235
19.7834 216
19.9697 224
20.4562 207
21.605 170
21.6582 201
21.8401 165
21.9153 173
22.1183 119
22.2404 142
22.6692 153
24.2885 175
24.5268 154
24.915 233
24.9927 213
25.0476 212
25.7783 129
27.4056 131
27.621 195
27.6722 179
27.8538 84
28.1836 222
29.0855 144
29.1744 104
29.6744 1
8727
3.7685 112
4.7808 183
5.3636 176
6.7991 125
7.2586 98
7.3326 215
10.0147 216
11.0701 248
11.0868 243
11.7237 171
11.781 237
12.1621 94
12.2991 141
12.6717 186
13.511 224
14.2165 154
14.3868 157
15.7208 151
16.1182 246
16.8702 125
17.0347 213
17.5499 232
17.5613 235
17.707 228
18.9105 173
18.9352 231
19.6019 185
20.5074 153
21.0436 200
21.6575 86
22.4578 113
22.4607 226
23.2599 233
23.6555 246
23.6671 201
23.6751 89
23.6956 218
23.7578 137
23.8862 207
24.1027 85
25.3928 85
25.5009 144
25.5104 95
25.8309 223
26.2879 119
26.3034 182
26.4225 236
26.4892 141
26.6233 173
26.9975 153
27.269 100
27.5516 238
28.3121 228
28.5409 108
28.5614 154
28.8371 84
28.9401 242
29.0343 180
29.2343 138
30.0151 83
30.0551 118
30.268 178
32.7442 1
5054
2.1545 203
2.7144 85
3.1075 102
3.1466 127
3.4511 229
3.6716 147
4.1997 235
4.4736 98
5.1314 103
5.3822 150
5.7028 207
6.7586 205
6.8837 117
7.2572 135
7.4134 102
8.361 216
8.3895 119
8.4884 226
8.9155 148
9.6228 89
9.8485 100
10.0461 198
10.3355 157
10.6587 144
10.7074 244
10.8315 247
10.8807 110
10.8832 200
11.6775 127
12.4454 225
13.3846 225
14.326 197
15.1059 136
15.8318 131
15.9713 246
16.5236 240
16.9674 174
17.492 102
17.768 197
18.249 123
19.0529 235
19.1533 151
19.1668 107
21.5479 227
21.784 206
22.2419 120
22.4706 1
3219
3.9739 177
4.0533 246
5.0023 97
5.2123 240
5.3859 105
5.9198 242
6.3466 227
7.197 132
7.4777 95
7.7766 96
9.0024 106
9.071 180
9.0875 246
10.6452 171
10.9938 182
11.0524 105
11.0537 233
11.0912 197
14.3077 99
14.9366 214
15.6242 208
15.8658 220
15.9878 221
17.1495 141
18.7538 126
22.307 162
22.3648 201
23.0287 124
24.3104 1
6055
2.0189 132
2.6493 200
3.2124 166
3.385 86
3.6109 248
3.8917 86
4.4446 203
4.511 96
5.9968 130
6.4335 167
6.7798 191
7.0409 233
7.6657 246
8.0273 237
8.6739 181
8.8476 120
8.9381 97
9.664 193
9.8501 179
10.7545 193
11.9147 146
12.0485 103
12.2586 97
12.3195 128
12.7913 217
13.2428 142
13.249 122
13.852 132
13.8706 115
13.9512 108
14.713 191
14.8785 118
15.1311 232
15.2735 108
16.8509 128
17.7239 86
17.9184 126
18.2923 188
19.5748 188
19.7955 168
19.9706 123
20.7639 238
20.9112 123
21.0979 190
21.4688 93
21.9182 144
22.0204 154
22.5619 177
23.0108 94
24.3099 190
25.0896 141
25.1093 97
25.2235 94
25.302 155
26.605 140
26.9157 137
26.9632 197
27.3036 232
27.5809 248
27.9445 171
28.3422 1
6328
3.7036 163
3.7844 87
3.9617 84
4.0725 196
4.0872 117
4.6301 213
5.4527 180
7.2757 98
7.5878 100
7.6759 228
8.7212 151
9.5073 200
10.1033 115
10.2929 247
10.5566 207
10.5988 113
10.9029 155
11.0344 119
11.095 241
12.1301 195
12.1467 194
12.3435 149
14.0679 239
14.1734 148
14.2421 147
14.8514 133
15.2234 128
15.9823 106
16.8564 179
16.8967 193
17.2625 136
18.0813 119
18.2915 93
18.8594 150
19.0162 152
19.0175 122
20.3831 145
20.8172 110
20.9128 221
21.3972 173
21.4472 201
21.5831 212
22.483 232
22.5225 170
22.6911 161
22.76 86
22.8903 225
23.2252 113
23.9157 156
24.071 199
24.1741 105
24.2939 133
24.38 167
26.5713 217
26.5956 110
26.682 114
27.5107 224
27.7378 249
28.7735 105
28.9486 178
29.4711 233
29.7797 120
31.2194 1
4316
1.6178 222
1.95 180
1.9959 191
2.6114 182
2.7781 107
3.278 101
3.3656 211
3.6893 217
3.8712 236
3.9214 196
4.0706 175
5.8923 157
6.4658 223
8.0464 157
8.6265 163
9.2825 134
9.35 205
9.562 195
9.5933 164
9.8519 118
10.3241 135
11.7789 164
12.5988 223
13.1935 108
13.3286 132
13.6862 227
13.7413 135
14.2437 101
14.2806 104
14.6896 181
15.5071 90
16.3342 210
16.453 165
16.4628 139
16.6953 128
16.8652 221
17.2216 163
18.0286 101
18.3161 211
18.3434 88
18.4805 190
19.1199 153
20.1722 179
21.0694 147
21.2442 179
21.3711 94
21.3799 1
3152
1.8343 112
2.0888 85
2.747 152
3.9835 106
4.7369 187
4.9307 204
5.8453 106
5.9783 240
7.2104 197
8.4381 150
8.9736 104
9.8035 172
10.0139 201
10.3654 182
10.558 102
10.7421 223
11.2388 97
13.4726 90
14.1764 192
15.1353 137
15.7057 115
15.9005 102
16.2177 104
16.9227 120
17.5888 224
20.2943 197
20.7196 173
20.9869 100
21.5123 1
6988
1.4591 151
1.559 150
1.8803 149
2.5178 88
2.5601 130
3.1988 170
3.2897 233
3.6192 133
3.7796 164
3.9757 185
4.2265 104
4.717 89
6.2158 200
6.3053 148
7.3872 83
7.7271 121
7.8205 100
8.0349 147
8.1148 129
8.1721 212
8.2013 86
8.6597 131
8.7916 175
8.9303 95
10.3141 202
10.5618 181
11.5117 220
12.2083 120
12.7517 122
13.281 213
13.486 97
14.3502 230
14.5863 160
15.3438 87
15.6042 209
15.9222 209
16.8428 228
17.6576 216
18.319 154
18.4834 147
18.6236 138
18.647 211
19.5398 106
19.7104 190
20.7053 84
21.394 210
21.599 116
21.7957 220
21.9371 155
22.0673 210
23.0104 191
23.4828 248
23.7168 170
23.8764 224
24.2538 213
24.3463 183
24.5446 233
24.5568 196
24.718 200
25.7574 146
26.5508 1
6958
0.4021 161
0.5645 89
3.1256 201
3.381 120
3.984 187
4.2423 223
4.3227 229
5.4608 209
5.9857 199
6.4577 84
7.4709 190
7.6007 161
8.3767 219
8.6721 119
9.1689 212
9.2031 197
10.0871 200
10.1696 147
10.4888 206
10.6709 142
11.2636 164
11.4011 220
11.59 89
11.8628 166
11.9491 124
12.1332 235
13.2356 116
13.3081 161
13.3684 133
13.5691 102
14.4288 204
14.9297 247
15.737 194
15.803 175
16.4415 93
16.668 194
17.1679 90
17.5102 106
18.1272 191
18.3311 226
18.7965 168
19.8029 212
20.8949 170
21.4923 178
21.6222 179
21.8621 95
21.9046 242
21.9916 142
22.6794 207
23.336 215
23.5629 86
23.7806 222
23.7916 146
24.1404 180
24.9581 223
26.3287 138
27.0352 154
27.1117 159
27.1398 140
27.8195 149
27.84 163
28.0706 205
29.2358 1
3260
3.1787 85
4.4116 145
4.4217 159
5.0017 130
5.8188 138
6.0002 149
6.058 85
6.3368 144
6.6051 237
7.6368 235
8.4178 137
9.1849 131
9.391 185
10.1966 116
10.2474 120
10.7302 183
11.7262 115
12.637 126
13.0635 84
13.2816 162
13.4286 225
13.814 139
14.3281 205
14.7871 165
15.1453 106
15.4775 96
15.932 169
16.356 179
16.4408 197
16.4658 205
17.2664 137
17.5739 97
17.7014 224
17.7283 97
17.8503 222
17.9873 150
18.0507 125
18.0869 105
18.4246 114
18.7921 122
19.6966 244
20.7953 89
20.9361 100
21.1949 151
21.8131 185
22.5146 214
23.0216 1
2312
2.6379 246
2.9706 236
5.4824 155
5.7383 123
5.9126 135
6.6527 85
6.83 245
6.9627 236
7.6842 196
7.9145 165
8.9058 185
9.5691 93
9.8824 114
9.9794 103
10.8761 91
11.8237 108
12.4399 139
12.4995 88
13.6702 200
13.6738 118
15.0126 107
15.7552 100
16.0027 142
17.5431 232
18.2454 216
18.9891 227
22.1695 190
22.9103 182
24.5076 1
5878
3.2948 175
3.6512 100
4.3771 140
4.579 91
4.6353 131
4.7448 118
5.1077 224
5.4684 98
6.0649 128
6.2017 188
6.4659 233
6.5487 211
6.5645 96
7.3595 93
8.4219 135
8.5065 239
9.3941 100
10.0006 122
10.8364 219
10.8413 91
11.0465 112
11.2774 187
12.5068 210
13.3118 186
13.6763 210
15.0204 114
15.427 122
15.4945 247
15.9159 174
16.1573 158
16.4601 88
16.5487 93
16.716 190
16.9971 138
17.0298 227
17.2241 145
17.3187 148
18.2399 125
19.8149 221
19.8555 116
20.1969 177
20.2076 165
21.282 193
21.2837 248
21.3243 226
21.5436 227
21.7874 133
22.551 226
22.6376 228
23.3984 184
23.6646 147
24.4727 239
24.763 237
25.1187 95
25.2414 180
25.4454 247
25.5845 195
26.1282 145
26.5905 132
26.6823 100
28.4242 1
5043
3.0647 134
3.7061 167
3.9114 98
4.3217 244
4.7417 141
4.761 230
4.9083 127
5.6108 139
6.3087 232
6.7843 237
6.8463 190
7.1884 181
7.887 99
7.9066 201
9.1175 243
9.2588 176
10.4759 239
10.8523 119
11.7817 245
12.0668 174
12.4385 194
12.9 97
13.5542 216
13.6254 204
14.0464 173
14.1779 182
15.2608 182
15.6738 121
15.846 90
16.584 224
17.605 228
18.058 88
18.1125 224
18.6694 193
19.4893 196
19.7281 215
19.8058 194
19.9952 102
20.092 215
20.285 96
20.4616 193
21.0071 120
21.1708 90
21.2127 212
21.3527 210
22.2718 217
22.4866 116
22.5562 124
23.435 107
24.0525 206
24.7166 200
24.9674 115
25.4859 216
25.7174 248
26.114 96
26.2784 109
27.54 102
27.9282 205
28.5965 215
29.2953 159
29.9874 227
30.6292 214
31.2526 1
4195
4.2437 184
4.523 87
4.825 239
4.9044 161
5.4161 112
5.8413 179
6.2485 218
7.2376 241
7.4808 160
8.3138 231
8.8567 126
8.8718 161
9.2299 167
9.2478 170
9.8567 118
10.1275 185
10.3978 152
11.009 214
11.0311 98
11.4707 177
11.6063 97
12.0829 189
12.212 169
12.2435 121
12.6047 94
12.7942 147
13.2902 243
13.9491 218
14.0307 221
14.5478 228
14.7098 185
14.8844 190
15.1605 212
15.2716 193
15.3718 89
16.4369 108
16.8705 199
18.1483 110
18.9821 90
19.6572 177
20.4367 213
21.2387 110
21.2643 110
22.8427 94
23.8027 138
24.1538 244
24.3214 1
2335
3.5026 237
4.5111 96
6.0792 124
6.4409 118
7.8534 217
8.5647 157
8.801 88
9.5001 146
9.8712 119
10.6582 94
11.4507 100
12.3556 172
14.4569 125
14.4683 160
15.1044 137
15.1509 172
16.0499 138
16.0563 154
17.1017 241
17.5744 153
17.5897 167
18.8648 184
20.2416 211
20.2932 92
20.6457 121
20.8735 188
21.1832 118
24.4135 86
24.6159 1
5347
3.3641 99
4.4031 187
4.9047 247
5.9235 90
5.9939 150
6.4698 100
6.5167 180
6.677 188
7.1525 98
7.6651 174
7.8125 101
8.6439 146
9.4474 149
10.0727 153
10.7837 179
11.2742 246
11.4321 136
11.4975 147
12.1517 150
13.1533 99
13.3 221
13.3298 136
13.9636 164
13.9789 146
13.9946 195
14.0899 229
14.4468 164
14.4543 104
14.8123 236
15.0859 127
15.391 244
16.7845 196
16.8468 174
17.3868 121
17.4623 192
17.5238 112
18.3148 147
18.5908 245
19.9658 238
20.6857 117
21.1347 134
21.4754 193
22.2296 220
22.3886 226
22.8831 110
22.9996 214
23.2733 110
23.3387 102
23.6178 235
23.9791 140
24.1049 112
24.6571 96
25.5046 178
25.5252 153
25.6886 232
26.1905 248
26.9303 182
27.3266 185
28.0481 100
28.3671 121
29.4127 1
6448
4.8821 238
5.0769 225
5.2536 231
5.3668 155
5.5131 99
5.6611 99
7.0819 109
7.1378 141
7.3984 184
7.4607 152
7.6577 154
8.5306 175
8.6731 196
9.2243 231
10.327 133
10.5149 217
11.4644 188
12.1192 111
12.7112 171
13.734 148
13.8264 151
13.9693 131
13.994 103
14.0579 197
14.1299 183
14.1769 197
14.5425 213
14.7911 232
15.7963 101
16.4878 224
16.7978 213
16.8982 109
16.9514 97
17.8817 106
17.9155 229
17.9162 233
18.1718 211
18.7341 157
19.4207 158
20.3303 158
20.5291 86
21.2649 164
21.6977 194
22.2912 178
22.3511 155
23.6952 98
24.1655 144
24.7851 123
25.2788 120
25.4934 130
26.2239 141
26.3082 139
26.4342 157
27.0483 190
27.0644 136
27.1877 207
27.3537 223
28.0636 137
28.885 149
29.1576 142
29.7898 235
31.0259 238
32.4007 1
5752
4.5569 178
4.8126 238
5.3449 156
5.6159 238
5.7653 217
5.8927 107
6.2768 175
6.3414 185
7.2668 224
7.4287 211
8.1212 120
8.4213 125
9.0361 186
9.3036 134
10.9679 116
11.113 239
11.225 232
12.1077 97
12.2277 198
12.557 222
12.7416 215
13.1188 248
13.2761 207
13.6803 85
14.0618 209
14.591 85
14.9083 234
15.4416 244
15.6346 240
15.7145 142
17.6375 239
17.6514 84
17.7432 178
18.8075 103
18.8791 175
19.4358 105
19.4894 170
19.5373 201
19.9361 196
20.6086 230
21.0053 211
21.2478 234
21.6587 190
22.2667 88
23.6057 164
23.8829 93
24.028 1
3040
4.4034 110
6.0391 241
6.4809 132
6.8523 139
6.9678 233
7.6156 135
9.2476 184
9.5831 121
11.5306 149
12.7135 122
12.9101 101
15.1758 203
15.4283 95
17.3315 186
17.5938 96
17.6512 165
18.0518 208
18.0754 199
19.6849 247
19.9431 183
20.2775 152
20.7508 97
21.2666 219
21.7872 187
22.1809 199
22.4642 126
22.6731 246
24.7039 163
24.8822 1
6452
3.7011 130
5.3049 216
6.0387 235
6.458 246
7.4338 104
7.7609 111
8.3044 176
9.2434 216
9.5016 151
9.5897 94
10.0684 158
10.8625 106
11.325 114
11.6101 102
11.6298 166
11.8939 159
11.9281 136
12.2076 126
12.2818 215
12.4188 247
12.8731 213
13.2217 120
13.3156 151
14.1571 138
14.5596 178
14.5807 221
15.1191 161
15.7112 230
15.9874 123
16.0652 155
16.0726 194
16.1349 127
16.5766 215
16.9305 146
17.0392 217
17.0601 138
17.0891 207
17.528 203
17.8484 239
18.0831 160
18.7103 90
18.8919 120
19.2484 211
19.5422 236
19.8625 118
19.8795 94
20.0561 85
20.2349 233
20.2863 150
21.9507 110
22.6853 178
22.838 248
22.9384 229
23.3751 107
24.1341 114
25.8041 204
26.332 101
26.7665 167
27.831 175
28.3458 93
28.6759 1
9126
3.5703 158
4.9767 215
5.1453 139
5.5948 111
6.1198 164
7.204 213
8.2935 199
8.6075 175
9.8683 210
10.0391 102
10.1515 160
10.1918 206
10.5681 187
11.0879 195
11.7908 91
13.4616 225
13.9825 157
14.0769 94
14.1607 225
15.2856 211
15.5218 199
15.5704 221
15.7096 106
16.6144 113
17.2076 197
17.672 155
18.8668 217
19.0176 202
19.1609 192
19.2376 117
19.2815 243
19.6328 133
19.6772 153
20.8347 118
21.027 227
21.8363 215
22.2935 237
22.4412 222
22.6128 210
22.656 88
23.0962 142
23.158 220
23.7314 235
23.8542 114
25.2375 137
25.3034 223
25.8448 127
26.1036 107
26.5936 180
26.7461 196
26.8348 117
26.9967 91
27.3568 130
27.4101 229
27.5106 126
28.5782 96
29.5891 209
29.9771 145
30.4398 173
30.6182 232
30.6451 181
30.7069 203
31.1663 1
5492
5.4482 173
6.2722 218
6.4791 170
6.6625 164
6.8416 167
7.046 217
8.0032 123
8.4279 99
8.525 208
8.6867 203
8.7888 121
8.8211 145
9.0479 119
9.951 167
10.0842 173
10.2209 244
11.3863 192
11.5079 104
11.5758 238
12.2234 247
12.5092 176
13.0667 131
13.1913 101
13.4406 221
14.0676 160
14.2413 202
14.3839 233
14.8778 177
14.9005 168
15.5832 190
15.8559 216
16.4562 150
18.1394 126
19.7566 233
19.8692 90
19.9242 198
20.0709 205
20.1302 217
20.2301 224
20.5904 170
21.8314 219
22.05 121
22.9402 105
23.7606 147
23.8917 145
24.2087 126
25.631 1
3571
8.1123 93
9.5129 116
9.9271 183
10.7945 118
10.8302 245
11.8594 178
11.8978 121
12.1892 184
13.2484 216
13.431 121
13.7259 125
16.4225 197
16.5946 207
16.7225 151
16.8293 247
18.4569 140
19.3398 240
19.455 84
19.5963 126
19.6275 244
20.2838 202
22.5082 249
23.0088 142
23.5719 106
23.9257 137
23.9689 170
24.894 175
25.7356 97
27.4886 1
9803
5.7475 230
5.9416 112
6.4751 197
6.6392 191
7.512 189
7.8226 124
7.9147 152
9.1389 113
9.6319 249
10.7856 125
11.5877 86
11.8031 129
11.8615 87
12.4752 84
12.7365 114
12.7557 115
12.7947 189
12.8179 166
13.2243 152
13.6945 192
13.7565 189
13.7678 202
14.1315 142
14.7206 124
14.9117 185
15.6623 96
17.7575 188
17.7774 157
17.8182 145
18.1382 145
19.0242 109
19.0818 205
19.0912 109
19.7925 117
20.1836 227
20.266 163
21.2549 227
21.7207 134
22.3887 167
23.2627 235
24.1659 86
24.4034 218
24.5962 148
25.047 132
25.2997 247
25.9382 185
26.1302 239
26.6448 182
26.95 228
27.2897 133
28.1662 221
28.5142 188
28.715 100
28.8177 99
29.1033 107
29.165 87
29.2881 112
29.4335 186
29.562 168
29.8051 107
30.2528 369
11220
6.0956 140
7.0521 184
7.4031 223
7.7386 91
8.7524 242
9.081 151
9.8977 101
10.3525 104
10.812 153
11.1616 161
11.6579 174
11.7863 137
11.9612 142
12.7309 88
13.8257 159
14.1476 144
14.5706 190
15.6503 166
16.5425 222
16.7931 195
16.8683 152
17.169 203
17.1698 98
17.7319 222
18.4254 101
18.8568 200
19.3514 241
19.5704 212
20.1721 113
20.3748 124
20.4873 181
20.4874 133
20.5528 134
20.6064 84
20.6506 93
21.6412 159
22.2679 88
22.6883 106
22.7093 247
23.165 144
23.4551 152
23.5911 130
23.6465 184
23.7486 92
24.7744 135
25.5947 134
25.7813 109
26.0948 131
26.59 110
26.8483 174
28.2636 140
28.7959 249
28.9371 207
29.5266 121
29.6981 164
30.1078 158
30.2651 203
30.4786 125
30.5845 150
30.7749 177
31.5841 198
31.7253 95
32.4091 1681
7145
7.6446 160
8.4286 193
8.5298 95
9.9919 222
11.8362 221
12.1166 243
12.169 202
12.7122 108
13.0979 174
13.3758 106
13.7129 182
13.7856 139
14.4616 130
14.8546 147
14.9674 162
15.7229 238
16.5194 221
16.6035 212
16.7629 179
17.3517 235
17.5231 158
18.154 112
18.435 152
18.9429 220
20.5214 151
20.7389 106
20.9589 184
21.0003 208
21.6502 87
21.7848 190
23.4373 107
23.9525 218
23.9527 196
24.0657 242
24.8467 209
25.1843 168
25.2455 114
25.5865 121
25.7179 209
26.34 248
26.4323 195
26.6445 137
26.9576 248
27.4338 167
27.5582 183
27.8006 115
27.811 1
4089
8.1953 95
8.7332 141
9.8491 238
10.2773 133
11.8492 236
12.6619 133
14.5563 143
15.3788 147
16.6782 92
18.3156 110
18.5868 145
20.3296 130
20.4663 92
20.8044 138
20.9546 155
21.4084 232
22.4387 189
23.3874 239
24.1702 110
24.4144 213
24.8442 123
25.7134 248
27.0115 237
28.5963 83
28.9513 151
29.8566 212
29.8935 139
30.8112 123
30.8461 1
10191
8.0131 247
8.425 141
9.0923 123
9.5813 157
9.6696 169
9.6746 200
9.6901 185
9.8277 89
10.7105 191
10.8192 111
11.295 213
11.3099 151
11.6191 198
11.7649 94
12.0929 121
12.1388 194
12.4804 201
12.5192 113
13.8323 195
14.1205 90
14.5011 247
15.0463 192
15.2186 128
16.4926 175
16.5546 143
17.3186 115
17.7805 222
19.0253 205
19.1023 157
19.2136 118
20.6354 102
21.5725 142
22.196 116
23.9332 111
24.2534 210
24.7884 142
24.9611 243
25.1058 223
25.2123 134
25.2551 131
25.3018 213
25.3223 228
25.8482 191
25.9666 179
26.2372 189
26.8522 190
27.4902 228
27.7874 185
27.8002 153
27.9716 158
29.1002 92
29.4618 153
29.5268 149
29.5429 114
29.7243 89
29.7733 198
30.5369 243
31.0181 188
31.8682 130
32.3608 180
32.8679 303
9753
7.7195 122
8.2669 145
9.4024 109
11.2226 95
11.9128 147
12.6564 96
13.4071 84
13.6697 199
13.9736 223
14.7109 245
16.0689 223
16.3168 131
16.7251 217
16.967 115
17.2852 157
18.1327 98
18.2906 189
18.8395 110
19.1473 142
19.5746 177
19.7406 134
19.7987 141
21.0147 195
21.1571 89
21.1692 246
21.4244 209
21.95 159
22.5404 110
22.5852 187
22.8123 97
23.341 178
25.1269 104
25.8752 223
27.255 217
27.4215 90
27.7446 134
28.886 232
29.2517 99
29.7901 135
29.8652 171
30.2676 244
30.3707 131
30.6628 89
30.7776 168
30.9716 176
31.1011 212
31.337 141
31.5643 178
31.6838 163
31.8424 96
32.0819 234
32.1823 216
32.2905 187
32.902 91
33.1858 164
33.1953 111
33.2168 241
33.5329 124
33.6114 249
33.7023 236
34.2612 218
34.7392 91
34.8532 1
7412
9.2002 248
9.366 174
9.8834 239
10.3824 213
10.9979 130
11.0981 177
11.5835 200
11.9175 220
12.0341 88
12.4195 140
12.4815 213
13.5007 247
13.8735 135
14.5845 249
15.1049 206
15.5953 235
16.1581 107
16.9053 202
17.2355 124
17.5693 173
17.7287 178
18.5691 162
18.8609 196
19.0187 128
19.032 113
19.3679 183
19.8343 108
20.7968 165
21.0907 114
21.7649 234
22.0363 213
23.764 231
24.2112 178
24.2618 182
24.8631 223
25.0793 91
25.48 173
25.8878 173
25.9806 88
26.7793 201
26.9496 84
27.0672 198
27.7126 187
28.1278 120
28.2096 234
28.7839 143
29.5782 1
4143
9.6721 228
10.2934 141
11.0703 240
11.3935 183
11.6989 192
12.0096 214
13.0341 93
13.5509 152
14.2353 198
15.6475 169
16.7653 194
17.1113 149
17.3279 189
18.0364 229
20.0581 209
20.2141 208
20.538 119
20.6252 144
23.8821 85
24.667 162
25.9902 239
26.7815 88
28.062 146
28.6358 91
28.9117 224
28.9773 236
30.0947 221
30.2937 212
31.6778 1
9971
10.0222 169
10.1005 208
11.1921 200
11.352 95
11.6545 97
11.8089 154
12.5271 86
12.8058 170
13.1801 223
13.7914 85
14.0787 120
15.099 227
15.9062 87
16.1301 191
16.1966 127
17.3236 184
17.6523 220
17.8849 244
18.0142 186
18.4412 240
18.7262 225
19.5003 207
19.6151 241
20.2341 170
20.7924 165
20.8145 151
20.8594 232
20.8627 119
22.0796 237
22.1935 142
22.6656 245
23.2799 182
23.3286 223
23.4827 177
23.7444 120
25.2642 92
25.887 179
26.3126 140
26.3523 143
26.3756 205
26.4562 243
26.9127 174
26.9862 132
27.3188 202
27.5607 159
28.1069 164
28.1813 188
29.0201 200
29.1877 219
29.1898 153
29.8565 213
30.3421 180
31.4117 144
31.6485 138
31.7909 92
32.5676 248
33.4687 133
33.7801 108
33.8073 231
34.0368 164
34.7206 1
12151
10.2154 230
10.3619 157
10.3722 87
10.9407 235
11.1902 102
11.7769 117
11.9731 249
12.2371 88
13.2477 145
13.2539 235
13.775 229
13.9891 89
14.0396 137
14.8236 121
15.1779 229
15.6311 179
16.2806 220
16.5492 186
16.6465 141
16.754 200
17.7124 229
18.6638 120
18.7094 103
18.9405 182
19.2248 184
19.4883 213
19.616 132
19.8024 222
20.8975 158
21.1176 145
21.34 190
21.7198 225
22.5199 143
22.7759 206
22.8991 248
22.9892 200
23.1826 145
23.282 183
23.4231 244
23.4787 204
24.4722 202
24.4835 190
26.2269 160
26.6003 161
26.7098 98
28.255 248
28.7903 240
28.937 187
28.9954 142
29.2015 113
29.3475 204
30.6051 190
31.2227 92
32.2264 142
32.3508 141
32.4781 202
33.4957 200
33.5706 181
33.8279 163
34.4605 188
34.5343 240
35.9375 184
36.6818 1232
6264
9.7298 142
10.4076 163
10.511 228
10.5984 100
11.1556 216
11.4345 226
12.1499 99
12.3719 151
13.9847 118
14.0228 226
14.0985 206
14.8169 228
15.5251 84
15.7861 190
16.0425 113
16.1932 231
16.3916 146
17.5695 92
17.8156 142
18.4515 95
18.8944 153
19.183 231
19.2896 85
20.3328 151
20.6483 141
21.0345 220
21.2999 202
21.5498 234
22.6298 145
22.9928 248
24.3298 198
24.3589 104
24.3851 195
25.8535 176
25.9182 103
26.1684 203
26.3577 243
26.4148 188
26.9705 122
26.9717 134
27.1869 125
27.2512 115
27.6422 179
27.6675 129
28.6398 85
29.3141 214
29.9877 1
5256
9.9846 164
9.992 124
11.2037 188
13.7386 244
16.3206 220
17.3709 123
17.8898 216
18.1465 227
19.3475 112
20.9247 87
21.6555 209
21.8359 228
21.8501 105
22.0223 193
22.1612 232
22.2343 124
23.4225 147
23.5932 144
23.7497 212
23.8356 184
24.0794 165
26.6931 168
27.0331 166
27.3661 100
27.7963 160
28.1075 86
29.7255 159
30.0847 107
32.0089 663
11245
10.156 215
10.4981 189
10.731 234
10.7961 202
11.0724 164
11.3869 197
11.7492 139
12.4758 112
12.6963 215
12.7161 115
13.7346 213
14.1431 183
14.415 95
15.3676 93
15.5304 146
15.9162 218
16.3432 122
16.38 165
16.5797 150
16.7754 165
16.9297 83
17.5666 184
17.6602 112
18.0191 170
18.5854 221
18.6845 145
19.0959 225
21.6964 139
21.8507 114
22.1175 228
23.0401 134
23.1975 89
23.562 213
23.6795 191
24.3843 220
24.7993 183
25.0097 97
25.4037 163
25.4822 111
25.5374 94
25.6564 147
25.9528 162
26.1995 180
26.2748 147
27.024 228
27.5819 238
28.1805 220
28.597 229
28.95 198
29.2407 238
29.8095 241
29.8253 207
30.0736 149
32.0788 123
32.1728 157
32.314 246
32.5792 93
33.0987 118
33.5834 111
34.5309 186
34.7764 1180
9956
11.0092 91
11.0282 196
11.5103 113
11.5482 242
11.7698 167
12.3705 120
12.6078 170
12.6283 171
13.1287 116
13.1327 117
13.1337 243
13.3488 247
13.669 107
13.8966 109
14.592 166
14.9185 118
15.0175 171
15.0819 170
16.791 132
17.0157 124
17.4983 240
18.4858 249
18.5292 141
18.8885 100
19.28 100
20.2116 173
20.3578 96
20.5427 188
20.9619 184
21.4514 200
21.5012 169
21.7088 225
22.0133 121
22.2989 99
22.8936 89
23.2103 197
23.5281 215
25.2879 151
25.5862 140
26.7488 223
28.0244 87
28.2407 103
29.0629 92
30.1774 140
31.1615 232
31.432 183
31.7812 144
32.1862 100
32.3667 216
32.5274 133
32.5508 177
32.9978 216
33.0031 248
33.2871 92
33.7522 187
33.9041 105
34.0763 134
34.257 92
34.6798 103
35.0972 122
35.1147 177
35.474 93
35.7302 391
6578
9.3398 195
9.5066 141
9.8332 104
9.8596 245
10.0944 132
10.3454 166
13.2206 90
13.33 203
13.6289 171
14.1674 200
14.1845 246
14.2225 107
14.2288 140
14.7403 170
14.7641 153
14.7674 83
15.6326 190
15.7617 111
15.8907 160
16.5078 90
17.5914 190
18.2907 201
18.4221 193
19.1107 111
19.2226 106
20.2445 226
20.5405 120
20.576 174
20.6423 95
21.0697 199
21.0883 162
21.5606 170
21.9478 210
22.3402 179
22.8868 97
23.0045 146
23.0407 179
23.2113 113
23.696 107
24.2509 179
25.8888 147
26.6268 214
26.9915 84
27.5579 178
27.8849 159
28.0353 221
28.4286 1
4453
9.5234 98
11.1118 227
11.786 86
11.8671 143
12.9086 245
13.2616 95
14.4358 113
14.7523 190
14.7636 224
14.9951 226
17.0738 248
17.8765 129
18.3172 169
18.3395 210
19.5482 163
20.53 201
20.677 117
20.9655 96
21.8462 91
23.8446 176
27.4227 181
27.4331 85
27.4821 199
29.6363 230
29.8666 186
30.141 184
30.5256 245
31.068 161
32.3067 1
9369
9.8627 227
10.015 184
10.1018 122
10.2751 159
10.3465 204
10.8382 248
12.8583 164
12.9662 114
13.4332 203
13.6609 134
14.1849 208
15.249 165
15.5651 185
16.079 135
16.0805 170
16.1436 173
18.3954 189
18.9217 187
19.1343 113
19.3026 104
19.4708 142
19.6484 230
19.9444 156
19.9707 181
20.5169 210
21.1773 178
21.8471 100
21.8639 130
22.3189 112
23.0558 93
23.5204 86
23.5594 167
24.5891 112
24.6002 134
24.952 230
24.9586 158
25.9603 184
26.3554 207
26.5574 238
27.1084 138
27.283 171
27.3486 228
27.5533 223
28.1083 97
28.6512 113
29.3384 109
29.3786 124
29.7969 102
30.1614 176
30.535 195
30.5703 124
30.7782 162
30.9873 85
31.0923 132
31.1902 110
31.8687 165
32.0452 234
32.0794 238
33.6262 108
33.7752 133
33.8934 1
8646
10.3455 98
10.6613 105
10.6641 220
11.3092 195
11.6884 181
11.748 146
12.3508 214
12.5756 107
12.8905 166
13.1734 247
13.7287 244
13.9758 145
14.1363 142
14.9713 140
15.4285 168
15.4591 148
15.5955 193
17.1904 161
17.7361 210
18.1143 136
18.726 94
19.3325 94
19.5522 187
20.2546 237
20.4579 208
20.9123 129
21.1932 112
21.341 116
21.3494 202
21.7101 195
23.3558 151
23.8154 191
24.0187 225
24.8311 238
24.8617 172
25.2556 115
25.5275 110
25.7963 240
26.0926 238
26.196 210
26.4504 198
26.5009 189
26.8623 214
27.0596 143
27.587 181
27.9909 225
28.224 183
28.2994 97
28.3427 131
29.4932 176
29.7875 156
29.9678 85
30.5609 183
31.3694 101
31.6355 226
33.1084 247
33.3265 83
33.7724 133
33.8635 99
34.3797 137
34.4127 230
35.5485 123
37.266 1
6484
9.9356 165
9.9616 158
10.0182 94
10.3409 106
10.8389 212
10.9012 102
11.1363 92
11.8895 199
12.6301 230
12.7335 98
13.0434 144
13.7153 227
14.9229 162
15.0073 147
15.0607 161
15.4846 118
16.5088 171
16.5504 89
17.215 204
18.328 148
18.9293 220
19.254 133
20.8456 191
20.8884 166
21.5477 144
21.8781 148
22.3111 120
22.8002 215
22.911 204
23.8148 111
23.8954 146
24.0844 142
24.1472 130
24.1613 100
24.4037 129
24.4205 151
24.9455 231
25.2941 209
25.5662 161
25.8378 166
26.1542 153
26.5189 96
26.828 138
26.9336 230
27.1889 172
27.2022 101
27.7481 1
3318
10.2518 178
10.7073 227
10.8562 151
11.0666 154
11.1916 229
11.9482 168
12.442 231
12.5617 212
13.1245 87
14.6991 173
14.8044 158
15.2165 244
16.2578 129
16.8755 223
19.1932 194
19.9233 142
20.0141 170
20.2654 180
21.6806 138
23.9261 166
25.0646 98
25.6795 90
25.7673 208
25.8543 202
25.9291 166
26.583 177
29.4806 159
29.8969 174
31.9043 1
7705
11.1978 85
11.4656 107
11.9465 143
12.537 197
12.9253 186
13.8521 214
14.2347 97
14.4516 101
14.4822 191
14.8626 179
15.6183 195
16.4472 204
17.3275 96
17.7451 224
17.8789 118
18.3869 227
19.0626 213
19.1494 107
19.2996 130
19.6183 229
21.0729 156
21.2139 247
21.4744 233
21.4981 180
22.7796 86
23.053 245
23.1038 237
24.0738 190
24.2209 121
24.2675 137
24.861 145
26.4992 173
26.849 118
27.3008 164
27.3717 245
27.4754 107
27.7271 132
27.7289 176
27.8152 166
28.1131 196
28.1458 230
28.1964 145
29.0454 203
29.3222 175
29.4154 238
29.9956 192
30.1259 208
30.2236 200
30.5691 143
30.7142 159
31.2359 227
31.6366 154
31.8492 205
31.8756 86
32.5121 195
32.7384 159
33.1851 174
33.2089 194
33.4916 224
33.6116 113
34.0257 1
8459
9.4431 214
10.2576 84
11.0125 109
11.3851 168
12.1818 91
12.8321 173
13.8322 147
14.0149 193
14.466 174
14.8182 210
14.8488 213
15.0934 162
15.3649 110
15.3861 159
16.9202 225
17.1665 120
17.2198 119
17.6112 112
17.9086 212
19.4653 84
19.471 121
19.7047 127
20.7503 185
21.8427 129
22.0317 147
22.401 111
23.5501 192
23.6025 195
23.6897 220
24.3817 162
24.6949 95
24.703 115
25.3587 244
25.5495 184
25.9395 162
26.1965 233
26.6993 172
26.7328 214
27.066 112
27.6474 211
27.9074 160
28.4319 206
28.4388 84
28.6325 234
28.6936 176
28.7635 219
31.0579 157
31.3709 175
31.9633 204
32.1688 129
33.4737 98
33.6861 183
33.9498 100
34.0068 199
34.1301 235
34.1904 224
34.8799 148
35.2623 114
35.6594 158
35.6847 236
35.8601 123
36.1225 221
36.2836 1
5080
9.0272 87
9.9069 198
11.0083 100
11.3204 195
11.7829 171
11.8206 83
12.0094 91
12.9358 218
13.3779 142
14.1144 187
14.2452 85
14.7876 214
14.9269 84
15.6914 230
15.7999 233
16.1215 201
16.1941 219
16.3195 94
16.6061 233
16.6568 234
16.8521 228
17.147 114
17.8628 231
19.4424 224
20.01 157
20.4475 115
20.795 199
20.9531 162
21.367 180
21.8645 244
22.1489 126
22.189 153
22.3988 179
24.5721 163
24.6818 174
24.7495 137
25.1585 166
25.4394 174
25.6431 88
25.8506 212
26.3381 241
26.4869 144
26.7085 103
27.8005 245
27.9283 204
28.1316 184
29.1725 1
3487
10.5359 105
10.6381 234
11.5785 234
12.4567 85
12.7121 208
13.4362 136
13.4367 215
13.558 192
16.2773 207
16.9506 166
17.126 162
18.4619 142
18.6008 130
18.8081 110
21.0027 182
21.5974 201
22.0672 127
22.2769 246
22.2773 152
24.2382 160
25.2394 98
25.6773 177
27.0433 229
27.1092 139
27.5093 176
28.393 122
28.7248 147
29.04 220
29.6581 1
8293
9.7057 156
10.1404 136
10.2514 176
11.0515 225
11.1195 90
13.0541 207
13.6972 161
13.8806 203
14.5085 225
15.1009 179
15.1302 140
15.6302 225
15.7787 216
16.1114 232
17.4152 203
17.8351 178
18.7182 221
18.8116 182
19.237 157
19.2649 200
19.4546 249
19.8762 119
19.8848 236
20.0907 228
20.777 89
20.8662 97
21.049 194
21.132 166
22.4896 113
22.633 226
23.1942 83
23.6737 96
23.8166 176
24.0879 118
24.6166 176
25.0351 242
25.2103 86
25.474 100
25.5934 199
25.6551 213
26.755 138
27.4433 105
28.1482 141
28.6367 156
28.7207 143
28.9043 87
29.4356 236
29.6238 89
30.5441 95
30.6497 175
30.9578 209
31.3968 111
32.0835 110
32.3763 104
32.4716 201
32.5253 227
33.5067 147
33.6032 117
34.0751 213
34.1354 212
34.2109 1
8947
9.1198 120
10.1256 138
10.352 132
10.3804 182
10.7995 174
11.2109 84
11.6093 189
12.0513 141
12.6427 179
13.4347 146
14.8414 109
15.8114 127
16.1188 128
16.2406 111
16.528 129
16.5442 121
16.7955 138
16.8369 193
17.4919 166
17.8075 134
17.8382 190
18.1052 95
18.6567 219
19.8053 121
20.0647 199
20.2045 210
20.4207 245
20.6692 200
20.7691 109
21.2238 176
21.708 239
21.8635 113
21.877 152
22.253 164
22.6932 185
23.0584 131
24.2843 112
24.3374 205
24.4586 113
24.7046 217
25.0217 201
25.2641 171
25.3367 141
26.5226 219
27.1512 191
27.4904 192
27.5639 187
27.9071 220
28.3191 237
28.5349 166
28.66 89
29.5643 234
29.9933 127
30.01 150
30.3223 204
31.4785 114
32.9328 104
34.8244 206
35.6955 249
35.7658 241
35.7692 100
35.8447 200
35.8684 1
