24 300 20 4
0 1 0 1 
1 0 1 1 
0 1 0 1 
1 1 1 0 
0 500 0 757 
500 0 1363 1098 
0 1363 0 2255 
757 1098 2255 0 
60 38 100 102 
6253
10.6876 245
10.7824 242
10.7943 187
10.856 216
11.4878 94
11.6194 177
11.624 124
11.6535 159
11.7594 202
12.0151 167
12.831 128
13.6237 93
13.9944 190
14.0046 111
14.0565 224
14.6188 230
14.8956 180
14.911 187
15.1989 221
15.7148 203
15.8349 157
16.6309 191
16.6421 84
16.7059 132
17.0686 111
17.5558 208
17.5702 244
18.3577 242
18.4152 151
18.8775 215
19.3705 100
19.6322 176
19.7789 242
20.7689 155
20.8312 96
21.4809 100
21.6168 176
21.6548 186
21.6761 149
21.8568 122
22.3585 127
22.7887 148
23.5388 244
23.557 185
23.6154 229
23.893 232
24.0797 231
24.6146 218
24.7889 93
24.7918 89
24.7986 112
24.8547 144
25.2196 120
25.4204 238
25.4588 129
25.7034 237
25.8021 144
25.8521 126
29.2031 185
29.206 1
4509
9.6171 248
11.0511 91
11.2424 152
14.0923 243
15.0538 239
17.2314 112
17.6714 176
18.3371 236
18.5548 188
18.7671 117
18.9029 101
19.1768 134
19.8305 166
19.8921 151
19.9797 127
21.4126 95
21.5115 148
21.6773 248
22.8705 194
24.5035 149
24.5481 172
24.6612 223
24.7567 140
25.3053 225
25.5063 154
25.6715 175
25.7298 141
25.8071 238
27.8686 165
28.25 185
28.5253 244
29.5337 138
29.7434 169
30.0982 122
30.7006 222
30.8358 133
31.6859 227
31.7072 1
8613
9.5437 233
10.2269 146
10.3681 193
11.2973 231
11.3682 214
11.4919 166
11.6814 125
11.8063 114
11.9493 147
12.1894 186
12.3142 114
13.1288 150
13.7866 218
13.9709 222
14.2077 90
14.2424 149
15.4055 229
16.0598 245
16.0834 240
16.2909 152
16.7071 136
16.7881 149
17.0986 204
17.2595 213
17.3253 130
17.53 94
17.6963 126
18.124 107
18.1559 136
18.2581 141
18.3603 178
18.5222 111
18.7437 117
18.9197 183
19.08 85
19.1512 171
19.1947 132
19.5844 235
19.8261 239
20.0159 246
20.4289 211
20.6854 126
20.9153 203
20.9746 117
21.3339 136
21.3878 140
21.943 230
22.132 108
22.4551 191
22.8081 215
22.8904 174
22.9038 93
23.1651 237
24.4521 200
24.5199 190
24.8465 228
25.362 204
25.5167 247
25.9353 221
25.9379 243
26.1921 225
26.3105 209
26.4291 246
26.9633 144
27.06 121
27.1419 154
27.1834 110
27.3374 159
27.4726 226
27.7741 155
28.0016 191
28.1244 208
28.3704 229
28.5042 188
28.5221 160
28.6375 101
28.6948 119
29.2685 95
29.6594 235
29.7611 86
29.8788 220
30.0764 105
30.2944 153
30.3507 213
31.2066 129
31.4318 231
31.4576 148
32.1293 96
32.2088 178
32.3095 210
32.6691 140
32.8037 84
32.9556 229
33.2826 162
33.315 111
33.626 146
34.0026 86
34.0355 127
34.5587 143
34.7917 1
9179
9.2474 94
9.7022 205
10.5774 247
10.8651 163
10.9081 236
11.2288 176
11.35 168
11.5613 206
11.6527 152
11.657 176
11.9451 132
11.9568 135
12.5419 248
12.871 244
13.095 169
13.152 240
13.6865 195
13.7147 172
13.9947 179
14.5884 246
14.6121 131
14.6259 125
14.6362 150
14.9713 109
15.523 214
15.5327 130
15.5942 170
15.8686 205
16.0243 125
16.1265 183
16.287 85
16.9359 151
17.0932 130
17.7527 85
18.123 159
18.3244 106
18.6201 164
19.613 234
19.6398 222
19.9772 196
20.1905 114
20.212 152
20.731 162
20.864 198
21.3361 160
21.4206 130
21.5963 141
21.9176 131
22.0248 181
22.1446 189
22.4197 244
22.6123 99
22.6267 129
22.6622 153
22.8001 151
22.8786 131
22.8899 141
22.9745 169
23.1022 232
23.3789 238
23.617 170
23.6356 184
23.6615 98
24.0279 222
24.2378 130
24.3946 95
24.436 123
24.7554 157
24.8332 146
24.9942 179
25.1265 224
25.1743 232
25.5406 238
25.7412 110
25.8667 89
26.2924 93
26.5538 243
26.5563 230
27.0918 85
28.0674 187
28.9591 145
29.246 153
29.5299 144
29.654 98
29.8347 177
30.3353 122
30.6137 248
31.1971 233
31.8737 187
31.9625 180
33.9724 128
33.9877 194
34.0204 107
34.9308 111
34.9347 228
34.9808 92
35.0212 203
35.0464 230
35.0789 219
35.0834 233
35.6953 129
36.6199 1
3857
9.8589 188
10.2667 98
11.1903 182
11.1921 119
11.2871 108
11.4447 225
12.1344 184
12.5483 226
13.9175 246
14.1346 202
14.3998 141
14.4764 168
14.7913 102
14.9972 122
15.4653 109
15.6545 139
15.8085 172
15.8765 229
16.0051 108
16.0175 137
16.2059 178
16.7288 216
16.819 135
17.2579 190
17.4439 176
17.6729 157
18.2844 227
18.3768 173
19.487 181
20.1308 153
20.3061 94
20.388 110
20.5662 148
20.7655 199
22.5196 186
22.5477 218
22.997 102
23.177 118
23.3042 186
23.4727 130
23.6935 182
23.8627 175
24.4846 132
24.9389 197
25.0192 190
25.1096 206
25.5348 132
25.6003 161
25.6157 84
26.4254 142
26.8227 144
26.8371 107
26.8777 219
27.076 232
27.3434 98
27.4907 102
28.7469 207
29.0359 237
29.0809 137
29.5257 1
3188
9.9953 188
10.2057 185
10.4455 212
11.145 241
11.5807 86
12.825 115
13.6068 202
15.376 84
15.9215 129
16.1871 168
17.2055 158
18.109 141
18.6579 234
19.3004 103
19.6379 216
19.6929 140
20.0035 192
20.5161 210
20.5267 107
21.6806 229
23.2323 90
23.713 246
24.8603 246
25.2537 197
25.9345 166
28.0754 186
28.2718 115
28.6142 119
28.7467 246
28.7572 165
28.8318 136
29.3173 181
30.4091 149
30.6055 95
30.6772 214
30.8147 243
31.4055 123
31.4267 1
7178
9.8532 169
10.1806 220
10.1991 95
10.3533 140
10.4267 183
10.4551 170
10.4987 189
10.7785 172
10.7983 151
10.9242 182
11.1101 187
11.3971 136
11.7897 191
12.1951 149
12.3689 126
12.7744 225
12.9693 239
13.1087 87
13.3057 101
13.3473 207
13.5012 199
13.5949 215
13.6365 158
14.1822 139
14.4041 204
14.697 204
14.7152 207
15.274 204
15.7157 130
15.9677 97
16.2015 226
16.273 121
16.406 138
16.4256 235
16.4976 94
16.6772 101
16.6883 146
16.9698 206
17.7427 248
18.0828 116
18.6445 115
18.8243 98
19.1208 246
19.1489 126
19.2505 129
19.2983 106
19.3041 204
19.43 203
19.5577 103
19.6916 94
20.4858 244
21.437 244
21.5152 135
22.2145 245
22.2661 112
23.1735 188
23.7176 241
23.8087 211
24.1697 100
24.2339 196
24.4557 108
24.6368 132
25.0861 198
26.6118 131
26.9668 91
26.9829 221
27.0394 202
27.6703 110
27.703 180
27.8047 234
28.0102 86
28.1584 237
28.8783 130
28.919 159
29.4489 186
29.6704 220
29.8674 92
30.0341 160
30.1746 116
30.2268 167
30.383 185
30.4096 217
31.1646 197
31.817 121
31.972 200
32.1945 127
32.2764 144
32.5663 173
32.5749 229
32.874 207
32.8941 162
32.9848 184
33.124 223
33.1468 215
33.2658 161
33.2926 145
33.3203 246
33.5584 113
33.6566 190
33.7208 1
7289
10.2347 138
10.9143 101
10.9418 123
11.0135 236
11.0487 242
11.2864 243
11.6871 231
11.69 109
11.7086 165
11.9239 216
11.9594 101
12.0498 145
12.4356 122
12.5473 220
12.7518 220
12.9409 196
13.7975 157
13.9491 109
14.1379 125
14.24 111
14.5311 116
14.9998 234
15.0031 161
15.0059 117
15.6197 120
16.4033 244
16.509 180
16.6675 166
16.6927 126
16.9983 96
17.0845 124
17.115 99
17.1442 187
17.5586 92
17.9614 210
19.0211 223
19.0479 245
19.3848 109
19.4168 239
19.6806 98
20.1504 188
20.3234 85
20.4449 214
20.4756 106
21.2352 179
21.5257 179
21.7158 114
21.8405 164
22.2682 162
22.7401 87
23.0401 194
23.0541 191
23.1516 181
23.3611 128
23.5909 115
23.7236 228
24.0167 203
24.3851 129
24.7197 216
24.7627 115
25.5467 103
25.6072 144
25.8642 202
26.0438 201
26.3847 121
26.4449 171
26.4518 238
26.4658 162
26.5349 228
27.5553 194
27.6006 222
27.6646 219
28.4757 106
29.3438 227
29.4544 207
29.6731 245
30.9145 222
31.0031 242
31.093 149
31.189 90
31.4686 100
32.6628 156
32.7649 167
33.9909 91
34.0132 198
34.0452 208
34.1188 146
34.1763 225
34.2078 119
34.4228 88
34.6397 207
34.8504 99
34.98 190
35.3673 218
35.5659 87
35.6724 91
36.1543 193
36.2595 126
36.4963 228
36.5072 158
36.6962 103
36.9273 1
2781
10.2958 105
10.3193 160
10.4878 204
10.5302 98
10.8187 234
11.5623 84
11.7296 229
11.9431 152
12.4013 199
12.8052 188
12.8581 126
13.4136 186
13.4385 152
13.8484 196
13.9576 95
14.2713 176
14.5577 148
14.7918 112
14.9675 181
15.3407 206
15.5143 246
15.9448 240
16.3791 235
16.9479 100
17.1833 166
17.4066 157
18.1146 114
18.148 142
18.1611 200
18.1757 205
18.3258 235
18.4227 159
19.0183 92
20.6902 184
20.8277 110
22.0202 97
22.586 174
22.8073 216
23.1044 247
23.259 104
23.3169 209
23.5107 175
23.5326 234
24.0776 145
24.5878 124
24.6822 146
24.9149 212
25.5575 244
25.5659 198
25.8446 233
25.9054 104
26.1072 108
27.7534 180
27.8744 206
28.0995 201
28.2049 189
28.404 158
28.5725 116
29.1512 110
29.2193 1
2232
10.5075 153
10.539 117
11.3983 192
11.6514 113
11.8078 244
11.9752 235
12.2222 100
12.4384 154
12.6336 146
12.9444 246
13.3089 129
14.1063 228
14.2873 125
15.3554 125
15.5191 134
15.6018 103
16.1545 140
16.6589 181
17.348 158
18.3767 199
18.723 89
18.8116 174
19.3586 204
20.034 134
21.2351 130
21.9046 182
22.439 200
22.477 169
22.7781 201
24.9191 91
26.3233 97
26.9079 134
28.0281 167
30.2825 175
30.3156 167
30.8307 222
31.0516 147
32.0202 1
5764
9.8331 96
10.2388 218
10.2557 183
10.2801 228
10.3976 227
10.3994 151
10.6024 89
10.7515 179
11.1516 86
11.1863 220
11.8021 245
12.0469 154
12.2078 239
12.389 207
12.5952 223
12.9531 204
13.1806 115
13.4318 100
13.4481 142
13.9672 177
14.0086 186
14.519 118
14.6288 113
14.6944 141
15.2192 209
15.2919 161
15.5765 91
15.5858 121
15.5994 135
15.9425 97
16.132 166
16.2072 138
16.2595 95
16.3086 137
16.8348 193
16.846 107
16.8541 158
16.8602 240
17.249 246
17.3453 176
18.3104 213
18.8373 205
19.0127 225
19.1381 216
19.4051 226
19.9672 159
20.0326 100
21.024 208
21.1079 225
21.3957 192
21.6452 157
21.7855 119
21.8723 92
22.1214 121
22.45 220
22.6921 225
22.7236 202
22.7275 156
22.7672 179
22.7991 152
22.8243 127
23.5226 128
23.9862 128
24.0818 164
24.5326 99
24.9261 180
24.9793 108
25.7935 204
25.7942 226
26.6351 194
26.7372 175
26.8006 204
27.2336 203
27.2431 146
27.7701 217
27.896 216
27.9122 233
27.9288 162
28.0417 236
28.1894 129
28.4432 236
28.859 138
29.3169 102
29.4119 127
29.4161 219
29.7545 170
29.949 99
30.1468 188
31.2773 192
32.1493 109
32.525 247
32.7697 170
32.9603 239
33.1261 233
33.2354 145
33.3254 118
33.6335 236
33.9466 93
33.9521 97
34.1614 1
5043
10.501 194
10.6248 132
11.2214 147
11.4308 186
11.4378 172
11.7393 232
11.9856 232
12.386 122
12.4742 239
12.7789 112
12.9984 130
13.3719 236
13.5631 119
13.6604 129
14.0541 172
15.0715 116
15.0865 194
15.2044 91
15.451 88
15.7507 229
16.3331 149
16.4483 183
16.5785 133
16.9768 183
17.1019 146
18.5456 162
18.6054 192
18.6474 236
18.7662 154
18.8961 93
19.1942 239
19.6548 83
19.8982 170
19.9459 124
20.0715 232
20.2624 239
20.8641 218
20.9506 212
21.3529 244
21.9887 174
22.3609 124
22.5502 195
23.75 139
23.8755 85
24.1684 247
24.403 153
24.4094 235
24.5739 84
25.0186 107
25.0919 98
25.2678 123
25.4854 112
25.628 245
25.6462 100
26.6062 88
26.7455 246
26.9596 179
27.0899 200
27.3021 208
27.3782 133
27.4873 177
27.579 94
28.3766 127
28.422 86
28.4892 108
28.9553 245
29.0105 105
29.21 150
29.5824 126
30.0838 123
30.2234 135
30.6007 136
30.636 104
30.7643 224
30.8789 227
31.021 163
31.3666 160
31.532 245
31.7011 106
31.7051 110
31.7686 221
31.9387 223
32.2223 165
32.2541 93
33.6934 189
34.1643 123
34.6713 217
34.7876 174
34.8286 218
34.9227 106
35.2898 102
35.3291 179
35.6586 248
35.9565 208
35.9896 226
36.3688 214
36.7774 239
36.8202 184
36.8492 145
36.9461 227
37.211 112
37.2357 1
3936
10.6597 103
11.3286 237
11.5585 231
11.7491 224
11.8228 151
11.8549 173
12.1789 176
12.6397 176
12.9074 156
13.1841 175
14.122 101
14.8832 137
15.6143 111
15.616 210
16.1582 216
16.5223 141
16.6401 105
17.2709 192
17.3093 225
18.2736 156
18.4906 194
18.5631 159
18.6374 172
18.8087 243
18.8796 233
19.3889 122
19.4781 189
19.9117 102
20.0428 227
20.0862 140
20.0913 142
20.1233 248
20.1336 182
20.3757 104
20.5903 193
20.8754 153
20.9585 235
21.6796 202
21.6943 150
21.7175 216
22.1445 146
22.416 88
23.1575 195
23.2511 182
23.6113 84
25.0074 91
26.1213 145
26.1617 90
26.6385 145
26.7912 134
26.8834 112
26.9667 113
27.0228 174
27.4161 142
27.5088 123
27.6909 127
28.6548 189
29.0559 112
29.0941 162
29.881 1
2480
9.6081 204
9.7805 121
10.3996 88
11.1428 186
12.6275 119
12.7668 96
15.0357 240
15.4752 167
15.7609 100
15.9532 119
16.1033 227
16.5592 201
17.1504 241
18.0833 145
18.1344 199
18.2988 147
18.6021 204
19.8164 141
20.5677 237
21.0044 162
22.3005 118
24.2444 113
24.3559 141
24.4371 184
25.2558 195
25.8589 148
26.0789 104
26.8282 231
26.9068 132
27.0965 113
27.6887 140
28.8082 222
28.8432 249
28.9178 152
30.1547 138
30.2706 157
30.2766 225
31.8904 1
5768
10.0706 196
10.3445 244
10.4035 163
10.512 105
11.4323 248
11.5491 123
11.6012 224
11.752 171
11.8758 241
12.2177 105
12.5889 130
12.7182 98
13.2359 197
13.7937 185
13.8755 226
14.0984 142
14.2685 235
14.5115 140
14.5391 189
14.8252 132
14.9432 106
15.2849 199
15.7694 182
15.8221 213
15.8556 116
16.0849 216
16.1248 138
16.4687 87
16.7701 171
17.0806 88
17.6667 164
18.1868 132
18.4295 105
18.484 100
18.556 165
18.5887 224
18.5996 231
19.0084 91
19.1468 170
19.2383 155
19.3742 237
19.7067 154
20.2388 162
20.3653 175
20.4699 222
20.6046 132
20.8076 157
20.8174 194
20.8702 126
20.9804 138
21.3111 219
21.321 92
21.5367 152
21.5437 103
21.73 88
22.4777 222
22.6305 128
22.7329 83
23.2905 174
23.3757 176
23.4643 92
24.1591 90
24.4374 239
24.8507 131
25.1971 159
25.765 237
26.6352 228
26.7383 131
26.9586 202
27.1835 217
27.2817 196
27.5894 99
28.5137 136
28.572 242
28.5728 124
28.8127 201
29.3084 227
29.5495 110
30.571 245
30.5989 87
30.6507 133
30.8196 195
30.8695 230
30.879 83
30.8808 154
31.2576 105
31.3165 116
31.48 218
31.6761 230
32.7352 240
33.2256 116
33.5196 113
33.7315 98
33.7896 186
33.7934 186
33.8181 229
33.8613 245
34.1444 186
34.2534 129
34.6386 1
7093
9.9867 145
10.1186 189
10.2842 149
10.619 115
11.3506 147
11.472 240
11.6599 214
11.9122 225
11.9447 238
11.9679 224
12.2278 223
12.3537 95
12.3871 92
13.0207 178
13.5163 209
13.5194 201
13.6664 140
13.7723 84
14.1889 128
14.357 95
14.3732 173
14.4068 246
14.6282 214
14.6604 149
15.2265 195
15.853 248
15.9313 94
17.1 181
17.2502 99
17.8726 183
18.5147 236
19.0519 193
19.1056 239
19.213 119
19.4113 98
19.4846 195
19.9116 185
20.0538 138
20.0637 226
20.1058 238
20.3591 171
20.699 149
20.8307 152
21.3441 190
21.4308 208
21.6902 154
21.7294 142
21.8126 238
22.1337 132
22.4133 115
22.7065 211
23.6828 170
24.1814 135
24.8196 104
24.8586 237
25.1179 200
25.1481 198
25.2192 208
25.3511 201
25.3982 178
25.626 135
25.9418 235
26.5601 99
26.6108 171
26.6388 241
27.2418 87
27.8335 154
27.9739 162
28.004 175
28.1344 138
28.2866 121
28.6118 88
29.6299 152
29.8081 187
31.1165 117
31.2527 98
31.3398 199
31.4139 223
31.5187 167
31.562 191
31.6414 107
31.896 187
31.9634 94
32.3219 141
32.993 168
33.1767 141
33.8604 100
33.9454 198
34.0112 140
34.0216 215
34.5734 226
34.9163 84
35.0741 205
35.2471 215
35.7178 230
35.7182 126
36.0319 130
36.0328 108
36.3971 182
36.473 148
36.5821 242
36.8996 1
4957
9.0614 178
9.6745 198
9.8945 204
11.0097 181
11.1298 159
11.3472 241
11.6796 161
12.4303 242
13.0989 156
13.3412 102
13.365 98
13.4715 84
13.6098 104
13.9358 157
14.0349 104
14.3644 151
14.4333 115
15.1385 242
15.7461 93
17.0084 175
17.2718 133
17.4773 244
17.5659 209
18.3547 171
18.4824 104
18.5469 207
18.5613 133
18.6432 153
18.8108 223
18.9759 121
19.1067 86
19.1186 140
19.4076 182
19.5306 224
19.6866 186
19.7399 243
19.8139 236
20.3097 219
21.2771 246
21.397 206
22.0021 248
22.1356 94
23.6882 153
23.8696 96
24.053 122
24.383 143
25.3809 143
25.719 161
25.7875 246
25.9694 222
26.4117 216
27.2442 209
27.2651 162
28.3846 92
28.5859 203
28.7669 101
28.8733 209
28.8988 236
29.1099 218
29.1455 1
2965
9.5155 207
10.213 95
10.9592 135
11.4849 106
11.7246 93
12.6436 91
13.5167 221
15.8094 86
17.2936 247
18.2154 112
18.4232 159
19.2019 214
19.2497 132
19.7209 92
19.7938 233
19.7956 212
19.9236 144
20.1271 220
20.3545 124
22.2645 193
22.3045 249
23.5068 204
23.6563 106
24.6476 223
24.8341 87
25.1136 196
25.1159 201
26.1311 92
26.1324 217
26.3185 200
26.6825 170
26.8394 231
26.8583 208
26.98 88
27.1731 178
27.442 121
30.3284 88
30.4982 1
6391
9.7131 216
10.0937 226
10.2962 157
10.3201 123
10.4671 225
10.83 171
11.4691 212
11.4949 97
11.8235 219
12.2465 215
12.5005 179
13.1148 100
13.4526 120
13.6023 168
14.0967 176
14.1302 163
14.2652 212
14.3159 230
14.7684 218
15.0671 155
15.1373 187
15.1805 138
15.5803 242
15.8043 147
15.92 137
15.9807 212
16.2867 185
16.3944 160
16.6471 207
16.7465 209
17.6227 216
17.9935 224
18.0898 159
18.1824 207
18.37 221
18.5682 136
18.8248 110
18.8361 164
19.4167 100
19.4842 91
19.704 139
19.7281 110
20.3402 180
20.9735 103
21.0172 204
21.0252 105
21.2375 154
21.4166 167
21.784 94
21.8779 247
22.0887 193
22.1005 127
22.6733 219
22.7371 93
22.917 165
23.0621 87
23.6874 229
23.8342 233
24.1837 115
24.1979 229
24.5352 86
24.7562 178
24.7727 110
24.8481 150
25.2133 195
25.2983 141
25.4938 118
25.699 118
25.9113 196
26.0292 220
26.0808 178
26.3672 94
26.4923 123
26.9333 137
27.1274 92
27.3458 135
27.6708 138
27.7736 215
27.98 123
28.3107 84
28.3338 148
28.6338 110
28.8806 163
29.4339 117
29.764 96
30.1485 99
30.3963 163
30.6713 132
31.027 194
31.7512 128
31.9097 107
31.9537 126
32.0697 112
32.0999 131
32.2702 136
32.4011 94
32.7002 167
33.1735 205
33.3996 145
33.8986 1
9219
10.2164 185
10.3972 179
10.5852 139
10.6762 102
10.8701 197
11.0437 214
11.5141 247
11.5559 118
11.7064 140
11.9404 96
12.0789 144
12.0972 240
12.7776 191
12.8341 209
12.9383 97
12.9462 156
12.9803 99
12.9873 135
13.8155 89
13.9447 235
14.0932 97
14.36 155
14.387 125
15.8552 245
15.864 157
16.1591 156
16.8466 150
17.1459 132
17.5141 105
17.9149 126
17.9435 124
18.4724 85
18.7751 155
18.97 231
19.0632 179
19.1004 138
19.2972 84
19.3295 178
20.0262 178
20.0496 118
20.4552 113
20.5518 87
20.5533 129
20.5717 90
20.8647 224
21.0237 193
21.1031 122
21.2119 212
22.1743 209
22.4599 238
22.5383 118
22.7048 120
22.7144 168
22.8058 179
22.9211 196
22.981 223
23.5079 93
24.3177 122
24.5315 99
24.5841 123
25.1527 238
25.4561 96
25.4641 117
25.7835 135
25.8769 110
26.4481 151
26.9569 219
26.983 199
27.377 187
27.4394 157
28.4976 85
28.8642 147
28.9018 149
28.9334 168
29.6762 154
29.7402 221
30.4049 232
30.4714 160
30.5244 167
30.6461 111
30.7362 242
31.0014 207
31.7357 147
32.2841 243
32.3915 186
32.6486 136
33.1647 137
33.2809 217
33.6537 119
34.1823 87
34.3471 110
34.5714 174
34.694 244
34.953 118
35.1336 133
35.2782 95
35.8062 98
35.9313 156
36.0529 185
36.8982 117
36.9502 131
37.4448 1
4908
9.5164 195
10.4643 190
10.6754 169
10.7028 163
10.7656 130
11.1352 175
11.4703 182
11.8605 218
11.8696 162
11.9622 196
13.1318 172
13.5966 152
13.6729 171
13.9235 200
14.1457 228
14.2401 184
14.3484 162
15.3822 127
15.526 203
15.5467 247
16.1547 95
16.6146 224
16.6888 163
16.7522 223
17.3137 212
17.3203 226
17.3668 137
17.6518 122
18.3406 222
18.5595 126
18.6978 223
18.7875 240
18.8654 170
19.0559 193
19.1109 91
20.1139 236
20.2419 188
21.2399 238
21.4575 99
21.6912 163
22.1795 141
22.3299 145
22.5811 247
23.8878 88
23.9872 218
24.4464 114
25.3365 195
25.5677 115
25.8306 202
25.9369 180
26.4059 208
26.4145 191
26.6334 215
26.6581 179
28.3303 247
28.4778 108
29.1189 137
29.2075 154
29.516 182
29.5505 1
3612
9.9595 220
10.971 104
10.9943 137
11.4916 239
12.5968 137
12.6684 86
12.9043 203
13.5704 116
13.8532 89
15.4846 240
16.0417 178
16.3857 135
16.6295 201
16.6995 238
17.0311 134
17.7391 133
17.74 105
18.186 234
20.032 139
20.0822 198
21.0876 223
22.2866 96
22.4248 168
22.7346 222
23.1295 133
23.7748 222
24.5991 115
24.7553 202
25.6894 235
25.8079 169
25.9517 97
27.5582 92
27.9692 237
28.0205 109
29.9294 157
30.0472 197
31.3282 144
31.9074 1
10071
10.01 183
10.2796 242
10.8911 136
10.9719 170
11.4172 90
11.5681 171
11.6842 224
12.0924 243
12.2521 227
12.4934 191
12.6072 161
12.7596 153
12.9812 103
13.2649 209
13.6029 222
13.7214 192
13.8002 153
13.8922 197
14.0856 221
14.3941 123
14.6201 203
14.8145 130
14.9132 244
15.0165 209
15.1411 112
16.4082 164
16.4469 126
16.5425 122
16.6935 103
17.4286 164
17.4404 219
17.493 223
17.6002 242
17.6183 98
17.6371 235
18.0913 244
18.3305 218
18.3791 209
18.8052 244
18.9013 246
19.2681 216
19.5354 173
19.7188 145
19.9755 213
20.8646 158
21.1918 108
21.3633 103
21.5382 237
21.6106 96
22.8386 151
23.097 178
23.2587 198
23.5531 132
23.8734 156
23.8923 92
24.401 156
24.5837 235
24.763 83
24.7942 145
24.9767 191
25.0019 139
25.2615 103
25.2896 101
25.502 126
25.6744 172
25.9387 108
26.3871 220
26.4625 157
26.5153 227
27.3157 200
27.4355 109
27.852 142
27.9382 111
27.9915 98
28.2469 171
28.4666 114
28.8694 249
29.0516 125
29.5772 89
29.7028 129
29.7224 119
29.9482 118
29.9877 110
30.2658 228
30.3523 178
30.3838 185
30.4697 213
30.6393 201
30.7396 200
31.6766 236
32.0551 151
32.2111 246
32.5553 139
32.6124 183
32.7939 96
32.9214 103
33.2627 115
33.7404 182
33.8765 239
34.1853 1
11755
9.5299 237
9.6121 90
9.9276 103
10.7598 166
10.9558 102
11.3244 209
11.4962 87
11.6405 186
11.8471 232
12.2092 238
12.3895 225
12.7249 170
13.233 118
13.5013 169
13.5026 118
14.1714 194
14.2254 231
14.3407 141
14.617 239
14.7138 171
14.794 190
15.3791 87
15.6131 172
15.8995 158
16.0737 101
16.6814 128
16.9897 201
17.3009 91
17.8248 177
17.9769 87
18.0346 172
18.2263 141
18.6796 139
19.6722 181
20.0145 144
20.2384 206
20.2776 203
20.7151 100
21.2303 209
21.3676 230
21.5218 171
21.9421 171
22.0132 222
22.0841 188
22.7431 241
23.3211 216
23.5272 120
23.7153 135
23.7898 179
24.3114 200
24.3872 145
25.0646 136
25.1081 244
25.4051 100
25.4506 219
26.1342 209
26.5057 141
26.5456 127
26.8027 132
27.2873 236
27.4545 217
28.1671 117
28.6245 234
28.7058 164
28.7621 214
28.7694 86
28.8501 130
28.8801 89
29.1812 215
29.5781 232
29.81 92
29.9219 124
29.9503 104
30.2416 161
30.2811 224
30.4105 134
30.9206 180
31.8319 219
31.9313 217
31.9658 95
32.4501 113
32.7264 227
32.9997 196
33.1036 222
33.1968 228
33.3072 162
33.6318 233
33.8471 100
34.219 200
34.5933 128
34.72 199
35.2216 175
35.5137 126
35.6893 211
35.9311 229
36.0134 122
36.1308 181
36.4153 94
36.6805 151
36.8799 193
37.0677 181
37.1808 1
7561
9.4837 179
9.6231 141
9.6533 222
9.7611 100
10.1743 191
10.6523 244
10.6847 215
10.712 93
10.8278 143
11.0771 249
11.6678 86
12.02 136
12.7187 170
12.9837 188
13.2719 211
13.3677 86
13.8613 190
14.4646 83
14.6984 157
14.7451 174
14.8895 166
15.2178 104
15.3724 123
15.3911 90
15.7608 148
15.8207 92
16.0397 176
16.3959 161
16.4185 122
16.449 119
16.8045 239
17.3274 168
17.6678 173
17.7957 227
18.4543 165
18.5587 199
20.3527 171
20.9085 124
21.0955 114
21.1577 156
21.3933 138
21.4905 176
22.2994 128
22.76 168
23.3501 97
23.7062 195
24.4269 86
24.73 238
25.7481 107
26.1145 100
26.5194 91
26.7877 122
27.3392 142
27.4658 107
27.6139 202
28.08 141
28.1688 124
28.3256 172
29.356 213
30.0096 1
4898
10.8744 151
11.8692 229
12.064 195
12.5074 177
13.0305 189
13.5103 147
13.5155 192
13.6316 138
13.7152 246
14.2758 237
14.6559 153
15.1711 173
15.6683 91
15.8459 87
16.3506 204
17.2281 224
17.2882 152
17.3483 98
17.9695 84
18.4272 203
18.4556 111
18.7536 132
18.8922 204
20.7765 199
21.4311 116
21.6633 245
22.0055 207
22.1193 201
25.077 210
26.0774 143
26.2104 127
27.1387 147
27.1842 168
27.7154 134
27.786 238
29.4443 171
30.2103 167
31.3984 1
12398
9.6194 192
10.6326 222
10.7813 169
10.8861 247
10.9791 172
11.4004 221
11.6446 211
11.6683 132
11.808 160
11.9034 103
12.241 185
12.552 236
13.0636 118
13.3841 246
13.6123 161
13.6462 89
13.851 150
13.895 206
13.9405 226
14.2967 202
14.4256 129
14.7863 120
14.985 154
15.0081 130
15.1589 198
15.6364 162
15.8723 245
16.0104 196
16.0533 205
16.1872 195
16.5991 163
17.0724 117
17.1769 97
17.4346 116
17.5341 152
18.0633 111
18.1614 196
18.1645 198
18.3327 226
18.3571 141
18.5952 118
18.6752 226
19.1052 193
19.5779 173
19.5944 245
19.9751 100
20.167 137
20.237 93
20.7814 188
21.2092 120
21.6157 195
22.2572 195
22.4542 222
22.5675 128
22.8188 121
23.3922 222
23.4559 175
23.5661 181
23.6691 83
23.6715 229
23.8182 215
23.8911 223
23.9576 165
24.9174 108
25.0332 109
25.2444 153
25.5011 247
25.7039 91
25.7583 197
25.7815 200
26.49 103
27.0294 88
27.1476 206
27.8293 112
28.002 196
28.3828 102
28.4669 162
28.5184 174
28.8011 185
28.9655 173
29.1885 122
29.1889 172
29.4117 87
29.8445 228
29.9654 91
30.1646 179
31.4106 200
31.4708 100
31.6785 173
31.745 118
31.9946 85
32.0224 187
32.1626 139
32.2509 98
32.9479 189
33.1937 191
33.2143 232
33.242 135
33.3349 230
33.4291 1
12100
9.8138 110
10.8958 185
11.0875 170
11.4842 113
11.9147 248
12.481 125
12.5498 204
12.8399 181
12.9944 99
13.3124 182
13.6259 217
13.8415 136
14.1002 200
14.4011 126
14.5473 195
14.6905 209
15.5638 164
15.6509 214
15.7195 159
15.8261 149
16.0665 150
16.4557 193
16.7085 161
17.6736 148
18.1593 177
18.1664 187
18.2724 97
18.4018 182
18.7156 236
18.8524 119
18.9899 150
19.9794 246
20.0194 147
20.0437 151
20.4378 212
20.6646 87
20.8711 101
20.899 94
21.1391 219
21.1621 103
21.2749 131
21.4643 235
21.4893 107
21.7138 210
21.7292 159
21.7945 134
21.7952 222
21.9824 238
21.9977 130
22.0571 204
22.1964 141
22.3076 205
23.4858 100
23.4899 233
23.6148 249
24.6038 157
24.6388 231
25.9116 196
26.0862 134
26.5901 182
26.8334 168
27.4897 101
27.8561 236
27.9646 227
28.0242 139
28.1007 240
28.1463 157
29.3561 128
29.4476 83
29.858 217
30.2954 93
30.3865 160
30.7053 160
30.8417 134
30.8434 103
31.4432 215
31.5165 125
31.6251 209
32.5389 245
32.6602 110
32.8793 146
33.0024 180
33.0225 191
33.248 87
33.3019 184
33.731 197
33.7332 240
34.0551 84
34.5345 220
34.7893 133
35.1071 137
35.1165 191
35.5308 156
35.5622 238
35.739 160
36.3153 212
36.4082 101
36.5224 149
36.6939 245
36.7293 91
37.0194 153
37.0611 1
8942
8.3137 149
8.4518 128
8.5552 196
8.5886 184
8.5917 131
8.715 147
9.0128 167
9.4286 229
9.4887 225
9.8591 114
9.9553 144
11.1329 223
11.2767 246
11.2836 228
11.3035 236
11.637 154
11.8739 201
12.1677 124
12.243 146
12.3411 130
12.7354 232
13.0533 88
13.371 186
13.7732 152
13.9917 200
14.434 92
14.5921 239
15.5441 185
16.1549 204
16.5635 188
16.8576 173
17.4135 161
17.7679 180
18.3947 126
18.4192 123
18.5844 232
18.8539 180
18.9972 125
19.3504 129
19.9129 154
19.929 130
20.6419 184
20.7184 170
20.9615 133
21.2171 155
21.4135 156
21.8383 212
22.2741 101
22.3434 131
22.5129 103
22.8629 156
23.1381 231
23.6731 243
24.5071 155
25.4245 156
25.5349 211
25.8112 240
25.9197 124
25.9979 96
26.7208 1
5657
8.808 174
8.9343 154
9.4468 125
9.6966 98
10.4107 143
13.9082 218
14.1068 183
15.3328 124
15.4062 223
15.8015 242
16.1865 227
16.6201 93
16.8405 153
19.1743 98
19.9031 181
19.984 140
20.3949 248
20.9233 115
21.7216 120
22.2479 158
23.3487 182
23.942 219
24.2473 106
24.4341 201
24.8868 190
26.8123 196
26.9411 211
27.193 117
27.2482 202
27.2694 151
27.3909 128
27.4817 181
28.2243 164
28.3379 171
29.3647 141
30.0325 140
30.0327 153
30.2361 1
13829
8.1639 191
8.734 125
9.082 138
9.175 195
9.6778 174
9.8116 214
9.8218 179
9.8732 172
10.4276 167
10.4335 191
11.0059 126
11.1882 194
11.6603 214
12.3787 92
12.5481 133
12.663 141
13.0371 108
13.0526 91
13.2106 166
13.3849 127
13.6937 142
13.996 152
14.335 178
14.808 120
14.9166 113
15.0974 150
15.5964 90
15.842 129
16.1284 174
16.3328 150
16.3361 113
16.5016 199
16.5408 84
16.5637 202
16.711 114
17.7164 183
17.7491 163
18.2066 140
18.3064 184
18.3954 122
18.7562 121
19.2618 218
19.3626 127
19.6559 248
19.7434 97
19.8547 196
20.0398 167
20.1021 210
20.8158 232
21.3384 90
21.5395 241
21.6682 83
21.8021 152
22.5157 181
22.6906 100
23.0003 167
23.0097 141
23.3606 185
23.4073 160
23.6664 228
23.7556 142
24.0467 182
24.3943 155
24.45 113
24.4563 131
24.8849 179
25.1931 125
25.5158 166
26.0228 221
26.4942 235
26.5944 244
27.0528 236
27.0939 166
27.6138 121
27.8216 243
27.8874 210
29.1458 220
29.3884 88
29.4241 243
29.443 105
29.675 187
29.688 212
30.4002 116
30.5096 169
30.6522 137
31.0052 246
31.1421 121
31.3102 125
31.7212 130
31.7304 196
31.7771 211
31.9676 100
32.1419 102
32.1922 126
32.3144 183
32.6425 222
32.8914 148
32.9047 151
33.243 182
33.9509 1
17185
7.5888 140
8.2898 113
8.8654 156
9.0272 107
9.395 85
9.3953 110
9.4787 85
10.0645 229
10.142 128
10.59 140
11.4142 107
12.5966 126
12.6477 121
12.8944 150
13.0735 225
13.1041 145
13.1521 92
13.4517 135
13.6215 120
14.1121 148
14.3527 85
14.4566 227
14.9931 219
15.4612 122
15.4991 209
15.8892 134
16.0344 248
16.5331 234
16.6975 168
16.851 241
17.2566 238
17.3234 242
17.552 92
17.8308 110
17.9805 161
18.165 88
18.1873 215
18.2931 117
18.5121 100
18.6155 103
18.9631 122
19.0379 138
19.0442 84
19.3485 89
19.4149 213
19.7731 90
20.5082 116
20.6126 223
20.7559 214
20.7812 233
21.5085 127
21.5554 248
22.4733 147
22.8479 157
23.5385 174
23.8324 96
23.9025 84
24.105 107
24.6929 151
24.8408 179
25.412 93
25.4505 95
25.5679 153
25.6642 126
26.1733 155
26.2599 198
26.7068 184
26.8014 233
26.9725 119
27.0542 236
27.1108 146
27.2274 222
27.4587 167
27.5163 98
27.9616 166
28.0665 94
28.1799 182
28.2456 217
28.7521 191
28.789 160
28.8548 128
29.0673 92
29.1988 164
29.2384 115
29.3209 218
29.8166 168
29.8384 133
30.3067 109
30.7133 138
30.934 110
31.78 95
32.1859 207
32.6305 174
34.0734 181
34.212 205
34.3583 238
34.414 234
34.6747 192
34.9261 130
35.1469 129
35.4069 228
36.2517 1556
7977
8.5648 119
8.6084 182
8.7349 200
8.7459 112
8.8147 190
9.8883 179
10.1158 191
10.2558 99
10.3268 211
10.3653 122
10.3846 180
10.4736 237
10.5061 102
11.2007 162
11.8834 224
11.9787 212
12.0363 86
12.7431 155
12.9456 220
12.9612 204
13.101 164
13.1345 99
13.583 240
13.8957 122
15.1602 219
15.3694 133
16.2508 218
17.2637 207
17.8471 224
18.3216 87
18.4004 181
18.4118 199
18.4233 240
18.4739 230
18.6063 108
18.6174 200
19.1242 214
19.87 102
19.9611 167
20.1381 235
20.1812 210
20.651 220
20.709 221
20.8031 201
21.0632 224
21.104 201
23.423 215
23.4731 147
23.8164 219
23.8742 239
23.9378 136
24.5191 207
25.5427 108
25.6315 150
25.6608 136
25.9265 205
26.0586 237
26.1306 206
27.4142 104
27.8131 1
7576
8.5733 205
8.8933 128
9.0833 248
9.1261 159
9.7104 148
10.2936 85
11.0639 139
12.1802 191
12.6129 134
12.7611 92
13.5415 104
14.2331 110
14.2495 113
15.3984 191
15.7737 226
16.3961 122
16.8636 171
17.1856 97
18.745 239
19.0015 138
19.2568 90
20.3171 194
20.3908 101
20.4979 230
21.1361 206
22.6429 147
22.6973 133
22.8209 164
23.3838 204
24.0595 201
24.679 184
25.1996 104
26.7313 128
27.105 231
28.5709 240
28.5844 202
28.673 183
31.2271 1595
16462
7.9278 195
8.875 205
8.8983 103
9.1531 220
9.192 123
9.2785 143
9.2797 195
9.7322 126
10.8745 135
10.9033 240
10.9913 211
11.4913 147
11.5462 97
11.5915 178
11.8864 141
11.9563 218
12.8521 185
12.8916 157
13.1073 155
13.3369 243
13.356 125
13.3941 117
13.4044 97
13.5244 106
13.939 236
14.011 231
14.1047 188
14.218 103
14.4189 220
14.4946 133
14.7932 137
14.9209 87
15.0661 103
15.3472 193
15.3576 202
15.5572 249
15.7126 87
15.8502 118
15.8583 109
16.2027 247
16.4633 195
17.0424 215
17.2558 172
17.5492 143
17.5986 172
17.688 169
18.4529 244
18.6097 84
19.5904 172
19.8214 243
19.9404 181
20.0905 129
20.7029 105
21.0028 85
21.0347 114
21.1486 123
21.1865 211
21.435 178
21.5405 179
21.7291 108
21.8817 96
21.9744 148
22.0234 238
22.179 187
22.2849 125
22.6069 151
22.841 112
23.2833 205
23.4509 156
23.7736 89
24.4436 128
24.7295 214
25.5877 98
26.014 97
26.0403 196
26.0644 162
26.6505 83
26.6573 234
26.7092 219
26.8944 92
26.9354 147
27.5039 242
27.5688 164
29.1028 104
29.1515 208
29.4761 105
29.5043 137
29.6451 139
29.7411 125
30.1094 219
30.2717 85
30.9021 198
31.0207 231
31.3667 130
31.5007 100
32.1437 108
32.6924 145
32.7055 161
32.8402 222
33.0113 736
14863
10.2293 187
10.2793 223
10.3054 136
10.4971 206
10.6742 91
11.4064 244
12.0541 142
12.5691 182
12.6695 144
12.6748 91
12.9199 222
13.1105 179
13.3611 170
13.5073 108
13.518 228
13.8913 141
14.1586 222
15.1469 104
15.2353 206
15.2644 96
15.2693 242
15.7264 168
15.7292 144
15.8069 96
15.8886 84
16.226 205
16.4834 245
16.7947 89
16.9022 204
17.0182 147
17.2311 115
17.4048 162
18.1405 236
18.2318 213
18.4072 142
18.6166 214
18.7171 246
18.7991 149
19.1334 94
19.2801 231
19.3606 123
19.892 237
20.2832 143
20.6509 190
20.9071 149
22.606 155
22.6077 232
22.7246 195
23.7056 200
23.7099 171
23.934 180
24.6514 221
24.7751 138
25.2311 132
25.5404 128
25.5701 90
25.7048 124
25.7134 240
25.816 176
25.8749 241
26.1222 190
26.2762 228
26.3248 125
26.4211 202
26.9558 244
27.7397 178
28.0165 234
28.6015 184
28.6207 199
28.6439 147
28.9491 87
29.4237 188
29.7164 163
30.364 100
30.5011 247
30.6921 126
31.2393 118
31.3743 211
31.7455 236
31.7838 200
32.0117 204
32.1865 218
32.3768 237
32.9028 120
33.0818 114
33.1296 113
33.1356 172
33.3075 144
33.347 221
33.3616 193
33.6541 209
33.8112 204
33.8642 87
33.9217 214
34.0851 127
34.416 182
34.5263 152
34.6194 115
34.7598 87
34.8522 134
34.876 236
35.8453 1
9797
8.532 225
8.7685 211
8.8101 119
8.9616 105
9.2118 139
9.9767 111
10.0901 147
10.1001 227
10.1489 173
10.5225 238
10.6364 216
11.0876 97
12.7604 160
12.7976 245
12.8863 241
13.328 168
13.3358 208
13.4547 174
13.74 138
13.9613 197
14.0347 86
14.9535 180
15.159 129
15.5212 186
15.7798 152
15.9191 116
16.0271 187
16.0957 226
16.2953 177
16.534 124
17.0502 201
17.133 217
17.6819 151
17.7335 125
18.2186 168
18.2462 112
18.3148 186
18.4514 209
18.8844 171
20.0659 107
20.6377 174
21.4167 172
22.7505 216
22.9179 179
22.9963 90
23.1732 227
23.6492 212
23.7841 135
24.7818 170
24.9781 228
25.1316 146
25.3804 204
25.4295 109
25.9157 178
26.6398 146
26.6818 238
26.6996 163
27.6971 118
28.087 84
28.7753 1
7507
8.3426 198
8.3698 141
10.3667 238
10.6365 96
11.1394 105
11.5745 122
12.1561 120
13.3919 155
14.3794 99
14.99 196
15.2154 240
15.3872 228
15.6667 149
17.9153 207
18.0612 102
18.1474 123
18.1547 158
18.4432 122
18.9359 130
19.1703 166
19.4321 101
20.0935 235
20.4787 193
21.3394 93
21.8939 134
22.1461 192
22.9146 177
24.4647 208
24.7967 182
24.9243 179
25.0328 188
25.218 224
27.4072 87
27.5808 104
29.1817 209
30.0348 211
30.1774 109
30.7032 1587
16042
8.4528 168
8.9511 117
9.1075 187
9.156 248
9.7782 188
9.9798 113
10.0743 105
10.1223 94
10.3496 242
10.5709 190
10.6085 180
10.8096 218
10.9276 140
11.4951 147
11.6891 136
11.9727 214
12.4259 217
13.0451 197
13.0724 134
13.4123 222
13.5224 179
13.808 86
14.2092 165
14.4043 212
14.6605 139
14.7925 92
14.9069 138
14.9709 215
15.2544 248
15.2567 231
15.4609 239
15.5489 209
15.6666 208
15.8399 108
16.3578 242
16.3627 111
16.5059 193
17.0878 115
17.291 207
17.7504 143
17.911 146
18.8233 164
19.0275 115
19.3372 233
19.542 89
19.6129 194
19.6158 91
20.0142 191
20.2115 177
20.4752 176
20.6606 144
20.6785 242
20.6891 221
20.8774 207
21.014 108
21.4155 106
21.6229 130
21.627 202
22.0587 163
22.2374 202
22.6261 85
23.0569 184
23.1419 199
23.3338 213
24.0407 109
24.048 98
24.1139 148
24.1709 240
24.2098 157
24.4801 217
24.8176 118
24.9937 203
25.01 93
25.8535 181
25.8905 141
25.8952 181
26.1068 101
26.2014 109
26.3624 236
26.868 232
26.9078 176
27.2473 163
27.7139 227
28.3664 222
28.4464 238
28.7949 177
29.0706 136
29.7197 238
30.1379 194
30.1856 92
30.2627 200
30.6629 200
30.9142 157
31.2529 109
31.4102 182
31.4154 199
31.499 200
31.6 132
32.2004 118
33.0666 1
15096
8.3243 101
9.0109 147
9.0903 246
9.1439 215
9.7815 95
10.0653 187
10.1626 84
10.5158 199
10.5684 149
11.1084 160
11.442 155
11.6894 149
12.5887 235
12.7851 232
12.8286 98
12.9561 121
13.4264 98
13.6853 222
13.8828 167
14.0558 168
14.6718 107
15.8183 218
15.9517 151
16.2443 205
16.381 245
16.7123 143
16.9286 166
16.9998 126
17.0542 143
18.1056 168
18.2182 169
18.4761 232
18.4929 166
18.8658 88
18.8884 180
19.0962 140
19.2104 218
19.3186 92
19.4609 106
19.5968 203
19.9396 104
19.9708 122
20.1603 124
20.1778 143
20.393 144
20.507 123
20.5451 101
20.7266 187
21.0621 156
21.1711 235
21.1841 247
21.693 212
22.0934 178
22.0972 95
22.7689 96
23.1969 112
23.5045 86
23.6424 99
24.084 133
24.4592 107
24.7043 97
25.8433 89
25.9814 198
26.7324 220
26.8484 195
27.2138 130
27.5951 229
27.8088 147
27.9631 164
28.1032 229
28.4444 227
28.448 227
28.5579 173
28.8538 183
29.1214 145
29.377 213
29.4658 147
29.5311 191
30.253 130
30.3031 117
31.3015 125
31.3945 153
31.5983 212
31.6045 181
33.0137 194
33.0625 184
33.174 111
33.2234 169
33.3544 213
33.3865 118
33.4376 101
33.7455 213
34.1649 114
34.2244 197
34.3393 224
34.8511 226
34.8763 151
34.9302 85
35.1296 169
35.3829 198
35.4225 248
35.8863 1
9202
4.9524 235
5.7258 110
6.6054 203
6.634 188
7.4347 156
7.7136 94
8.0693 139
8.1358 217
8.7084 146
9.1035 142
9.3593 217
9.9291 100
10.0586 154
10.4398 104
10.6744 199
10.975 222
11.0682 146
11.3306 143
12.0545 92
12.2576 107
12.4333 109
12.5956 207
12.6413 212
13.208 165
13.8675 88
14.0241 205
15.0941 229
15.3759 230
15.8101 187
15.9616 114
15.9925 238
16.1727 244
16.1998 120
17.1961 245
18.2401 159
18.4185 225
18.5482 141
18.6347 130
18.7162 172
18.7855 223
19.2625 177
19.3916 104
20.3979 184
20.4779 86
20.6777 130
20.7067 86
21.0711 163
21.2494 237
21.6608 164
22.9076 205
22.9357 218
22.9568 124
23.1949 105
23.5556 243
24.1398 107
24.4852 113
24.6543 134
24.6856 135
25.3724 181
25.6275 1
5331
5.2085 167
5.3177 216
6.0132 184
6.0792 211
6.1107 224
6.5688 143
6.7763 84
8.6941 88
9.051 243
10.0308 99
10.4601 105
11.9471 142
12.5663 169
12.908 144
13.8148 169
14.2489 86
16.4234 108
16.8569 189
17.4831 179
19.0654 146
19.9546 111
20.5981 133
20.6971 178
21.5863 104
21.7307 187
22.4965 115
23.3427 139
23.9736 121
24.1611 191
24.5476 178
24.9341 206
25.0911 127
25.6844 188
26.5315 139
26.7806 91
27.3826 236
27.6206 226
28.1342 1
12572
4.5817 151
5.7325 129
5.9794 138
6.1765 92
6.4201 198
6.6913 88
6.7563 203
6.8976 248
7.0271 192
7.6971 231
8.2709 246
8.3389 133
8.5561 200
8.6837 188
9.142 227
9.219 99
10.0973 202
10.1386 98
10.484 92
10.7788 160
11.3527 90
11.6293 156
11.6592 120
12.0714 117
12.3506 88
12.639 210
12.9376 129
13.1218 216
13.3353 247
13.3449 126
13.588 87
13.8633 83
13.9318 110
14.0196 243
14.463 97
14.8743 177
14.9794 239
15.0897 165
15.3064 208
15.5106 207
15.5961 168
16.2718 97
16.421 219
16.549 247
17.0265 118
17.2018 168
17.5356 227
17.7993 208
17.8952 118
17.9815 159
18.0154 125
18.6076 236
18.7118 228
18.7582 89
18.7889 112
19.0177 213
20.4063 98
20.8989 207
21.7059 103
21.8868 190
22.1935 220
22.1984 220
22.9619 104
23.042 130
23.2436 97
23.5334 117
23.7397 144
23.8233 245
24.0743 189
24.4313 106
24.4755 236
24.6123 167
25.1553 114
25.4808 245
25.488 118
25.7512 217
25.8714 220
26.2499 89
26.7718 86
26.8045 211
26.8193 193
27.1858 206
27.3234 206
27.4572 142
28.138 101
28.2047 178
28.3903 208
28.7749 130
28.8279 219
29.0014 101
29.2391 93
29.379 88
29.5456 213
29.5486 88
29.7099 89
29.7318 208
29.7392 202
29.9751 171
29.9816 226
30.0288 1
14075
4.8933 158
5.3099 123
6.2449 113
7.1213 203
7.2922 231
7.4702 248
8.0145 104
8.192 161
8.2666 159
8.8888 132
8.9516 238
9.0621 173
9.0966 147
9.1627 113
9.3337 204
9.6023 109
9.6303 181
9.9562 143
10.5629 232
11.0676 120
11.3709 132
11.5516 184
11.9525 232
12.2421 222
12.6442 98
12.6909 116
13.0325 227
13.1415 197
13.9719 200
14.0058 207
14.3491 211
14.4353 165
14.4823 145
14.8132 168
15.2316 223
15.9689 194
16.005 249
16.2738 144
16.8811 176
16.9174 119
17.0998 105
17.1445 149
18.0477 195
18.5345 88
18.9937 96
19.0326 180
19.054 226
19.1321 199
19.5034 106
19.7397 141
19.8409 97
20.3254 230
20.3961 240
20.5218 128
20.6009 128
21.3128 233
21.3527 163
21.4901 196
21.7392 152
21.9496 125
22.5287 163
23.4812 241
23.7105 218
24.1286 152
24.2154 147
24.2704 118
24.5359 84
24.5424 184
24.8152 110
25.1822 153
26.2873 227
26.3012 177
27.0765 135
27.2187 236
27.5627 211
27.8661 156
27.9247 192
28.0678 219
28.1075 195
28.2911 207
28.4878 156
28.5703 208
29.6526 208
29.6576 160
29.8472 221
29.9051 151
29.9338 133
30.1633 176
30.2266 146
30.5685 146
30.8711 112
30.9916 189
31.1842 240
31.4134 154
31.5484 235
31.7725 234
32.0096 134
32.1053 183
32.6224 231
33.3547 192
33.4464 236
33.7331 1
6356
3.8005 133
4.7671 95
4.8481 192
5.2383 158
5.5256 99
5.6091 83
5.8101 132
5.8169 149
6.1495 151
6.8398 193
6.8939 90
7.7549 234
7.7927 199
8.1582 188
8.4923 207
9.041 85
9.5322 126
9.9532 106
9.9627 147
10.1297 215
12.1985 242
12.2739 172
12.377 169
12.6076 175
12.6389 168
12.8148 220
13.0056 239
13.5283 212
13.8056 88
13.8862 151
14.1097 131
14.2034 130
14.3222 230
14.4745 144
14.4954 116
14.6276 210
14.6996 232
15.204 93
15.6048 124
15.7469 222
15.857 221
15.9417 203
16.0343 196
17.0618 234
17.1182 152
17.1388 173
17.1904 128
17.2061 86
17.2458 85
17.6754 228
19.1671 236
19.3708 175
19.8895 236
21.703 220
21.7573 215
22.1314 210
22.5153 226
22.6324 165
23.2162 181
23.3257 1
4939
4.727 236
5.5033 216
5.8259 247
7.0958 240
7.3891 189
7.465 231
7.9776 221
8.3393 99
8.3725 195
8.591 165
8.6865 220
9.1281 238
9.1597 155
9.6807 134
9.7463 227
9.7624 188
9.8864 182
11.3813 142
11.4954 89
12.6462 140
13.3345 203
14.6746 118
14.6892 98
15.2791 154
16.3922 237
18.1418 86
18.1598 238
18.3238 88
20.4037 154
20.9847 173
22.4663 113
23.0453 152
23.2133 107
23.632 192
23.7237 137
24.4773 115
25.962 100
26.0965 1
11927
4.5344 216
4.6694 215
5.2297 89
5.3349 129
5.9448 159
6.1486 115
6.9306 218
7.0419 162
7.758 151
8.098 92
8.1028 154
8.9889 183
9.0033 244
9.1099 104
9.4045 145
9.5101 212
9.5262 138
9.7218 216
10.0106 222
10.1079 185
10.2683 168
10.2758 188
10.2997 163
10.3907 188
10.7276 99
11.4179 179
11.4716 231
11.8272 150
11.9588 175
12.1214 217
12.216 155
12.2355 140
12.3059 87
12.5892 137
12.6694 129
12.7622 235
13.0031 165
13.2668 125
13.4244 203
13.6854 233
14.0991 229
14.341 133
14.4551 200
14.7205 245
14.7933 170
14.9988 104
15.3811 115
15.5132 131
15.5724 190
15.6035 236
15.921 114
16.985 195
16.9851 194
17.4241 217
17.6866 91
17.8791 125
18.2021 194
18.7695 83
18.7862 104
19.0627 177
19.3614 187
19.5588 133
19.6561 116
19.8131 112
19.9491 126
19.9783 144
20.1838 181
20.3424 134
20.3553 137
20.4167 229
21.0978 110
21.2809 224
21.4396 138
21.9429 171
22.7321 234
22.8281 170
22.8775 140
23.0652 243
23.1727 203
23.9533 200
24.3032 202
25.4862 140
25.5759 206
25.9397 236
26.5799 166
26.7155 131
26.7919 105
26.9695 145
27.298 187
27.4218 168
27.5377 224
27.7148 133
27.9495 94
28.0111 143
28.5519 104
28.649 154
28.9177 104
29.7459 241
29.8518 182
30.0268 1
13122
4.4009 178
5.2032 178
5.2092 186
5.5019 220
6.4358 206
6.7123 154
6.8361 174
7.266 111
7.3185 193
7.4074 187
7.9073 248
7.9627 159
8.1666 135
8.4328 145
8.4971 210
8.752 144
8.8718 236
9.0126 190
9.1388 202
9.2539 156
9.4538 164
9.6677 133
10.1773 167
10.2543 95
10.7794 196
11.4639 119
11.6577 156
12.0082 138
12.3554 101
12.4285 110
12.4662 132
13.6802 173
14.3086 128
14.5954 204
14.9018 111
14.9021 188
15.2936 184
15.4895 222
15.7219 169
15.8519 109
16.012 164
16.5606 137
16.7226 100
17.5465 180
17.6398 238
17.9672 156
18.283 157
18.2974 131
18.681 195
18.7085 147
18.7442 113
19.329 202
19.4625 146
19.5134 241
19.5876 161
19.7447 175
19.8133 132
20.2273 232
20.364 247
20.6717 161
20.7251 160
20.9295 171
21.2764 99
21.4775 248
21.5568 143
21.8295 102
22.1906 133
22.3711 126
22.6091 233
22.6752 240
22.7666 202
22.7674 125
23.208 201
23.304 233
23.4 183
23.9796 208
24.9759 86
25.0007 179
25.3107 104
25.3651 167
25.8052 213
26.3804 106
26.424 192
26.758 178
26.8644 89
27.5724 145
27.6357 188
28.2563 122
28.3691 85
28.3995 133
28.6452 244
28.9335 99
29.3007 145
29.6361 102
29.8237 126
30.0686 227
30.2249 107
30.6817 138
30.7076 184
30.7557 238
31.0004 188
32.1433 1
6720
4.0763 141
5.2354 91
5.3128 98
5.3236 120
5.3742 159
5.4376 126
5.6123 225
5.6533 197
6.3476 229
6.5191 167
6.8571 162
6.9029 169
7.2588 209
7.2683 191
7.5294 141
7.6568 220
7.7101 190
7.7787 131
7.8637 122
8.0287 210
8.1567 234
8.3105 156
8.6075 155
9.4595 186
10.2828 127
10.7495 120
10.8604 135
10.9759 178
11.0723 117
11.1721 201
11.4045 141
11.7193 151
13.0961 124
13.3029 189
13.4659 91
13.8046 181
13.919 201
14.0518 153
14.3773 237
15.4148 196
15.9624 230
16.0964 167
16.3128 94
16.4178 223
16.5514 103
17.3193 141
17.3812 228
17.4437 168
18.8881 139
19.1332 175
19.4719 224
19.5688 108
21.1364 227
21.4361 92
22.1575 243
22.1726 143
22.2865 143
22.3686 196
23.0799 202
23.5311 1
4774
2.904 91
3.341 237
3.4597 99
4.2835 173
4.4294 120
6.3472 112
6.3952 202
6.8966 186
7.841 119
8.0598 191
8.8243 124
8.9384 202
9.6323 166
9.8684 217
10.0304 235
10.1355 123
10.7976 85
11.0659 91
11.5459 246
13.641 199
13.7002 184
14.3957 112
15.858 206
16.1976 229
16.2177 186
16.736 144
17.7311 159
18.7014 228
18.8589 146
18.9689 150
19.7467 163
20.1628 170
20.5788 133
20.6809 201
22.1219 229
22.6826 173
23.9066 127
24.3483 1
11141
2.1959 134
2.5425 213
2.7312 105
2.9444 129
3.6382 133
3.9428 143
4.0202 127
5.3751 229
5.3954 197
6.0248 138
6.1126 226
6.4273 237
6.4609 150
6.586 231
6.6817 207
6.7383 90
6.7619 158
7.0739 215
7.4953 125
7.9558 219
8.1535 132
8.3054 240
8.3138 155
8.5164 109
8.519 93
8.5452 133
8.6997 162
8.9939 147
9.0379 147
9.2494 206
9.3987 229
9.4604 89
9.7017 208
10.0262 86
10.1913 160
10.3046 136
10.5142 153
10.7165 201
10.8916 101
11.0251 227
11.387 144
11.5929 137
12.1041 206
12.1205 138
12.9655 182
13.1453 88
13.2803 134
13.4098 199
13.9246 234
14.2683 178
14.4114 150
14.512 189
14.7685 245
14.9142 222
15.6168 247
15.8057 193
15.9498 132
16.0905 212
16.475 121
16.878 178
17.197 126
17.2043 203
17.2518 198
17.281 220
17.8059 92
18.449 140
18.4847 101
18.5852 112
18.6198 122
19.3825 155
19.908 174
20.0492 135
20.2985 245
20.3858 112
20.7147 235
20.9584 160
21.2216 132
21.5803 246
21.6341 183
21.6665 155
22.8351 247
23.1616 115
23.4267 134
23.6338 191
23.7254 227
23.81 88
24.9421 180
24.9479 242
25.2096 147
25.2274 172
25.2715 200
25.5555 234
26.0462 86
26.5738 230
26.6057 195
26.6102 173
26.7002 101
26.9313 110
27.128 241
28.0581 1
11643
2.1417 132
3.113 106
3.5005 226
4.2613 191
4.6765 238
4.8722 195
5.0676 235
5.0747 220
5.2274 93
5.5686 200
5.5916 201
5.6281 231
5.9126 144
5.9165 207
6.5471 127
6.6649 106
6.7799 96
7.0101 205
7.2893 178
7.3067 177
7.6812 90
7.7784 212
8.0479 100
8.2871 164
8.2911 163
8.9698 140
9.0974 124
9.2228 143
9.4674 126
9.5797 88
9.6624 205
9.8839 197
10.6779 161
11.3464 89
11.3469 216
11.3697 238
11.5426 100
11.7146 88
12.1482 183
12.3957 144
12.4056 87
12.5493 223
13.1417 134
13.3657 123
13.9718 249
14.2064 196
14.7976 119
15.0707 127
15.1016 191
15.1876 153
15.3882 182
16.3036 204
16.4163 136
16.4351 235
16.8562 161
17.2766 149
17.3207 123
17.9191 221
18.1925 136
18.5391 241
18.8544 104
18.9004 182
19.005 149
19.1101 226
19.4342 239
19.4752 184
19.7307 113
20.1307 165
20.139 156
20.2152 136
20.3798 245
20.6965 211
21.0233 201
21.0723 212
21.4847 235
21.7053 175
21.8031 213
21.9334 158
22.2402 129
22.4495 211
23.3923 176
23.6575 213
23.6602 207
24.1731 84
24.3424 207
24.4645 217
24.5771 100
25.3077 164
26.0454 103
26.4506 127
26.5367 183
26.702 231
26.944 202
26.9729 99
27.1798 211
27.7832 111
27.7929 222
28.2986 181
28.5022 91
29.2678 166
30.2622 231
30.4001 1
6338
1.2847 87
1.4747 218
1.9956 187
2.2684 240
2.6033 172
3.4545 202
3.85 129
4.2217 192
4.8314 245
5.0056 228
5.5296 200
5.5919 220
5.6763 166
5.8304 203
6.171 121
6.2355 96
6.3747 121
7.7736 229
8.1789 151
8.4605 194
9.1606 110
9.2608 211
9.6296 216
9.8137 201
9.9678 150
10.0313 123
10.0912 125
11.3433 212
11.3726 98
11.6952 200
12.1587 173
12.3901 97
12.3928 214
12.4069 194
12.4143 226
12.453 97
12.6688 179
12.8164 86
13.1083 207
13.1575 190
14.0998 114
14.688 99
14.7383 119
14.8866 86
15.3374 99
16.0071 236
16.7942 123
17.5805 114
17.7722 110
18.5096 221
18.9242 117
18.9683 122
18.9943 206
19.9587 165
20.0216 227
20.1414 247
20.1601 108
20.4043 232
21.4336 150
22.1506 1
3815
1.7783 204
2.6187 222
2.8226 146
3.6607 179
3.7693 150
4.9213 87
5.1474 98
5.8269 151
6.0397 249
7.8571 89
8.3146 169
8.7566 164
8.9401 148
9.5388 107
9.7023 158
10.2535 140
10.6839 222
10.7848 104
10.8302 162
10.8448 137
12.2254 84
12.6209 238
13.7522 153
13.9028 204
13.9169 102
14.2788 89
15.7515 187
16.4154 188
18.0268 144
18.0397 115
18.2457 204
18.7015 240
20.9368 97
20.9543 233
21.3509 162
22.4425 119
22.4771 97
23.5913 1
9069
0.9505 109
1.7867 207
1.8326 226
3.409 202
3.9397 184
4.0261 118
4.0314 196
4.362 214
4.8072 194
4.8217 192
4.924 247
4.9527 141
5.2811 127
5.4341 194
5.5317 112
5.732 108
5.861 145
6.0008 96
6.353 138
6.7693 83
6.7923 161
6.8669 83
6.9288 228
6.9401 107
6.9859 116
7.3479 222
7.3969 141
7.5716 200
7.6438 89
7.7835 161
7.9868 129
8.5245 112
8.7953 140
8.8117 126
8.8411 137
9.7011 106
10.0491 163
10.6283 240
10.6857 137
10.7917 149
10.9792 195
11.1621 131
11.6978 191
11.806 101
12.0727 223
12.3439 193
12.5478 128
12.6347 222
12.8768 159
13.3893 106
14.1021 166
14.2487 227
14.2688 235
14.9321 210
15.0452 99
16.4194 220
16.5613 172
17.3033 220
17.4175 121
17.5601 240
17.7134 227
17.8628 226
18.1948 195
18.6265 155
18.6685 169
18.9144 109
19.1509 145
19.7196 158
19.7335 223
19.7899 83
20.4138 187
20.4256 237
20.8298 205
21.015 235
21.6988 184
21.8204 164
22.1015 103
22.3923 110
22.4612 170
22.7439 99
23.3613 188
23.4149 149
23.4845 178
23.6798 89
23.7373 152
23.7795 111
24.1846 144
24.3824 89
24.4936 116
24.7363 248
24.8254 213
25.0761 133
25.1333 85
25.1709 242
25.4755 139
25.5546 226
25.5625 105
26.2195 167
27.4831 117
27.5043 1
9736
0.3694 148
0.9518 168
1.0824 127
1.4865 239
1.7813 223
1.8075 232
2.2157 141
2.4275 223
3.9563 223
4.4965 99
4.6667 123
4.8035 157
5.0409 175
5.4734 206
5.5466 151
5.8344 118
6.2617 91
6.5652 87
6.8483 88
7.362 169
7.5167 147
7.671 216
7.8154 116
8.8865 198
9.4647 181
9.7676 181
10.103 217
10.5668 100
10.7397 136
10.9864 107
11.4101 225
11.6886 230
11.9656 243
12.2382 224
12.3925 229
12.5992 163
12.7122 100
13.2402 195
13.2567 200
13.3545 223
13.6498 221
13.7813 164
14.0787 94
14.3221 213
15.2629 111
15.282 102
16.0013 174
16.1398 134
16.5583 96
16.9502 116
17.0577 191
17.1702 88
17.3041 135
17.3217 131
17.787 142
17.8598 152
18.0353 164
18.3591 144
18.4893 154
18.4959 108
19.3794 216
19.5053 84
19.6784 110
19.7803 222
19.841 210
19.8455 113
19.9008 114
20.2074 236
20.2369 104
20.4955 162
20.5083 140
21.1617 210
21.1752 212
21.1771 150
21.4968 173
21.6122 215
22.1142 199
22.2707 215
22.3886 115
22.465 207
22.5371 242
23.0979 177
23.1449 169
23.2858 85
23.5252 234
23.591 185
24.2414 141
24.4352 162
24.4442 200
24.9241 132
25.6334 213
25.7011 161
25.8564 213
26.2699 199
26.3257 114
26.5082 227
26.8399 229
27.5745 229
28.6553 170
29.1475 140
29.2367 192
30.0931 1
4769
1.9523 200
2.6099 91
2.9846 105
2.9949 239
3.0023 169
3.2627 183
3.4321 208
3.729 236
4.7108 151
4.9642 211
5.0983 204
5.5662 91
5.5795 192
5.8125 234
6.778 245
6.9194 151
7.122 173
7.1273 143
8.0071 169
8.0687 101
8.2442 179
8.3711 127
8.9655 203
9.1906 89
9.6153 85
9.7764 175
9.9613 192
10.0989 125
10.283 95
11.0839 182
11.7073 187
12.7625 92
12.8452 197
13.1447 135
13.5621 146
14.4661 192
14.5791 98
14.8009 209
15.2628 188
15.2852 133
15.6847 106
15.6962 146
15.8817 229
16.7375 159
17.147 201
17.6642 99
17.6755 142
18.1978 165
18.5202 193
19.28 182
19.4066 168
19.5719 138
19.8711 116
20.0509 208
20.1352 215
20.1538 216
20.1558 122
20.8507 230
21.7974 109
22.6589 1
3568
2.6059 200
3.5 126
3.8544 133
4.2316 124
4.2925 248
4.3101 188
5.6174 157
6.9269 112
8.2567 134
8.6667 248
8.8716 152
9.2135 119
10.2246 92
10.7854 177
10.9649 120
11.1243 208
11.219 183
11.6485 230
11.747 139
12.5532 175
13.6576 238
14.9431 103
15.4758 174
16.3594 218
16.5801 194
17.4551 195
17.6199 86
17.7168 182
17.9981 171
18.069 85
19.8078 94
20.1862 88
20.99 248
21.5327 94
22.1189 121
22.614 112
23.3753 90
24.2541 1
8057
3.1535 195
3.6764 140
3.6993 85
3.7708 108
4.2589 107
4.4545 128
4.5032 91
4.5518 153
4.6074 199
4.8031 123
5.1987 113
5.8939 157
6.5845 164
6.8119 225
6.8256 128
6.8971 129
6.9413 137
7.1331 220
7.4357 176
7.6427 162
7.6434 247
7.6687 217
8.069 86
8.1754 142
8.4491 110
8.4848 246
8.8319 238
9.6033 137
9.6254 163
9.8755 107
10.2162 131
10.3781 133
10.3816 179
10.5128 192
10.5955 233
10.873 179
11.0602 90
11.095 85
11.5831 93
11.6652 210
11.7063 85
11.8275 191
11.9844 123
12.0509 154
13.143 131
13.1627 135
13.4075 140
13.6032 156
14.1728 122
14.6247 232
14.7636 88
14.7812 195
15.0105 113
15.0148 122
15.2937 209
15.3378 182
15.3853 197
15.8142 241
15.9524 139
16.1005 117
16.1762 247
17.0822 124
17.2117 226
17.2597 215
17.4127 156
17.5464 203
17.9057 216
18.0325 124
18.3492 92
18.5079 118
18.6917 162
18.7275 239
19.426 218
19.4397 163
19.4627 120
19.5084 227
19.8691 197
20.0059 242
20.6086 196
20.7593 149
21.2704 93
21.3964 154
21.6103 214
22.4319 188
22.8587 156
23.2265 158
23.3422 167
23.3474 140
23.516 159
23.6437 161
23.9322 241
24.7047 93
26.2451 171
26.3936 159
26.509 207
26.6879 214
27.1444 104
27.5675 127
27.7486 214
28.0832 1
8151
2.1245 211
2.4386 209
2.494 182
3.6653 222
3.8976 196
4.0878 85
4.1231 214
5.1848 186
5.3472 133
5.5315 154
5.6926 149
5.8034 94
5.8648 187
5.9013 105
6.0875 122
6.5885 200
6.6109 210
6.8975 155
6.9082 84
7.2019 152
7.2358 200
7.3778 229
7.5691 215
8.2625 197
8.3655 88
8.4749 162
9.083 199
9.1726 179
9.5485 156
9.6711 244
9.8615 86
9.953 241
10.1662 196
10.3577 228
10.3939 113
11.1145 237
11.1685 106
11.3373 247
12.3 203
12.7533 83
12.797 169
12.8921 178
13.0484 167
13.0592 240
13.6456 141
13.7472 205
13.7944 85
14.2073 102
14.5187 214
14.6687 239
14.7001 96
14.7096 145
14.9289 86
14.9983 243
15.7549 228
15.9225 143
15.9731 204
16.0984 160
16.3316 165
16.537 186
16.6676 241
17.0092 237
18.0972 156
18.5317 103
19.6265 140
20.0485 217
20.1291 238
20.1437 231
20.2724 233
20.5389 209
21.6793 106
22.5968 93
22.7817 170
22.8552 219
24.0203 129
24.049 167
24.1548 100
24.2938 118
24.4025 198
24.5299 191
24.7544 137
24.7642 224
24.988 102
25.0086 211
25.2146 192
25.4027 125
25.4765 160
26.0038 245
26.1512 202
26.1977 86
26.4767 122
26.7136 105
27.5327 146
27.6881 121
27.8464 199
27.8481 204
28.026 243
28.1726 91
28.7375 161
29.129 93
29.4548 125
30.0243 1
4278
4.4239 228
4.7016 215
4.9835 115
5.3623 102
5.6337 105
5.6435 231
6.0312 169
6.6468 210
6.7558 208
7.3263 103
8.6288 222
8.8487 230
8.8681 153
8.9295 191
9.2354 93
9.473 200
9.5436 197
9.6337 171
10.3016 114
10.8946 184
10.9355 123
10.9912 144
11.5274 221
12.1036 223
12.6018 177
12.7726 137
13.3864 115
13.6404 132
13.6727 112
13.9712 151
14.017 192
14.2414 143
14.2594 188
15.4652 137
15.6981 161
15.8187 209
16.5662 196
18.1557 235
18.3806 241
18.6853 169
18.9968 192
19.4018 177
19.7769 112
19.8103 194
20.2727 128
20.2958 111
20.4139 182
20.7207 224
20.8598 199
20.8766 130
21.1713 87
21.6918 244
22.3906 92
22.837 127
23.2719 151
23.3755 145
23.4114 134
23.9439 197
24.2672 203
24.5842 1
3379
4.3781 115
6.3278 248
6.5112 142
7.9011 133
8.328 136
8.4931 103
9.3265 118
9.3445 98
10.09 144
10.3845 177
10.7663 137
11.7281 93
11.9583 159
13.1498 87
13.3447 93
13.7124 247
13.7445 160
14.1137 164
15.1197 192
15.249 98
15.6849 89
16.1739 141
16.2317 210
17.716 90
18.5198 182
18.7479 149
18.9437 234
21.4224 105
21.933 157
21.9364 133
22.0277 141
22.2811 148
23.5038 160
23.7362 92
24.4765 161
24.6984 240
24.8347 126
26.7831 1
7284
3.9089 103
3.9923 94
4.9882 226
5.4799 142
5.689 144
5.7639 180
5.7843 208
5.9375 185
6.5547 249
6.9002 133
7.7845 104
7.8292 156
8.0909 158
8.252 99
8.3071 129
8.4415 202
8.484 152
8.5222 120
8.584 120
8.8794 140
8.9604 190
9.2968 246
9.3674 120
9.7316 89
10.1995 145
10.3943 245
10.6928 222
10.7366 104
11.0268 217
11.1901 163
11.1974 149
11.3968 198
11.4015 98
11.4535 171
11.7793 141
12.2848 130
12.4164 173
12.4476 243
12.5401 135
12.5699 157
12.9897 249
13.0078 90
13.1164 172
13.1634 225
13.4205 132
14.0829 118
14.352 245
14.4821 185
14.9767 123
15.0781 96
15.1724 102
15.1825 134
15.724 178
15.8152 141
15.8362 87
16.0789 112
16.0859 172
16.1743 113
17.1921 84
17.3239 83
17.5603 121
17.5914 136
18.0829 143
18.1509 162
18.3933 107
18.4887 157
19.0046 129
19.1277 150
19.1417 190
19.4655 122
20.0195 204
20.7447 203
21.3159 195
21.5337 248
21.828 233
21.9991 120
22.0827 150
22.5429 180
23.3005 221
23.3365 94
23.5447 211
23.948 107
24.1236 83
25.2191 130
25.3903 124
25.5494 136
25.8652 96
25.9118 192
25.9789 103
26.0956 117
26.2562 200
26.4529 140
26.5729 130
26.5844 90
26.8118 246
26.8898 102
27.0368 143
27.6452 148
28.3019 186
28.3161 1
9125
3.6855 92
4.6073 237
4.8054 151
4.9574 160
5.3329 230
5.463 155
5.6343 186
6.1237 157
6.9705 151
7.3855 234
7.3951 158
7.466 201
8.1394 226
8.3679 159
8.5981 114
8.8233 147
9.4106 130
9.5596 234
9.8586 146
9.8872 159
9.9926 212
10.446 131
10.5687 97
10.8805 96
11.0545 217
11.1889 157
11.5081 157
12.0171 201
12.1464 165
12.5326 117
12.574 190
12.9165 247
12.9722 176
13.6354 162
13.6939 99
13.8461 122
14.0262 117
14.111 112
14.2864 197
14.6272 175
15.0689 95
15.3742 142
15.4169 166
16.4157 130
16.5533 95
16.9027 206
17.2465 198
17.2833 186
17.4849 231
17.5496 184
17.7373 144
17.7399 219
17.794 184
17.8499 110
17.8653 181
18.2102 130
18.595 238
18.8579 211
19.0163 200
19.4453 242
19.4838 130
19.8607 208
19.9957 138
20.095 127
20.8005 219
20.9065 103
21.0393 187
21.257 110
21.4378 213
21.6865 156
21.8032 114
21.8627 205
22.2986 142
22.3046 101
22.7759 155
22.7857 142
22.7962 121
23.2257 179
23.4464 148
24.2918 143
24.3239 237
24.5961 125
24.8834 242
25.4753 116
25.8122 176
26.5485 100
26.7864 162
27.2529 180
28.03 137
28.1922 97
28.3516 146
28.766 242
29.055 214
29.2318 197
29.3928 144
29.9454 122
30.4392 197
30.704 122
30.706 187
30.9811 173
31.0645 219
31.1154 1
7565
3.395 166
4.1201 220
4.2279 242
5.5616 229
6.0882 122
6.2734 236
6.3731 104
7.1438 129
7.1676 155
7.3221 178
8.2852 190
8.3634 174
8.5838 246
9.1446 246
9.7902 161
9.9959 98
10.229 110
10.389 165
11.6113 85
11.6315 92
11.6892 185
12.5035 217
12.709 161
12.9624 157
13.0714 121
13.1143 184
13.3486 200
14.0606 166
14.6228 196
14.8689 132
14.8716 160
15.9149 157
16.0434 184
16.2096 155
16.717 105
16.8716 206
17.7381 106
18.4063 155
18.7266 224
19.3367 101
19.4947 208
19.5467 186
20.1072 179
20.1104 200
20.4379 123
20.5976 123
20.6085 240
20.9047 125
22.0061 104
22.3089 128
22.3688 126
22.3956 219
22.7067 188
23.2207 110
23.4514 129
23.8808 192
24.0104 100
24.0928 202
24.5997 118
24.9648 1
4352
5.3222 90
5.4236 130
5.9803 247
6.0755 201
7.542 90
8.034 134
8.1068 183
8.505 162
8.8235 89
8.9936 159
9.0744 131
9.2648 181
9.5357 175
9.7216 218
10.3331 186
11.077 95
11.7256 101
12.2671 225
12.4071 175
12.5061 103
13.0006 139
15.5385 237
16.3096 240
16.4435 85
16.6512 108
18.0794 114
19.3562 84
19.6534 165
20.0282 230
20.3033 196
21.977 117
22.9084 229
23.5282 231
24.5453 113
24.8687 153
26.0645 189
26.8391 105
26.8443 1
9694
3.4136 141
4.5366 161
4.8287 211
5.7752 140
6.2907 218
6.3483 229
6.4737 92
7.3327 131
7.4411 138
7.5974 186
7.7397 225
8.6631 204
9.0469 145
9.1203 160
10.263 156
10.315 212
10.4159 90
10.4706 114
10.5226 107
10.8576 102
11.2136 240
11.4304 190
11.5335 147
12.032 165
12.2164 126
13.182 162
13.3139 157
13.427 189
13.652 173
13.6945 137
13.7308 178
14.913 190
15.0836 219
15.2793 193
15.5975 143
15.719 125
15.7473 200
15.8667 181
16.1813 245
16.5682 145
16.6277 214
16.7961 144
17.116 218
17.2602 130
17.5201 132
17.6575 102
17.7837 188
17.9107 219
18.0228 134
18.26 188
18.3226 188
18.5702 237
18.6214 88
18.7684 197
19.074 134
19.4251 170
19.5738 155
19.679 218
19.69 187
19.8618 156
19.8713 135
20.0863 242
20.1442 212
20.3225 242
20.3855 95
20.478 97
20.6334 151
21.1694 144
21.5269 217
21.5886 204
21.7951 237
22.1102 145
22.9762 89
23.2507 148
23.3299 126
23.4362 207
23.4982 215
23.5516 107
23.727 189
23.827 87
24.4744 234
24.6179 189
24.9528 163
25.2854 97
25.3103 158
25.615 128
25.9144 160
26.1569 160
26.4467 208
27.3351 93
27.371 162
27.4264 216
27.5349 204
27.5917 84
27.8643 202
28.0877 224
28.442 84
28.5052 85
28.5503 165
29.2326 1
12783
4.473 157
6.0127 130
6.2083 232
6.2524 124
6.2802 130
6.3971 208
6.4019 143
6.5005 153
6.5353 138
7.0409 231
7.2577 244
7.2919 167
7.5603 229
7.7593 104
7.8112 155
7.8493 183
8.5697 141
8.9196 182
8.9521 221
9.1094 146
9.1878 205
9.3145 92
9.3845 132
9.5009 144
9.8012 144
10.077 189
10.6009 248
10.817 83
11.2683 161
11.4647 187
11.4681 97
11.7583 197
11.7722 148
11.7823 156
11.8319 173
12.0059 203
12.0726 150
12.1386 107
12.497 182
12.5674 149
12.6183 238
13.8464 160
13.9164 146
14.0026 215
14.5109 179
14.6782 237
14.6878 187
15.035 113
15.6532 234
15.9584 108
16.2191 89
16.5701 99
16.8361 93
17.0038 103
17.0994 248
17.4357 223
17.5759 226
18.0365 237
18.0431 224
18.3011 91
18.8354 93
19.0345 113
19.1676 168
19.2412 136
19.7206 88
20.317 191
20.5923 231
20.9955 173
21.1712 130
21.2313 85
21.2853 171
21.3603 121
21.4524 189
21.739 193
21.9437 143
22.0617 189
22.4331 162
22.444 212
24.0208 143
24.8537 199
25.2563 118
25.5176 227
25.5503 172
26.0012 225
26.2516 214
26.4349 129
26.6366 152
26.968 214
27.1221 114
27.6398 213
28.4207 155
28.5935 112
28.6578 199
28.8772 137
29.0616 103
29.6636 209
29.973 98
30.2215 243
30.224 97
30.8128 190
30.9931 129
31.8181 1
8510
5.3166 226
6.0994 157
6.1826 216
7.2428 198
7.3612 226
8.1869 106
8.38 186
8.4467 207
8.8093 152
8.9985 132
9.0057 101
9.6534 99
9.7517 134
10.1246 198
10.9454 150
11.5452 211
12.0708 88
12.4832 195
12.7075 140
12.8275 145
12.8811 241
12.9443 228
13.2675 225
13.4415 151
13.5288 201
13.776 229
14.3841 142
14.5879 188
14.9012 206
15.3633 174
15.5795 185
15.8395 143
16.7971 240
16.91 89
16.9388 192
16.9793 170
17.7326 121
17.7494 185
18.4421 108
18.6249 169
18.7327 104
18.8411 103
19.2538 96
19.2899 209
19.5324 179
19.9423 197
20.194 91
20.5911 127
20.6155 157
20.7662 185
20.7747 219
21.1153 160
21.3022 188
21.4386 122
21.7657 98
22.0592 192
23.4136 189
24.6689 117
25.4497 172
26.3095 1
7277
4.9847 240
5.1905 213
5.8199 103
6.1734 113
6.597 178
7.2351 136
8.3913 240
8.5159 201
8.8222 140
9.7748 130
10.0514 208
10.3 109
10.718 173
10.7454 233
11.1374 174
11.7384 139
12.0275 133
12.285 189
13.8276 239
15.2195 103
15.3841 241
16.3235 105
17.5114 175
17.9281 100
18.2561 105
21.6021 116
23.0687 206
23.5712 164
24.8593 224
26.0458 106
26.7854 158
26.8626 124
26.9584 137
27.1119 162
27.1508 168
27.6323 189
27.8006 162
28.1169 1242
15745
5.8182 220
5.8843 110
6.532 242
6.6486 178
7.2345 169
7.487 166
7.8213 96
8.0732 235
8.2406 93
8.4532 215
8.8244 216
8.9369 230
9.2207 240
9.6136 212
10.1075 228
10.345 84
10.6077 247
10.8342 125
11.2748 164
11.9088 102
12.1812 140
12.4055 85
12.9884 209
13.4043 101
13.589 236
13.6505 220
13.9966 109
14.2439 175
14.3785 188
14.453 220
14.6627 102
14.7462 135
14.7611 158
15.0812 198
15.1032 222
15.4611 238
15.4911 195
15.6733 207
15.9195 131
15.9543 226
16.125 88
16.3262 165
16.7206 190
17.0947 176
17.3681 100
18.1754 135
18.7112 222
18.7825 154
18.8542 233
18.9068 171
19.0458 104
19.1962 133
19.7451 248
20.1531 118
20.4731 119
20.6857 114
21.6799 209
21.999 239
22.1206 178
22.316 198
22.4967 227
22.6809 199
22.9129 217
23.0319 167
23.0413 183
23.1397 147
23.2782 229
23.3844 190
23.6353 183
23.9443 99
24.3246 122
24.5813 104
24.8474 126
24.9254 160
25.0511 137
25.3332 226
25.4948 160
25.8899 139
26.3967 84
26.5341 230
26.5774 206
26.7256 94
26.84 106
26.9718 97
27.153 121
27.1595 149
27.4598 186
27.551 166
28.0096 148
28.3335 142
28.346 125
28.3908 221
28.4732 130
28.515 141
28.9238 168
28.9925 95
29.7096 89
29.7619 216
29.8266 179
30.6745 1
15355
5.0356 101
5.0861 218
5.5073 199
5.8151 168
5.9253 197
6.1782 111
6.1928 153
6.6378 145
7.473 175
7.554 161
7.5818 168
7.7339 152
7.7387 228
8.2862 124
8.7991 189
8.8576 134
9.058 83
9.5263 183
9.6111 170
9.6361 126
9.6535 137
9.6567 237
10.0918 231
10.2632 232
10.5997 189
10.7278 127
10.9874 104
11.5071 152
11.5469 100
11.564 156
11.6845 118
12.1753 142
12.4792 96
12.6055 243
12.7275 245
13.7108 154
14.1122 128
14.7091 148
14.8438 151
15.2099 206
15.6098 184
16.2035 215
16.2039 189
16.2749 109
16.3919 202
16.6923 215
16.8472 174
17.0 95
17.1784 241
17.2967 102
17.3796 200
17.5006 99
17.5423 155
18.2676 144
18.3121 197
18.6271 103
18.645 233
18.7334 126
19.2747 248
19.3017 244
19.5035 152
19.7231 91
19.9552 103
20.4646 133
20.7847 158
22.0479 204
22.2267 115
22.4155 237
22.6379 146
24.0333 203
24.1206 204
24.1303 101
24.6563 145
24.6768 180
24.8682 97
24.964 214
25.1542 150
25.2722 110
25.3753 180
25.8124 110
26.2208 137
26.4392 110
27.0653 240
27.2191 131
27.6293 166
27.9118 89
28.2019 146
28.4566 238
28.5286 172
28.6924 248
29.3662 126
29.4125 93
29.6103 181
29.647 156
30.3905 116
30.581 177
31.3161 219
31.6693 191
31.7105 191
32.1106 173
33.069 231
33.1175 1
8879
8.1963 242
8.98 104
9.3744 237
9.5372 129
9.8547 158
10.0499 161
10.4334 168
10.6358 173
10.7532 140
11.2435 95
11.7388 98
12.0025 135
12.0702 213
12.464 119
13.0603 246
13.0971 137
13.1781 165
13.5877 125
13.9711 158
14.6842 153
15.7208 244
16.5786 112
16.7177 121
17.2134 132
17.8433 191
18.1466 223
18.2697 182
18.3231 179
19.3752 142
19.6969 207
20.1671 123
20.1752 115
20.5602 153
20.8698 117
20.9181 105
21.0222 226
21.6008 92
21.9839 111
22.5604 179
22.771 183
22.811 208
22.8811 93
23.0931 181
23.8397 120
23.9043 111
25.519 128
25.6068 218
25.8715 210
26.0221 245
26.2782 125
26.3702 99
26.602 129
26.6883 119
26.8872 151
27.4238 225
27.654 213
27.7245 248
27.8949 169
27.918 156
27.9551 1
6135
7.8815 233
8.0518 164
9.5787 215
10.4678 103
11.0331 233
11.3617 179
11.4307 120
11.7679 242
11.9999 105
14.3763 143
15.4014 113
15.5847 233
16.0491 138
16.4463 140
17.0135 156
17.1579 214
17.1677 97
17.1703 161
17.3071 204
18.0773 170
19.5611 199
20.7564 104
21.8406 107
22.8893 164
23.7326 154
24.9608 231
25.0689 117
25.2334 237
26.2381 125
26.9464 87
27.2081 226
27.6439 241
28.3062 167
29.5167 233
30.1892 154
30.3422 203
30.6588 93
31.3789 1
15729
8.359 169
8.4269 166
8.5194 113
8.8326 214
9.3521 246
9.4093 170
9.6525 169
9.6741 135
9.6906 85
10.2257 235
10.9387 178
11.1345 94
11.4887 100
11.7411 197
11.7533 133
12.4698 237
12.5786 135
12.8919 244
13.5142 84
13.6812 183
14.1895 109
14.2128 141
14.3791 194
14.4807 131
14.511 140
14.6555 112
15.0537 176
15.81 197
16.029 108
16.328 90
17.0361 207
17.0485 193
17.8513 217
17.9345 105
18.2071 238
18.5906 193
18.8295 157
20.7325 247
20.9247 89
21.3267 214
21.7375 123
21.8705 124
22.3047 137
22.3846 143
22.5401 165
22.6234 189
22.7264 217
22.8306 222
22.8399 101
23.1828 109
23.4123 111
23.9408 127
24.0583 238
24.6322 230
24.7001 137
24.7352 214
24.8338 101
24.9794 92
25.0904 242
25.1751 97
25.2286 149
25.307 247
25.4564 246
25.5236 157
25.6065 99
26.5562 99
26.6514 215
27.118 233
27.2059 170
27.4937 206
27.6366 237
28.271 163
28.4434 238
28.5799 98
28.78 96
28.8709 241
29.7613 205
29.927 180
29.9411 247
30.6161 149
30.7394 191
30.7399 235
30.764 147
30.7713 208
30.831 233
31.2993 143
31.4433 169
31.5035 206
31.5232 225
31.6833 214
31.9009 131
31.9679 124
32.1644 168
32.219 237
32.2216 131
32.238 198
32.6636 91
33.0328 230
33.082 184
33.2603 1
16931
7.9217 159
8.0846 139
8.7191 127
8.9336 102
9.4192 193
9.8389 158
10.0167 141
10.192 109
10.6687 240
10.7286 156
11.0688 187
11.195 194
11.4411 125
11.502 174
11.6111 83
11.6145 89
11.7244 151
11.8286 178
12.2772 157
12.4709 103
12.5596 198
12.6533 155
12.8274 248
13.1275 122
13.1405 188
14.0158 161
14.3901 130
14.4865 159
14.7571 83
15.2595 96
16.1393 200
16.1548 222
16.329 153
16.4705 127
16.7388 101
16.7784 158
16.9102 177
16.957 129
17.1397 134
17.3413 101
17.4304 198
17.6653 148
17.8092 241
18.0019 95
18.2054 174
18.2072 119
18.8258 119
19.4273 115
19.4323 189
19.6123 226
19.9589 122
20.5045 235
20.5122 120
20.5149 132
20.9428 241
21.1819 132
21.7639 242
21.8038 180
22.3588 158
22.5225 150
22.671 225
23.0428 85
23.2027 215
23.4862 231
23.9074 207
24.0048 193
24.1759 173
24.9114 223
25.0989 239
25.9445 144
26.2576 107
26.3858 174
26.4574 121
26.6453 179
26.9813 190
27.1649 133
27.1868 245
27.476 126
27.602 124
27.7657 197
28.5085 170
28.6373 146
29.4474 192
29.5355 218
29.5937 248
29.6242 184
29.9224 85
30.0682 204
31.1878 226
31.363 115
31.5333 186
32.3199 217
32.7505 141
32.787 107
33.0431 212
33.0741 185
33.1124 173
33.5958 100
33.8465 235
33.9611 98
34.6023 176
34.7094 440
10264
9.9788 220
10.4766 87
10.7315 153
11.2841 191
11.3482 128
11.3996 124
11.6388 91
11.8056 85
12.2311 156
12.664 209
12.7612 104
13.0264 194
13.1254 235
13.3858 95
13.8826 160
14.0227 190
14.4117 101
14.9153 145
15.2135 97
15.6868 215
15.7713 134
15.9414 175
16.148 221
16.4654 158
16.9953 125
17.1098 221
17.5305 196
17.6881 158
17.8341 162
18.0271 130
18.5992 132
18.7669 119
19.0602 159
19.3783 99
19.561 88
19.8488 115
19.8923 211
21.2162 225
21.4992 84
21.5231 178
21.5598 131
21.8739 170
23.1234 198
23.2017 146
23.4107 236
23.6968 146
23.8991 162
23.9997 120
24.2978 191
24.451 177
24.7054 119
25.4157 163
25.754 169
27.631 160
28.0617 208
28.3304 208
28.517 131
28.8236 233
29.1536 219
29.6965 908
7556
9.5601 117
9.9307 199
11.311 108
11.5345 207
11.5355 151
12.0605 147
12.2315 163
12.3731 198
12.6654 86
12.6959 219
12.8764 237
13.3071 200
13.4168 210
15.8303 149
16.3253 192
18.2408 241
18.4205 186
19.4552 184
20.7434 165
20.8266 126
21.5452 163
21.8373 133
22.0729 183
22.1724 212
22.3395 116
22.478 132
22.5654 125
22.896 86
24.5368 153
26.6459 108
28.0626 95
28.2292 163
29.4757 246
30.0291 159
30.1896 205
30.3086 155
31.8232 245
32.4855 1393
13859
10.0942 243
10.4006 119
10.4017 174
11.051 103
11.6684 151
11.6708 132
11.7185 236
12.0641 125
12.2676 180
12.4234 89
12.7106 181
12.8239 145
13.9352 148
13.9493 173
14.2299 220
14.5181 222
14.9556 213
15.3792 126
15.5947 106
15.6819 185
15.849 227
16.1142 177
16.5456 93
16.8399 213
16.8925 146
17.3807 112
17.8102 99
17.8826 168
18.2367 112
18.2731 86
18.3543 100
18.6781 115
18.8382 228
18.8854 223
19.4048 111
19.51 226
19.6245 132
19.6822 145
19.8361 211
19.8582 114
19.9413 220
20.8632 205
20.9741 127
21.5383 124
21.6312 177
21.7443 210
22.193 228
22.4303 195
22.51 186
22.9173 160
22.9412 165
23.5462 218
24.0961 243
24.1711 166
24.4196 204
24.8697 145
25.2203 242
25.282 237
25.3607 213
26.0647 120
26.1657 160
26.3211 116
26.3683 161
26.4626 173
26.6553 140
27.0115 131
27.0118 108
27.1711 113
27.4968 102
27.5587 89
27.6106 149
27.6423 114
28.1153 192
28.1403 241
28.2432 143
28.2623 123
28.4686 199
29.0808 155
29.4571 99
29.722 235
29.989 220
30.4812 163
30.6712 228
30.8581 225
31.3972 124
31.4269 86
31.832 164
32.0057 161
32.1217 214
32.4005 143
32.6793 203
32.7899 100
33.1078 174
33.1494 221
33.2687 183
33.3296 210
33.4336 217
33.4718 243
34.1612 86
34.1746 1
15219
9.8593 100
9.8697 150
10.1868 222
10.6566 166
10.7216 231
11.3361 120
11.5449 176
11.6588 126
11.8565 156
11.8896 180
11.9884 155
12.0292 101
13.2153 245
13.4639 229
13.7887 203
14.1037 142
14.3353 166
14.4569 172
14.6009 101
14.7374 88
14.8341 164
15.0209 247
15.3081 117
15.4027 147
15.4051 156
15.7144 95
15.7445 167
16.4859 107
16.5028 201
18.1254 234
18.2909 157
18.8136 227
18.822 230
18.8739 165
18.9383 239
18.9934 121
19.0422 209
19.2657 176
19.7897 153
20.0432 214
20.1518 117
20.3205 100
20.8214 113
21.3666 136
21.5111 143
21.8737 227
21.9939 164
22.8987 199
23.0315 247
23.0636 121
23.5167 191
23.935 234
24.0345 206
24.4307 153
24.6494 166
24.7361 95
24.7714 245
24.8395 185
24.8857 130
24.9771 212
25.4865 172
25.6526 187
25.7722 247
25.8332 136
26.0214 158
27.0157 221
27.2253 86
27.5958 201
27.8185 148
28.4202 157
28.6239 244
28.8917 153
29.0633 153
29.4773 173
29.9227 139
30.0252 248
30.0926 197
30.5586 191
30.6766 130
31.0762 106
31.6974 122
32.072 186
32.3305 129
32.9068 104
33.4932 167
33.6303 163
33.8823 119
34.0745 146
34.1831 219
34.2789 206
34.3011 148
34.7012 188
34.8788 84
34.911 143
35.0238 215
35.3167 100
35.4251 157
35.4576 114
35.7578 248
36.0686 187
36.2589 217
36.735 1
8338
10.3987 167
10.8434 158
10.9524 184
11.3131 194
11.3418 124
11.3728 148
12.5434 248
12.9349 121
13.0167 157
13.1924 170
13.3047 87
13.3982 225
13.505 212
14.338 151
14.3537 152
14.6145 224
14.6831 115
14.8897 185
15.1074 228
15.1476 160
15.4095 121
16.1218 126
16.5737 129
16.8301 146
16.9785 181
17.4279 97
17.4384 185
17.4919 198
17.5022 160
17.6045 90
18.1919 122
18.227 171
19.3236 136
19.8632 87
20.2122 112
20.2986 188
20.9236 149
21.058 203
21.5902 188
21.9351 156
22.2135 175
22.2327 176
23.2385 212
23.4482 242
23.567 172
23.8124 241
23.9012 189
24.1859 100
24.2628 84
24.6916 111
24.9657 233
25.2065 132
25.8452 174
25.9248 198
26.5359 143
27.2164 105
28.0115 145
28.4709 183
28.6533 119
29.6645 1
6713
9.2295 131
10.0134 144
10.5084 192
12.7575 171
13.0832 94
13.3244 90
13.4332 209
13.6951 87
13.6992 152
14.9221 109
15.1488 87
15.6628 83
16.735 164
16.8598 142
17.1943 182
17.8457 119
19.3007 89
20.7703 161
21.9752 147
22.2613 168
23.0493 134
23.7287 141
24.179 143
24.6232 247
24.7286 224
24.7672 248
25.3764 165
25.381 221
25.6966 115
25.7484 114
26.4953 140
26.8065 240
28.8404 161
29.5946 88
29.8191 131
30.0494 147
30.8785 143
31.3876 1191
16609
9.4727 218
9.4818 203
10.0094 161
10.3202 98
10.5451 197
11.0111 173
11.677 193
11.8532 164
12.1413 233
12.2496 102
12.4818 98
12.753 219
12.9451 182
13.0731 128
13.281 128
13.3385 84
13.5104 230
13.5561 117
13.6894 240
13.9869 140
14.0681 138
14.2266 235
14.2366 189
14.3089 125
14.8168 190
15.7922 145
16.043 236
16.0548 139
16.1843 169
16.3532 134
17.2145 222
17.2605 205
17.369 166
17.6829 104
17.7207 124
18.4053 89
18.537 192
18.5822 169
19.1397 175
19.7159 167
19.9982 150
20.0461 228
20.6884 121
20.882 149
20.8968 210
20.9072 190
21.1555 132
21.3914 133
21.4264 140
21.8593 218
22.3211 117
22.4928 183
22.5319 218
22.5481 143
22.6219 239
22.6226 117
22.6712 211
22.9959 199
23.0048 155
23.0277 218
23.1683 195
23.3388 118
24.0453 133
24.1743 218
25.0947 184
25.2085 138
25.3186 230
25.5399 138
25.6298 110
25.8795 178
26.2708 156
26.416 122
26.4666 186
26.6202 203
26.6906 180
27.3841 136
27.4284 210
27.9214 91
28.5586 168
28.6751 120
29.4972 236
29.573 182
30.8118 156
30.8301 204
31.0299 129
31.4172 214
31.6441 195
31.6727 173
31.7055 167
31.9496 127
32.0425 248
32.529 124
32.7475 147
33.0011 162
33.0038 225
33.7475 195
33.9515 194
34.2398 93
34.3811 97
34.7907 36
15652
9.8112 113
9.8139 118
9.9483 163
10.2918 171
10.6054 156
10.9928 222
11.2606 199
11.518 214
11.7195 215
11.7698 237
11.9254 152
12.4037 128
12.7541 188
13.0807 132
13.1369 117
13.5577 85
13.7143 245
13.9254 249
14.2132 219
14.3362 144
14.6898 219
14.8785 166
14.9804 142
15.0747 240
15.3375 242
15.661 245
16.2488 226
16.3938 226
16.8615 195
16.9196 176
17.3359 204
17.378 168
17.5175 174
17.6149 113
18.4915 113
18.8622 179
19.1436 114
19.5468 92
19.5735 197
19.6055 219
19.7735 153
20.0872 212
20.2371 166
20.3313 217
20.3935 92
20.4211 138
21.0294 83
21.2601 148
21.4282 94
21.5306 118
21.5838 161
21.6523 171
22.0811 211
22.3679 132
22.523 94
22.6536 167
22.772 171
22.8919 151
23.3225 202
23.4948 126
23.5912 176
23.9352 108
23.9541 105
24.0187 219
24.4671 95
25.0354 165
25.045 177
25.1714 104
25.5658 158
25.5916 106
26.1773 197
26.285 211
26.3255 166
26.4101 181
26.7723 179
27.1243 188
28.7799 199
29.1425 152
29.2304 187
29.8522 89
29.8827 212
30.2054 232
30.2995 138
30.4922 235
30.7077 150
30.7371 132
30.8872 222
31.0469 113
31.3181 163
31.3903 232
31.6312 188
31.8743 148
31.9209 92
32.7941 190
32.9222 247
33.5352 137
33.7622 194
33.8162 85
33.8961 205
35.4723 159
35.968 238
36.2485 1
8527
9.4816 132
10.645 174
10.6647 196
11.4531 107
11.7123 143
11.8815 191
12.9487 210
13.1207 91
13.6414 94
14.4845 221
14.5185 156
15.042 84
16.8256 117
17.0573 111
17.1392 230
17.4894 92
17.8488 154
18.001 213
18.0676 89
18.1712 117
18.3194 247
19.0143 202
19.1095 177
19.1856 185
19.635 241
20.5777 83
20.6315 233
20.7668 124
21.1532 164
21.7666 228
22.0788 166
22.2423 144
22.5896 167
22.6524 206
22.6759 241
22.8341 174
23.0026 194
23.103 123
23.9036 91
24.9308 100
25.1635 206
25.2481 195
25.4447 216
25.8843 107
26.2349 92
26.3514 238
26.724 221
26.7709 198
27.0267 92
27.1089 139
27.1333 225
27.9138 138
28.0721 107
28.3431 230
28.8911 132
28.9199 234
28.9423 86
29.0468 238
29.0722 135
29.6039 1
6677
9.251 217
9.5546 232
9.5842 113
9.687 139
10.734 199
10.9287 206
12.7895 204
13.0414 103
13.1562 144
13.2453 117
13.61 209
14.1691 198
14.262 88
14.909 94
15.0202 231
15.2653 112
15.4421 104
17.0462 201
17.9523 120
18.4147 150
18.5785 217
20.748 118
20.8839 146
22.3315 247
22.5132 128
22.546 240
23.6147 90
24.8939 172
25.3938 232
26.4158 154
26.4492 121
26.5224 207
27.1265 157
27.534 147
28.3221 87
30.9334 188
31.7978 114
32.1023 732
15672
9.2705 172
9.9384 98
10.4868 121
10.4922 161
10.5246 228
10.5745 189
10.6396 88
11.4182 219
11.6524 157
11.7682 143
12.0648 135
12.0676 240
12.5794 217
12.6517 191
12.7189 97
13.0145 153
13.6998 208
13.8116 223
13.8233 177
14.0497 217
14.1827 189
14.3764 186
14.4598 228
14.9981 240
15.0849 219
16.2828 224
16.5096 226
16.8261 163
17.1176 117
17.2914 177
17.9379 104
18.2778 162
18.7969 150
19.137 167
19.2627 84
19.2875 238
19.5933 206
20.1593 194
20.2331 101
20.4115 227
20.9844 120
21.0862 197
21.1051 109
21.4262 139
21.6933 203
21.8347 238
22.0976 113
22.4349 85
22.6929 113
22.7348 219
22.9214 197
22.9228 136
22.952 217
23.2855 156
23.3754 229
23.6223 184
23.7179 239
23.8091 142
23.8257 144
24.1137 160
24.3636 165
24.4114 176
24.6437 172
24.6773 153
25.4413 137
25.606 236
25.7077 195
25.8409 195
26.0898 204
26.8224 241
26.9446 136
27.3687 242
27.7767 149
27.8042 184
28.1158 159
28.4308 200
28.4774 150
28.7222 186
29.0495 224
29.243 184
29.4817 237
30.4811 148
31.0707 85
31.0911 144
31.1111 180
31.1128 162
31.7347 231
31.7349 131
32.1535 149
32.2039 169
32.6535 212
33.2685 205
33.4378 245
33.6037 202
33.6243 152
33.7429 135
33.8326 193
34.1248 156
34.2356 184
34.4293 1
13345
10.7234 244
11.1113 232
11.1818 113
11.1916 247
11.6053 184
12.4167 91
12.4181 214
12.5771 226
12.7148 88
12.7578 166
12.8492 179
12.9142 173
13.2099 130
13.6269 204
14.4073 230
15.7143 213
15.7624 172
15.7817 153
16.196 163
16.7762 225
17.054 89
17.7267 248
18.2211 214
18.4636 128
18.471 151
18.7094 179
18.917 111
18.9904 220
19.0045 150
19.1266 213
19.1496 129
19.2006 247
19.3568 151
19.427 152
19.6144 135
20.0163 223
20.2203 163
20.2877 185
20.3009 214
20.5207 90
20.6243 159
20.8474 245
20.9258 171
21.0531 214
21.4678 113
21.6109 167
22.2016 154
22.514 127
22.7204 200
22.797 175
23.0813 196
23.2295 184
23.3026 236
23.3801 210
23.5101 97
23.6044 102
23.8502 155
24.5277 205
24.7689 196
25.0959 170
25.7418 113
25.7725 92
25.9858 142
25.9934 225
26.3882 150
26.4401 240
27.0831 128
27.1343 132
27.2181 97
27.4366 164
27.7342 153
28.0362 123
28.7497 165
29.0134 113
29.7998 214
30.0219 114
30.2736 235
30.5086 214
30.8367 147
30.9009 247
30.9643 100
31.0376 122
31.3621 221
32.5214 197
32.8919 166
32.9027 86
32.9138 138
33.1344 203
33.5467 176
33.6153 220
33.6902 94
33.7435 98
34.4078 107
34.5615 192
34.6675 91
35.7237 177
35.8132 190
36.0262 87
36.5199 204
36.7984 196
36.9828 140
37.1012 1
7681
9.9103 230
10.0845 215
10.6916 158
11.7855 143
11.9453 241
12.6207 165
12.9523 106
13.2799 183
13.5627 165
14.0401 183
14.0966 142
14.7321 174
14.7838 198
15.0866 214
15.2487 93
15.4637 164
15.7348 165
16.5715 98
17.0116 196
17.3105 175
17.3738 115
17.571 126
18.0613 147
18.2819 199
18.4016 223
18.5083 97
18.6273 195
18.8942 167
19.0072 155
19.1965 115
19.1968 86
19.4524 148
19.6481 88
19.7286 103
20.7596 245
21.1838 208
21.4123 144
21.4639 108
21.9127 230
21.9844 207
22.081 141
22.1922 146
22.4732 191
22.5632 219
22.9305 234
23.4769 202
23.701 222
25.1088 196
25.1364 167
25.178 115
25.4515 246
25.6831 97
27.0998 101
27.2665 115
27.6878 231
27.7713 221
28.4685 157
29.1816 216
29.2413 101
29.8172 1
5673
11.3739 248
11.561 148
11.7775 171
13.6245 131
13.8618 223
14.6677 190
15.139 220
15.3645 246
16.0675 210
18.6316 192
18.7548 179
19.0951 140
19.1769 135
19.8443 201
20.7529 202
20.7933 93
22.6412 95
23.3173 103
23.4891 165
23.7123 118
25.3233 246
25.3282 229
25.6136 163
26.091 205
26.9002 138
26.9986 98
27.6729 243
28.11 135
28.4599 180
29.1795 167
30.2339 207
30.667 248
30.8988 127
31.0837 95
31.2644 212
31.4173 151
31.6265 111
32.0673 1
13343
9.3229 93
10.2042 193
10.5919 232
10.9911 146
11.2667 102
11.3346 241
11.3493 156
11.354 194
12.1839 176
12.2547 168
12.353 130
12.5504 220
12.8785 90
13.3922 145
13.404 182
13.7479 148
13.8657 124
14.0355 216
14.6335 159
15.0178 175
15.0471 186
15.3714 102
15.6177 107
15.7766 217
15.9516 121
15.9765 114
16.2016 103
16.2766 155
16.3103 87
16.5855 108
16.7304 151
16.7409 84
17.5494 202
18.1398 247
18.3892 191
19.3793 91
19.5212 182
20.2138 230
20.2997 179
20.8247 118
20.8746 108
20.9382 243
21.0118 159
21.0504 120
21.906 223
22.2012 129
22.2347 158
22.4446 103
22.9545 215
23.4809 210
24.2856 208
24.9991 176
25.1975 97
25.3019 212
25.3976 173
25.4284 154
25.5469 185
25.6923 230
25.7207 90
25.8184 115
25.9383 135
26.3398 203
26.477 178
26.6485 149
26.7815 178
27.5716 202
28.3666 84
28.4031 86
28.6234 176
28.8802 93
29.1188 246
29.2862 177
29.3505 189
29.8523 104
29.8677 143
30.0886 148
30.3921 191
30.6365 229
31.2599 238
31.5874 156
31.6538 177
31.8226 238
31.9847 172
32.0845 238
32.5693 93
32.5928 105
32.9634 218
32.9732 136
33.0568 89
33.2245 246
33.5054 112
33.5759 109
33.6344 241
33.6785 143
33.8444 84
33.8967 150
34.2726 192
34.4526 207
34.6171 229
34.7348 1
13447
9.6015 208
10.4277 114
12.2891 170
12.8454 213
14.3194 234
14.6175 247
14.7192 148
14.7362 223
14.7878 173
14.8041 158
15.1285 211
15.1559 114
15.7076 205
16.4037 120
16.6784 233
16.7822 105
16.8401 186
16.8815 91
16.8975 200
17.0155 112
17.2333 92
17.2395 95
17.3081 139
17.9696 197
18.3065 187
18.352 170
18.7928 134
19.7603 196
19.8601 134
20.031 237
20.0351 99
20.6666 103
20.6952 245
20.7233 143
20.8124 176
20.9287 144
21.1533 217
21.2756 230
21.2776 212
21.6801 95
21.8266 231
22.88 182
23.8661 132
23.883 199
23.9912 121
24.1832 148
24.2104 122
24.237 105
24.2798 90
24.9778 229
25.1747 160
25.18 183
25.2244 136
25.5083 238
25.6541 243
25.7069 190
26.0529 150
26.1252 197
26.4063 179
26.4437 105
26.4499 206
26.7407 221
26.769 157
26.7721 228
27.5967 163
27.8678 98
28.1207 174
28.4013 199
28.6468 158
29.3529 90
29.5554 121
30.1424 143
30.4489 158
30.6999 248
30.7113 196
30.9327 238
31.0347 227
31.0497 126
31.0644 189
31.3785 206
31.5756 83
31.6553 154
32.0844 172
32.3363 110
32.8127 181
32.8214 106
32.8492 136
33.1259 211
33.2192 104
33.2684 208
33.4623 150
33.646 208
34.0358 182
34.2303 175
34.31 94
34.6769 154
34.8327 147
35.526 193
35.6913 184
35.7707 207
36.0545 151
36.3531 1
6810
10.1215 110
10.3867 166
10.4233 244
10.7483 210
11.4159 209
11.4496 176
11.8708 212
12.073 214
12.2824 208
12.3144 89
12.6326 189
13.0399 201
13.1043 207
13.3577 233
13.486 120
13.9296 247
13.9796 166
14.2596 107
14.3983 178
14.5041 175
14.6307 152
14.737 245
15.1914 146
15.7434 173
15.7505 168
15.7518 164
16.2255 126
16.4579 185
17.0717 95
17.572 144
18.622 248
18.8246 163
19.5262 227
19.8595 192
20.1592 191
20.5864 174
21.7043 85
22.5053 92
22.7035 145
22.8065 84
23.2935 226
25.0101 97
25.5963 162
26.2281 99
26.2485 193
26.431 225
26.4615 173
27.1077 218
27.381 162
27.4633 224
27.8639 125
27.9685 235
28.1979 194
28.2889 180
28.5401 172
28.7802 229
28.8401 117
28.8962 90
28.9488 238
29.0214 1
5951
10.6964 179
10.9469 115
11.0565 146
12.6078 143
12.9644 139
13.4938 178
14.8425 172
15.029 112
15.1265 121
15.9058 229
16.0118 240
16.1821 195
16.1921 232
16.2004 124
16.7132 96
17.9658 206
17.9688 127
18.1942 153
18.8359 205
18.8429 246
20.1845 172
20.1895 184
20.5188 181
20.5876 130
20.9511 195
22.1588 159
22.4996 167
23.0504 237
23.5796 175
25.0567 202
25.7498 163
26.3098 89
26.7151 114
31.2125 214
31.3586 172
31.6078 201
31.6366 186
32.0934 1
12870
9.8888 223
10.0348 169
10.3232 91
10.4785 111
10.764 175
10.8583 194
10.8852 235
10.9341 146
11.3175 112
11.4521 100
11.6318 219
11.7673 92
12.0571 125
12.4243 157
13.0037 201
13.0395 128
13.3875 93
13.7185 116
14.6408 201
15.1595 230
15.3241 191
15.5396 182
16.5565 151
17.0658 215
17.3583 88
17.7774 184
17.8545 161
18.3804 217
18.6573 187
18.7759 192
18.8997 120
18.9843 173
19.1085 195
19.1992 160
19.8504 143
19.9271 184
20.1144 204
20.1857 227
20.5204 205
20.5442 198
20.8209 111
21.1187 227
21.4706 144
22.3606 129
22.4819 196
22.4832 89
23.3106 232
23.3952 134
23.523 236
24.08 202
24.4402 213
24.5028 97
24.549 104
24.6204 213
24.678 111
24.7143 151
25.3057 110
25.4209 144
25.6102 134
25.6268 195
25.7739 188
26.0398 210
26.188 226
26.3291 202
26.4729 138
27.2469 87
27.3883 143
27.4491 94
27.6314 201
27.8774 130
28.0606 173
28.2569 226
28.8384 188
29.1057 99
29.2574 115
29.3049 216
29.6213 133
29.773 184
29.8558 158
30.2978 110
30.3274 219
30.7287 115
30.7609 182
30.8451 140
31.3547 247
31.5091 209
31.7515 159
31.8999 184
32.2042 147
32.2485 95
32.779 151
32.9555 198
32.963 100
33.5108 172
33.5733 109
33.6842 140
34.0447 216
34.2228 115
34.4116 159
34.8235 1
13895
9.3518 201
9.9161 158
10.2864 182
10.602 112
10.7648 221
10.991 199
11.3521 239
11.5149 218
11.5605 107
13.2385 89
13.4162 134
13.7842 111
14.2821 180
14.5874 136
14.7845 195
14.8015 135
15.2575 94
15.6067 220
15.6942 148
16.4747 141
16.7272 232
16.8575 95
17.6063 183
17.7211 90
17.7893 180
17.9943 198
18.2712 195
18.391 118
18.4409 97
18.5073 201
18.5346 84
18.673 201
19.3324 91
19.3472 134
19.7484 144
19.9846 116
20.0721 239
20.2354 134
20.4549 227
20.5805 217
20.7872 144
20.9216 87
21.2041 88
21.3499 126
21.6373 175
21.95 91
22.9819 152
23.0734 96
23.1096 230
23.1896 159
23.4344 201
23.8887 184
24.6318 204
25.0435 102
25.13 208
25.3006 122
25.4059 106
25.4126 171
25.5072 111
26.3017 169
26.3067 215
26.5652 226
26.6362 244
26.6443 182
26.8433 152
26.8558 229
27.0165 97
27.3295 246
27.4651 205
27.5419 98
27.6822 166
28.7472 119
29.239 218
29.5754 225
29.6878 193
29.7303 248
30.0332 182
30.3055 191
30.3657 118
30.497 127
30.4984 143
30.5018 95
30.5101 167
30.9074 214
31.2382 144
31.7078 131
31.9706 246
32.2292 244
32.5105 112
32.5765 228
32.7751 177
33.019 86
34.0059 244
34.177 225
34.2028 105
34.579 218
34.5792 131
35.2239 101
35.454 175
35.7147 114
36.5733 186
36.7007 1
