24 200 10 4
0 1 0 1 
1 0 1 1 
0 1 0 1 
1 1 1 0 
0 746 0 858 
746 0 576 1167 
0 576 0 1126 
858 1167 1126 0 
41 27 68 64 
3891
9.6078 119
10.6184 223
10.8701 138
11.1263 166
11.1879 231
11.6668 207
12.3124 198
12.3516 215
12.5702 173
12.8839 118
14.2154 204
14.7203 157
15.2184 181
16.3051 142
16.6746 150
17.0822 219
18.4587 248
18.556 192
18.6762 218
19.1493 186
19.2325 95
19.9457 97
19.9673 241
20.5231 225
20.55 159
20.6616 109
21.1222 136
21.4979 191
22.8483 238
23.969 163
25.033 221
25.7408 248
26.7815 227
27.1906 248
27.2424 173
27.7507 231
27.7806 84
29.0274 224
29.0902 153
29.3326 205
29.4679 1
2624
11.6504 193
11.6878 213
11.9336 106
12.1549 140
12.2528 224
13.2913 214
13.8084 97
14.8433 102
15.8637 234
16.9196 167
17.4751 222
18.0917 132
19.3963 101
20.3729 133
21.0801 149
21.8811 103
21.9541 174
21.9797 164
22.1803 89
22.5143 95
23.4765 100
25.4103 108
27.1303 185
27.2823 186
29.8469 222
31.2978 192
31.4594 1
5151
9.5625 200
10.0674 219
10.5932 142
11.8704 211
12.6746 219
13.9506 143
14.0073 153
14.1251 143
14.3438 155
14.865 111
16.0489 212
16.4019 148
16.8979 127
17.6206 182
17.7098 178
18.2902 193
18.4336 139
18.6606 92
18.6949 181
19.5145 165
19.5548 105
19.7599 227
19.933 111
20.5412 158
20.9918 158
21.0449 247
21.4694 170
21.7426 143
22.1197 104
22.2433 88
22.3636 112
23.2022 162
23.5562 161
23.5759 94
23.6744 195
23.697 223
24.5556 126
24.6442 138
24.7453 101
24.9708 149
25.1275 220
25.2443 128
25.7568 135
25.7592 239
25.8104 91
25.8397 125
25.9068 181
27.3462 156
28.1558 110
28.2116 104
29.2711 211
29.6556 92
29.8192 204
29.8404 156
29.8829 189
30.7046 203
30.7552 98
31.0903 221
31.4359 174
31.7231 145
31.784 98
32.095 127
32.2494 131
32.5369 189
34.166 207
34.3848 111
34.8057 95
35.0688 1
6300
9.2647 181
10.0613 232
10.2646 125
10.2741 89
11.4755 247
12.6031 104
12.6213 204
13.5469 125
13.5992 244
14.3053 112
14.314 170
15.0676 98
15.4156 102
15.5248 163
15.9019 245
16.0421 84
16.7433 181
17.3123 187
17.5623 226
17.8751 124
18.8164 246
19.4813 100
19.7638 149
19.9975 206
20.1894 84
20.5249 115
21.3084 107
21.5238 216
21.7689 201
22.0049 117
22.6783 246
22.7795 90
23.8444 194
24.3597 148
24.4062 97
24.4983 166
24.8705 230
25.0121 115
25.6947 146
25.8364 149
25.9335 192
26.304 241
26.8187 147
26.8973 143
27.1132 190
27.9092 186
28.4086 87
28.7498 162
29.2225 161
29.6966 189
30.1055 127
31.4341 141
32.6249 95
33.2244 84
33.71 102
33.7405 244
33.9645 177
33.9836 231
34.0033 170
34.9646 237
35.9149 116
36.0257 152
36.0662 141
36.6294 1
3058
10.2101 237
11.8265 121
12.6426 97
13.1935 90
13.8765 166
14.0046 222
14.8494 231
16.1179 129
16.7819 217
17.0155 118
17.0783 104
17.4649 211
18.2269 149
18.6643 162
19.0434 88
19.617 89
19.8837 133
20.6784 186
20.8095 93
21.0871 84
21.3672 135
21.525 242
21.6028 96
21.8786 206
22.5796 193
24.0886 133
24.1892 199
24.5318 119
24.5513 117
24.5872 209
25.0414 87
25.6972 89
25.9161 151
27.1897 222
28.0719 119
28.2758 236
28.2808 207
28.6687 205
29.1669 150
29.26 233
29.5633 1
1816
10.9398 238
13.1452 189
13.5648 188
15.0512 227
15.6098 86
16.0371 86
16.1941 240
16.4904 95
16.6516 85
17.4691 193
17.5848 243
17.6825 155
18.12 153
18.4932 84
18.6246 229
20.0621 192
20.7228 143
22.1748 229
23.0854 216
23.5331 239
24.6215 247
24.652 86
24.8174 113
25.6654 205
27.315 190
29.5199 155
30.9976 1
3848
10.565 109
10.9201 171
11.4369 142
11.4961 129
11.7121 150
12.272 111
12.3325 235
12.5086 174
12.8157 85
13.3032 208
13.484 216
13.6473 228
13.9252 181
14.8396 95
15.3986 171
15.5126 228
15.5305 173
15.7193 93
16.2314 103
16.5038 121
16.8797 86
17.2952 161
17.9736 102
18.6499 206
18.6719 119
20.6531 223
20.8283 123
20.8523 184
20.9102 244
21.3611 95
22.354 84
22.551 156
22.8781 178
23.5793 88
23.7646 223
24.0815 217
24.5235 178
26.1259 191
26.2601 229
26.2869 245
26.3404 207
26.4401 216
26.6574 86
26.9137 174
27.1894 226
27.7832 243
27.888 206
28.2084 244
28.3478 241
28.7717 198
29.0446 99
29.3088 180
29.3286 137
29.4135 217
29.587 242
29.7015 171
30.3003 231
30.3751 85
30.6972 189
31.795 229
31.88 88
32.4398 114
32.6142 192
32.7823 241
33.2388 194
33.2428 147
33.316 179
34.0996 1
4976
10.083 235
11.0661 127
11.8352 242
13.4554 192
14.2714 206
14.533 209
14.6635 224
14.7197 231
15.184 131
15.9632 174
16.0453 183
16.1296 202
16.1523 133
17.3128 116
17.5429 104
17.8396 237
18.6141 221
18.6344 93
18.702 136
19.3255 183
20.7429 119
20.843 164
20.9153 247
21.1246 242
21.8999 108
23.7879 241
24.0433 104
24.2801 216
25.0284 101
25.1 220
25.36 218
25.9757 153
26.7391 178
26.8883 144
27.3291 145
27.7934 109
27.92 105
29.1682 157
29.2092 153
29.5704 100
29.6628 156
29.8976 98
30.0928 85
30.1007 199
30.2682 173
31.1292 220
31.1742 175
31.319 152
31.3812 216
31.7004 198
31.9724 111
32.9203 130
33.7267 227
34.4476 91
34.6475 145
34.7011 220
34.9852 215
35.3121 227
35.432 135
35.6646 221
35.7379 144
36.2487 206
36.3235 208
37.4385 1
2789
9.8262 178
11.8147 159
11.9667 124
12.0801 151
12.3256 118
14.9207 205
14.9777 162
15.692 158
16.2449 198
17.5136 241
17.5472 246
17.591 224
17.639 201
18.0788 172
18.3612 187
19.4335 186
19.7045 197
19.7329 106
20.1354 178
20.5478 134
21.2807 165
21.5606 174
21.5743 100
21.6371 123
21.8303 191
22.9927 227
24.0946 226
24.4251 199
24.8182 191
25.0417 96
25.7705 188
26.1866 174
26.4201 179
26.6667 86
26.7246 163
27.2438 184
28.6055 136
28.6761 190
28.7293 161
28.774 181
29.7387 1
1653
9.1613 240
11.556 189
11.5911 145
12.099 94
12.3129 178
12.6214 168
14.271 145
14.4305 188
14.7199 246
15.6717 118
17.0058 129
18.0887 146
18.5873 142
18.9118 100
20.4765 108
20.6708 208
22.4733 235
22.5438 123
22.7793 147
22.9224 195
23.7429 239
25.6579 168
26.4787 93
27.9069 109
28.651 224
28.9526 154
29.4969 1
3773
9.9086 230
10.2947 161
10.5903 226
10.6821 113
10.8685 236
11.7166 142
11.9605 220
12.2315 177
12.4507 108
12.5051 154
12.9007 117
13.8718 108
13.8727 135
13.9012 178
15.118 198
15.3214 187
15.4074 138
15.536 213
15.6141 204
16.1473 153
16.3158 129
16.5269 206
16.7828 145
16.837 210
17.0546 131
17.1119 243
17.4465 236
17.4957 186
17.6284 124
17.7567 162
17.821 121
18.4215 131
18.4331 143
18.8903 183
19.4342 197
19.5953 125
19.6204 242
20.9297 113
21.1515 172
21.773 101
22.2179 227
22.3836 86
24.3407 234
24.3527 185
25.0775 186
25.3354 173
25.8314 206
26.0016 84
26.2766 138
26.7645 96
27.4852 174
27.5154 201
28.0269 136
28.1297 244
28.3921 190
29.528 132
29.5686 105
29.8471 110
30.077 139
30.6426 85
30.661 192
30.7194 138
30.9701 127
31.6934 161
32.449 106
33.0287 115
33.0863 180
34.3004 1
3530
9.8288 209
10.3056 191
11.0453 210
11.2812 169
12.1152 122
12.4132 225
12.8041 166
13.6316 103
14.2743 201
14.353 116
14.5183 206
14.6322 238
14.6527 206
15.3922 141
15.673 196
15.6796 107
15.6866 119
16.3555 126
16.6588 126
17.0712 166
17.502 217
17.5104 158
18.1293 87
18.1523 171
18.1914 93
18.1924 89
18.3359 104
18.9078 173
19.4794 206
19.971 187
21.5352 123
21.7199 223
21.7709 185
22.3279 177
22.4623 203
22.5455 151
22.573 97
22.7444 145
22.882 236
23.2652 183
24.1973 146
24.8673 220
25.1582 166
25.6271 208
25.7352 227
25.9556 105
28.2606 174
28.3151 180
28.3543 221
28.6581 240
28.786 210
28.7867 143
29.1207 89
30.78 241
30.8008 160
31.4314 130
31.9607 221
34.1303 193
34.9394 234
35.2088 220
35.7526 187
36.0552 92
36.4862 248
37.6646 1
2785
9.7561 237
10.2056 153
10.8415 238
11.0053 224
11.6269 158
12.0132 246
12.488 166
12.5469 137
12.7958 183
13.9598 156
14.616 128
15.1697 130
15.1828 223
15.4506 229
15.5939 180
16.2134 93
16.5082 217
16.6324 140
16.9855 165
17.9465 98
18.8934 246
20.2191 212
20.6105 245
22.1847 114
22.226 98
22.8618 157
24.2747 136
24.3809 87
24.9388 207
25.7867 91
26.0617 104
26.3263 154
26.6369 114
27.094 144
27.4381 224
27.8023 109
27.8525 134
28.0967 210
28.1803 226
28.4363 236
28.5073 1
1504
9.7117 221
9.9539 183
10.8793 171
10.9356 123
11.1854 130
11.3648 86
11.5319 127
12.1709 144
12.2842 178
13.3064 154
13.4182 220
14.6038 146
16.7564 248
17.1224 148
17.5395 225
18.3479 246
19.4447 237
21.1803 109
21.38 99
22.5517 192
23.2363 95
24.2323 205
26.5873 244
27.231 95
27.4824 191
27.5387 97
30.1608 1
3318
10.1834 219
10.646 229
11.9815 209
12.1744 183
12.5076 187
12.5718 103
13.1266 174
13.242 132
13.5085 248
13.5683 119
13.9253 108
14.4217 164
15.4037 115
15.4492 198
15.5433 158
15.6418 113
15.6562 115
15.7865 226
16.2262 142
16.3522 83
16.8403 151
17.1204 249
17.3261 204
17.4614 159
17.9873 138
18.2145 217
18.4072 162
18.6456 107
19.4581 92
19.9375 204
20.0085 202
20.08 148
20.1861 161
20.3335 143
21.3494 93
21.4648 213
21.5292 181
21.6464 97
22.0375 212
22.5887 123
22.6669 168
23.1579 161
23.2939 230
24.0477 224
24.8684 147
24.9718 137
26.966 161
28.2598 104
28.7918 90
28.7932 101
28.8474 176
29.4849 185
29.7214 182
30.6413 197
30.8963 203
30.9081 238
31.0454 86
31.1489 182
31.2392 240
31.7648 202
32.1256 228
32.1911 206
32.9652 116
33.2761 196
33.4274 148
33.7786 213
33.8677 146
35.0751 1
3999
10.0256 176
10.7096 155
11.0377 104
11.0394 192
11.2605 247
11.5128 112
12.0434 129
12.0443 94
12.7246 207
13.0426 222
13.1977 239
13.4371 188
13.6251 216
13.8725 217
14.2082 176
14.2641 226
15.1183 190
15.5597 147
15.7917 247
16.7377 90
16.7957 204
19.0559 249
19.1297 186
19.1309 158
19.2523 247
19.6664 192
20.0292 249
20.8663 242
20.9443 185
21.8683 155
22.3095 213
22.7364 86
22.9743 180
23.4015 198
24.2377 140
24.4752 210
25.2095 173
25.4394 185
26.5816 155
26.6106 224
27.3486 177
28.5744 83
28.6064 223
28.992 91
29.082 135
29.2732 102
29.3631 137
29.7121 140
30.7111 134
30.7399 238
31.3518 182
31.8627 147
32.8345 163
32.8754 241
33.0917 248
33.5005 209
34.2346 157
34.7678 219
34.9213 83
34.9724 122
35.0849 182
35.3652 103
35.522 204
36.8719 1
3482
9.1698 125
9.8567 146
10.8678 171
11.0765 163
11.2482 165
11.8947 237
12.0368 161
12.3314 125
12.9352 90
12.9606 129
12.962 192
12.9841 123
13.2683 212
14.9498 213
15.0424 124
16.2767 90
17.4724 195
18.1059 97
18.1569 86
18.8364 124
18.9161 177
19.4024 120
19.5935 147
19.6001 138
19.7745 196
20.9813 161
21.9811 103
24.054 214
24.4004 84
24.6232 171
25.0392 131
25.0855 215
25.1737 99
25.7384 132
26.4478 238
26.9719 130
27.0251 163
27.257 141
27.4338 132
28.457 246
29.2023 1
2109
10.0767 87
10.5933 227
10.6323 134
11.9321 168
13.9413 240
14.1272 124
14.2482 175
14.273 230
14.9283 196
15.2192 238
15.3753 198
16.2054 198
16.251 162
16.8493 96
17.936 98
18.3696 139
18.6627 241
19.0956 85
20.642 100
20.838 138
20.8952 158
21.5821 93
25.7684 140
29.2063 169
29.2305 105
31.4371 194
31.5169 1
3820
9.3711 158
9.7839 167
10.3489 120
10.4542 210
10.8339 89
11.0325 110
11.2071 172
11.391 233
11.5607 221
11.8373 237
12.696 98
13.052 99
13.747 112
14.1846 245
14.282 174
14.7664 110
14.8789 187
14.9975 164
15.7457 171
15.8522 206
15.9614 153
16.3282 141
16.7095 212
17.5373 196
17.7243 230
18.3854 183
20.3262 158
20.4172 210
20.4259 172
20.4743 211
20.5484 200
20.5529 160
20.6462 111
21.0524 204
21.55 124
21.6321 111
21.8637 177
22.1235 216
22.2526 99
22.9126 85
22.9397 105
23.0495 222
23.7466 212
24.056 221
24.5148 135
25.2314 190
25.6231 101
25.7942 99
26.039 246
26.2321 197
26.3349 223
26.509 150
26.6629 160
27.5145 172
27.5293 96
28.4701 234
28.9121 177
29.9342 108
30.3385 176
30.7119 97
30.7445 120
31.3382 241
31.5771 221
31.9264 101
32.4755 236
33.6189 111
33.7007 201
33.7948 1
5039
9.9439 111
10.4201 139
10.5991 144
10.7426 185
10.8973 108
11.0985 120
11.423 94
12.1041 119
12.1326 237
12.7127 248
12.9158 222
13.1689 87
13.2329 182
13.4837 172
13.6066 210
13.6793 222
13.7324 175
13.7705 233
14.0872 154
14.6212 145
14.8164 116
15.1178 107
15.5614 247
15.5763 134
15.7885 209
16.5755 142
17.0584 115
18.3229 239
18.6234 105
19.0282 198
19.5773 107
20.6937 228
20.8163 112
21.1773 133
21.4771 186
21.6052 213
22.0472 195
22.2993 108
23.0178 117
23.0521 137
23.3121 216
25.6019 176
25.702 99
27.2858 128
29.3701 244
29.9598 187
30.5502 203
30.6013 175
31.103 150
31.8801 114
32.2976 89
32.3237 132
32.9706 102
32.9732 107
32.9783 239
34.3219 229
34.777 179
34.8845 126
35.1161 102
35.6384 188
35.7902 121
35.857 193
36.1925 232
36.7571 1
4943
9.505 92
10.4611 170
11.3486 169
12.5216 134
12.67 128
13.1081 140
13.3367 141
13.3896 84
14.9328 103
15.5703 209
16.252 125
17.5695 229
19.9614 120
20.067 145
20.2237 152
20.6676 173
21.3143 102
21.6876 240
21.79 173
22.3975 141
23.5553 113
23.9038 247
24.0729 205
24.128 109
24.6993 97
25.1155 86
25.1883 124
25.2897 243
25.9569 97
26.0377 152
26.2966 213
27.0615 88
27.3389 213
27.4016 236
27.6414 109
28.0627 124
28.2579 140
28.8357 109
29.1631 115
29.5057 239
29.6527 1
3238
9.5673 214
9.7446 182
11.1224 191
11.3181 159
11.7805 120
14.0732 146
16.2783 207
17.0464 138
19.0634 114
19.2103 216
21.2794 113
21.3804 99
21.4431 205
21.9381 84
22.0232 148
22.1267 100
22.3266 104
22.6282 181
24.6229 167
25.9083 240
26.0691 174
27.3642 211
27.4646 136
29.5058 87
31.0822 158
31.2164 143
32.317 1
6645
9.732 99
10.8396 175
10.8482 121
11.1484 246
11.379 231
11.6039 155
11.9855 139
12.3761 123
12.6422 241
12.9886 180
13.2808 196
13.4398 247
13.6278 83
13.8816 155
14.065 126
14.1879 241
14.4158 223
14.6472 215
14.9422 159
16.5885 131
16.9317 225
17.2241 184
17.3343 133
17.7873 197
18.5167 117
18.8759 179
18.9669 181
19.0911 192
19.4442 85
19.5616 238
19.7901 88
21.1471 162
22.2047 163
22.4297 215
23.2174 138
24.2061 234
24.2953 119
24.4149 229
24.4865 84
24.501 209
24.5249 115
24.5538 208
24.7472 238
24.9897 87
25.6916 210
25.8379 93
26.1834 201
26.9138 102
26.9671 234
27.1877 93
27.1985 178
27.2097 230
27.8131 93
28.1898 237
28.7506 122
29.2037 152
29.2953 191
30.0298 209
30.1127 144
30.7057 187
30.821 87
31.6378 157
31.6888 214
31.9102 227
33.8966 169
34.0264 153
34.4302 119
34.7979 1
6663
9.2946 111
9.4261 107
9.7845 95
10.6925 237
11.4647 156
11.5956 165
11.881 226
13.5393 139
13.6429 147
13.876 118
14.0746 214
14.0795 107
14.198 204
14.2402 183
14.4095 227
14.6286 106
15.0445 244
16.039 118
16.319 86
16.3626 202
16.454 147
16.5177 166
17.2468 220
17.5439 178
17.6071 180
18.3847 108
18.7312 97
19.6609 136
20.4574 125
20.725 105
22.1068 237
22.4402 116
22.8515 218
23.2662 173
23.3033 115
23.8848 182
24.0132 120
24.6995 220
25.1971 108
25.9779 240
26.0158 102
26.5719 159
26.8834 126
27.0726 94
27.0831 219
27.3807 132
28.244 226
28.2855 244
28.3155 141
28.6053 94
28.8395 145
29.9042 89
30.2733 134
30.2864 198
30.5652 101
30.8087 241
31.8787 202
32.0499 203
32.1736 140
32.9445 87
33.2291 133
35.0976 120
35.1767 107
36.1025 1
4916
11.5574 114
11.6705 198
11.7028 176
12.1052 226
12.1241 91
12.1728 107
12.7288 188
12.7674 95
13.4915 179
13.5695 164
14.1506 170
14.8709 90
15.0567 221
15.2694 127
16.735 137
18.0502 104
18.5579 161
19.5622 171
19.6033 173
19.9671 195
20.2768 107
20.3413 156
20.6633 87
20.9641 135
22.0593 185
22.3023 147
22.6225 138
23.2288 105
23.6344 85
23.7944 228
24.0898 154
24.447 247
24.627 153
26.8628 178
27.1233 111
27.3174 111
27.4699 161
27.5015 205
27.8415 158
28.1205 139
29.0487 1
3728
9.3564 156
10.3306 102
11.3302 95
12.8739 178
13.6121 130
16.0227 202
16.1183 224
17.2066 245
17.4211 194
17.5561 230
18.0978 110
18.6264 107
19.0773 158
19.911 92
20.7162 229
21.7752 128
23.1777 108
24.2404 154
24.3362 112
24.6952 206
25.4309 175
26.2809 182
27.4655 168
27.5671 92
28.4128 220
29.2775 198
29.4031 1
7697
10.0768 158
10.8167 222
10.9257 196
10.9381 141
11.2446 177
11.2502 137
12.7737 87
13.0937 193
13.1281 195
13.2437 150
13.4626 91
13.4686 221
13.6366 183
14.0274 171
14.0302 210
14.2925 199
14.3873 93
14.834 196
14.9332 124
15.1073 86
15.1142 239
15.2208 129
15.6381 210
15.819 166
15.8658 128
15.9253 87
16.1428 245
16.7148 235
16.9947 113
17.4075 223
18.0394 184
19.2923 102
20.0041 96
20.0244 245
20.2907 156
20.707 84
20.8254 176
21.8229 223
21.9335 120
22.0048 157
22.5597 230
22.8905 197
22.9935 131
23.0228 128
23.0924 107
23.5179 239
24.0845 119
24.577 230
25.1033 176
25.1525 112
25.2901 125
25.7901 247
27.1676 190
27.738 209
28.8896 230
30.2681 153
30.3688 95
30.4348 100
30.4695 152
30.8487 213
31.1128 171
31.7172 111
31.7621 135
32.2953 223
32.7181 142
33.0213 152
34.3975 213
34.5286 1
7400
10.6373 134
10.7557 185
11.0808 203
11.5763 204
12.2259 217
12.5185 99
13.0776 112
14.187 181
14.6815 103
14.8186 173
14.9278 110
15.3046 229
16.6009 189
16.7145 231
17.6008 228
17.6418 100
17.7503 183
17.9028 203
18.1016 178
18.2391 160
18.4433 131
19.5421 230
19.6134 88
19.6971 147
19.9619 189
20.4194 141
21.408 215
21.5525 224
21.5605 225
22.4275 211
22.8637 199
22.8854 161
23.754 198
23.8295 188
24.0197 109
24.3502 125
24.8983 219
25.2501 210
26.0938 235
26.5365 249
26.8056 210
27.1111 229
28.0242 165
29.5818 134
29.8956 164
30.3547 86
30.5444 183
30.878 249
31.7567 113
31.7742 194
31.7874 224
32.6015 136
33.0958 107
33.3933 92
33.4263 148
33.5613 143
33.8044 117
35.201 241
35.3703 236
35.7013 241
35.7037 165
36.0675 202
36.6065 185
36.8673 1
6682
8.5764 206
8.7967 94
9.3716 167
9.6755 146
11.3771 95
11.8026 139
12.4234 154
12.6302 168
12.7073 103
13.2893 97
13.3069 181
13.7431 138
14.0542 135
14.5386 93
14.659 202
15.1643 175
15.6543 130
15.7341 196
15.8416 170
16.1364 226
16.202 205
16.2604 248
16.2755 182
16.495 230
17.4035 172
18.9906 187
19.1492 83
19.7126 192
20.6321 114
22.1192 106
22.3118 117
23.8836 100
23.9118 158
23.9997 160
24.2091 234
24.3713 161
25.368 164
25.7604 169
25.807 238
26.2003 119
26.2068 329
3829
7.8065 154
8.2899 91
8.6945 174
9.6446 214
10.1742 230
11.1956 103
13.008 96
14.4402 152
15.6797 229
17.4204 121
17.7574 84
18.0611 97
18.1895 107
21.1807 212
22.2951 129
22.786 189
23.2896 190
23.3964 97
23.6562 114
24.069 89
25.3721 242
25.8781 206
26.3675 143
26.7473 211
27.3363 224
28.7244 98
29.7449 1
10125
8.5321 133
9.0316 183
9.3488 108
9.3907 137
9.8833 208
10.1579 180
10.3755 85
10.7909 150
11.7123 137
12.9337 180
13.7825 230
15.6467 214
15.8298 231
16.68 199
16.6806 231
16.7701 192
16.9015 205
16.9912 236
17.2383 110
17.6448 127
17.7881 92
17.7982 99
17.8892 152
18.4551 240
18.6447 181
19.0067 102
19.2893 113
19.4279 113
19.7778 181
19.7928 169
20.1638 127
20.7587 239
20.7818 102
20.7974 149
20.9159 105
21.2068 132
21.2969 88
21.3715 148
21.4498 169
21.7358 198
21.9593 140
23.864 137
24.2105 191
24.5387 222
25.2418 219
25.4769 220
26.8185 216
27.0058 124
27.2508 138
27.2665 164
27.8301 144
28.7595 208
29.2217 223
29.2423 134
29.561 208
30.1213 129
30.4501 146
30.6606 129
30.7047 126
30.8513 203
30.9649 229
31.179 186
31.9331 159
31.9901 111
32.1959 147
33.3888 163
33.5587 190
33.7513 1
10118
8.0537 181
8.8337 135
8.9182 148
9.5641 210
9.7633 124
9.7766 170
9.9784 163
10.3154 242
10.3527 99
10.9646 213
11.3384 200
11.5717 89
11.7605 193
12.5533 180
12.7231 167
12.7944 153
12.9803 196
12.9849 185
13.3117 173
13.84 159
14.3131 89
14.7284 234
14.7671 231
15.2014 245
15.6716 204
15.7371 123
15.7438 160
16.5898 113
17.46 211
17.5714 86
18.116 221
18.8291 178
19.0715 125
19.7753 84
19.8873 193
20.319 87
20.459 94
20.4634 242
20.5942 182
21.1206 215
21.8358 239
21.957 229
22.2882 223
22.6497 187
22.6846 155
22.9883 214
23.1292 206
23.784 125
23.7858 96
25.7182 150
25.8394 153
26.2832 124
27.1799 175
27.6607 174
28.2198 99
28.2634 116
29.4279 122
30.6279 124
30.6815 106
31.2628 120
31.9488 142
32.4705 188
35.2677 110
36.1268 1
7222
10.0597 234
10.5322 236
11.5575 132
11.6517 194
11.7004 101
11.9023 121
13.1083 157
13.113 171
13.7504 227
14.3381 128
14.7553 96
15.2708 177
15.3983 109
16.4074 95
16.457 229
17.2623 102
17.5531 223
17.9264 189
18.3011 233
18.3172 206
18.3452 206
18.9808 165
20.0143 151
20.0582 136
20.1205 198
20.8086 186
21.1849 244
22.2708 205
22.5385 87
22.6608 237
23.1987 247
24.3353 116
24.9448 209
24.9981 163
25.0149 122
25.1893 173
26.0543 121
26.5292 204
26.9952 93
26.9953 166
28.1082 434
4573
8.6822 130
9.6606 164
9.8673 155
12.3451 229
12.7829 164
13.9144 242
14.3279 152
16.0063 180
16.6301 111
16.7729 237
16.8821 121
19.7534 99
20.216 231
20.2354 156
21.0717 155
21.8077 210
22.4205 212
25.3692 162
25.8791 132
25.8911 172
26.4408 149
28.7977 229
29.0412 169
29.401 108
29.5538 192
29.6728 154
30.5619 159
10924
8.5732 241
8.9756 222
9.0933 95
9.6569 147
9.9894 97
10.2987 121
10.3038 189
12.6313 137
12.6425 197
12.8224 122
13.1585 165
13.3792 242
14.2536 95
14.4707 152
14.512 238
14.754 114
15.3659 108
15.4129 130
16.4689 180
16.83 228
16.8664 157
17.367 214
17.6899 164
17.7465 173
17.9709 246
18.2485 106
18.3316 127
18.3647 95
18.5652 153
18.8025 235
18.8829 162
19.097 100
19.2819 238
20.1453 241
20.3947 246
20.5204 144
20.9851 242
21.1282 169
21.1768 151
21.3389 247
22.0295 136
22.2155 105
22.2897 146
22.3211 200
22.9934 179
23.0889 114
23.1723 152
23.2451 170
23.3907 93
23.5479 122
24.3876 228
24.558 86
24.9148 238
25.1676 147
25.6823 199
25.9059 243
26.4242 106
28.1122 92
28.3773 222
29.2943 197
29.45 133
30.5846 177
30.6652 98
30.7599 111
31.035 227
31.2682 228
32.4738 226
32.5616 1
11679
8.6748 165
8.7683 87
9.4737 116
10.2904 122
10.5393 136
10.8059 161
11.0233 158
11.4547 206
11.7836 166
12.9538 249
13.3811 215
13.8745 204
13.9202 175
14.1452 156
15.3197 92
17.0086 198
17.3634 123
18.1364 186
19.2541 176
20.1528 130
22.4362 121
22.6559 122
22.7453 177
23.429 132
23.6382 218
24.2848 133
25.6176 234
25.7617 190
25.9418 108
25.9678 113
26.2009 83
26.2114 163
26.3778 170
26.7484 84
27.0174 103
27.3227 163
27.4104 108
27.5329 210
27.6151 168
27.6854 183
28.2176 241
28.2536 186
28.7163 159
29.2891 233
29.4714 223
29.9228 146
30.348 187
30.4809 122
30.9111 98
30.9968 164
31.1762 126
31.19 234
32.2725 134
32.8166 84
33.239 124
33.2609 159
33.483 99
33.5786 83
33.614 215
33.7677 210
34.304 86
34.4023 227
34.4337 153
36.282 1783
6542
8.745 109
9.126 183
10.2891 177
10.7098 193
10.864 148
10.8798 188
11.1594 215
11.5036 154
11.6005 231
11.6478 160
11.9383 140
12.1291 84
12.4158 162
13.0331 147
13.9456 150
13.9695 168
14.186 101
16.8995 218
17.003 186
17.0679 204
17.9437 84
18.1754 196
18.3495 247
19.2049 171
19.4202 246
20.4198 124
20.592 180
20.6673 123
21.0399 107
22.743 241
22.9338 133
24.1432 249
24.1698 225
24.5195 123
24.9976 123
25.2178 124
25.4061 199
25.494 224
26.7019 140
27.5539 133
28.0908 1
4800
10.9371 221
11.0639 116
11.2124 156
11.7897 205
14.0725 99
15.0524 229
15.1827 183
15.5842 233
18.3327 150
18.8819 201
18.9357 138
18.9791 143
19.7031 113
21.6319 232
21.8803 232
22.0906 229
23.1354 155
23.8333 175
26.0798 138
26.1408 167
27.4745 86
27.4976 179
27.58 97
28.0289 114
28.3034 108
29.2572 122
30.5392 580
10803
8.4362 113
9.1058 206
9.7302 214
9.946 84
10.0704 113
10.6181 155
10.7195 189
10.9102 141
11.0084 128
11.7637 200
11.9045 218
12.2448 117
12.2851 117
12.3955 102
12.4228 218
12.7241 126
12.9873 114
12.9927 155
13.0825 88
13.2873 241
13.5235 237
14.4369 155
14.6033 191
14.6288 148
14.9965 206
16.3862 183
16.3887 135
16.5226 169
16.6256 95
18.4039 207
18.4301 195
18.7989 154
19.1041 137
19.3051 140
21.7434 196
21.8382 147
21.8752 198
22.1936 139
22.7641 181
22.778 146
22.9141 168
23.0379 176
23.4681 176
23.9536 187
24.7601 211
24.8923 221
24.9347 214
25.3629 133
25.8027 103
25.8565 90
26.1648 246
26.3597 197
26.4871 139
26.7618 132
26.9518 153
27.7218 113
27.8218 227
28.4927 179
28.6301 144
28.9956 183
29.2916 165
29.4322 91
29.5974 135
29.7337 163
30.0188 126
31.3239 201
32.3285 121
32.9874 12
9385
8.4934 206
8.8086 167
9.1575 202
9.3279 91
9.5422 170
9.734 145
9.8703 107
10.6158 96
10.8009 140
11.419 123
11.6863 107
11.6986 228
12.0812 154
12.421 163
13.1265 207
14.3217 123
14.4118 138
14.8746 177
15.033 167
15.1159 148
15.2505 194
15.4466 98
15.5605 244
16.4566 183
17.239 204
17.2477 153
17.3728 105
17.3877 183
19.155 244
21.2554 165
21.3792 205
21.6549 245
22.1943 208
24.1925 212
24.2339 221
24.3741 118
24.4583 161
24.6985 148
24.8344 241
25.2435 149
25.5532 211
25.5808 95
26.3225 187
26.8173 200
27.1376 120
27.8899 150
28.3438 90
28.7572 120
29.2977 185
29.9768 137
30.005 132
30.2943 111
30.9122 176
31.3276 199
31.6385 225
31.671 193
32.1315 215
32.5309 145
32.9142 210
33.3864 211
34.1108 121
34.5638 207
35.0401 157
35.12 1
6879
7.1841 223
7.2072 238
8.7773 149
9.3431 93
11.0164 120
11.1606 99
11.3959 120
11.4906 136
11.9007 183
12.0363 173
12.0755 152
12.1902 92
12.6921 145
13.4208 203
13.85 205
14.1278 140
14.4881 240
14.9577 145
15.49 105
15.6604 240
16.1169 221
16.6243 83
16.6347 165
16.9008 141
17.6049 116
18.2481 212
18.682 176
18.718 125
18.9096 247
19.3354 180
20.9366 94
21.1832 116
21.4397 159
22.103 171
22.2733 90
22.3974 216
23.0127 166
23.4493 148
23.5771 156
24.0443 103
25.082 594
3808
8.3317 208
8.4904 209
8.7363 104
10.3749 226
10.563 187
13.2987 247
13.8821 211
14.1088 116
15.0381 222
16.4047 117
16.4316 223
17.1606 196
18.0221 128
18.8893 183
19.5862 186
20.0998 155
20.2617 118
21.1263 169
21.3146 89
21.5192 213
22.1327 242
22.6185 244
23.8909 140
24.5409 128
24.5674 95
25.8131 146
25.8547 1
8558
5.3116 219
6.0666 225
6.2128 208
6.3272 150
7.2997 226
7.4346 127
7.8439 192
8.5363 193
9.3794 103
10.2277 107
11.8435 172
12.1328 123
12.1414 157
12.1492 224
12.3159 169
12.4578 247
13.0015 121
13.3196 234
13.6663 150
14.208 166
15.5464 240
15.9255 114
16.2834 128
16.7799 231
17.1009 135
17.1099 106
18.7289 239
19.1706 247
19.5385 168
19.8013 106
19.8263 137
20.4445 182
20.7193 185
20.9331 111
21.4046 195
21.6175 104
21.6842 176
21.706 200
21.8541 113
21.9139 114
22.0394 135
22.3538 83
22.4967 207
22.5866 223
22.6533 236
22.6837 191
23.2091 158
23.6404 98
23.8204 201
24.2309 101
24.4214 147
24.5268 168
24.8162 219
25.8102 178
26.1693 157
26.2292 194
26.3062 103
26.3849 220
26.7483 178
26.7827 101
27.0639 183
28.1067 183
28.1954 152
28.4903 129
28.5679 166
29.0822 188
29.2701 87
30.0892 1
9885
5.4685 151
5.7108 159
5.9844 190
6.3187 85
6.3354 225
6.5377 116
6.9115 117
6.9831 159
7.352 147
7.5449 152
7.6198 233
7.725 186
8.9443 220
9.0539 209
9.9441 175
11.338 148
11.62 165
12.141 143
12.5866 180
13.2352 230
13.3173 151
13.5982 88
13.6333 163
14.6627 113
14.7635 213
15.388 184
15.4333 244
15.7591 186
15.8237 212
15.8811 236
16.1891 89
16.4128 169
16.6335 130
17.0277 93
17.2688 168
17.3271 130
17.9466 177
18.6929 228
19.3184 200
19.3753 197
22.0224 100
22.5554 163
22.7318 112
22.8917 219
23.4945 234
24.3429 240
24.6256 165
24.7236 248
25.1017 248
25.3847 97
25.6512 192
26.2973 191
27.8009 158
28.2429 248
28.8136 130
28.8307 206
29.0865 141
30.0083 162
30.595 237
30.9741 153
32.6415 248
33.02 134
33.0442 225
33.3046 1
5372
3.6238 95
4.2143 176
4.5701 213
4.7748 193
4.9712 166
4.9857 121
5.6741 185
6.2564 107
6.5285 102
7.0317 93
8.7406 152
8.8543 128
8.8715 126
10.0524 191
10.4392 176
10.5463 105
12.091 86
12.4765 84
13.2004 215
14.9516 172
14.9635 164
14.9655 91
15.5045 209
15.8677 130
16.0875 108
16.1826 122
16.8483 229
16.9213 111
16.9665 221
17.7399 149
18.645 138
20.6248 194
21.3018 241
21.8209 197
22.172 174
22.1789 84
22.4083 218
22.6755 118
22.9603 156
24.1456 223
24.2109 1
3671
5.5248 185
6.7599 93
6.7748 141
7.5218 192
7.8955 143
8.3088 130
8.7302 248
9.1851 213
9.3493 182
9.5149 111
12.7738 103
12.918 238
14.6884 236
15.0355 91
15.8031 187
15.9758 89
16.2002 233
17.1822 192
17.627 144
18.7606 115
19.2192 97
20.3489 247
20.4276 207
21.1102 245
22.9068 228
23.938 183
27.0744 1
6329
3.178 158
4.2317 83
4.3003 143
5.3114 158
5.3511 119
5.4953 109
5.878 238
6.8035 203
7.3307 115
7.5947 246
8.2487 157
8.7946 136
9.0121 104
9.0259 183
9.2586 150
9.3463 209
9.3968 120
9.9782 181
10.2051 243
10.6872 115
10.8334 215
10.8593 154
11.3522 189
11.4275 200
11.7296 192
12.2549 175
12.3911 231
12.9498 113
13.712 232
13.9442 120
15.688 218
16.3957 129
17.0871 152
17.1683 136
17.1724 194
17.3777 121
18.1336 130
18.7209 99
19.1567 86
19.3494 192
19.581 239
20.043 200
20.5669 89
20.6876 115
21.1644 213
21.7156 104
21.7726 190
22.007 199
22.3622 173
22.5332 226
22.5578 227
22.6455 189
22.9236 197
23.4721 133
23.7957 192
24.3992 159
24.8671 234
25.0976 115
25.3694 218
26.2857 219
26.2866 240
26.3742 237
27.4919 169
27.6919 146
28.506 176
29.1263 224
29.4388 170
29.7865 1
8727
4.1928 144
4.2131 210
5.2392 243
5.4659 201
6.6023 214
7.6191 84
7.6914 187
7.9342 226
8.4981 105
8.8251 84
8.8755 87
9.3517 190
9.6609 203
11.9456 84
12.6316 233
12.8173 243
12.8174 101
13.7664 160
14.2928 88
14.5632 140
14.8084 246
14.8837 236
15.0002 195
15.3181 196
15.4507 96
15.8127 232
15.8802 105
16.0747 171
16.6124 235
18.003 135
18.6682 223
18.6994 149
19.0624 219
19.1212 94
19.1262 135
19.4884 133
19.8163 122
20.924 163
21.0424 118
21.4558 231
21.5237 192
21.6629 149
22.33 243
22.6139 231
22.7758 145
23.2769 104
23.6411 214
24.1691 202
24.8545 189
25.0754 95
25.0832 83
25.3577 180
26.3365 242
26.4748 91
26.5006 247
26.8259 126
27.0267 93
28.5804 162
29.0891 141
29.4977 141
29.8023 141
30.033 241
30.3393 142
30.705 1
5054
3.8314 145
4.7137 228
4.8276 200
5.0249 90
5.5681 242
5.9457 125
6.3093 202
6.8389 218
7.1491 147
7.464 119
7.4989 247
7.9968 210
8.1404 104
8.4045 132
8.4373 112
9.5513 244
10.1915 137
11.2835 195
11.3358 122
11.6825 199
12.2334 206
13.1228 211
13.3049 104
13.7109 224
14.777 137
15.2273 148
16.8361 215
17.2197 221
17.6544 148
17.9121 94
18.1999 150
19.4856 110
20.0373 198
20.7879 128
20.9127 198
20.948 155
21.3717 121
22.6812 123
22.7994 171
23.6576 187
23.8452 1
3219
4.5284 227
4.6638 100
6.0539 161
8.3014 166
8.6976 215
9.1689 135
9.2899 229
10.1105 161
10.8586 245
10.9118 142
11.6688 244
11.8588 166
12.6016 158
14.8706 163
15.4529 120
16.714 143
17.1343 160
18.8013 247
19.0333 238
19.3317 131
19.974 105
20.0003 153
20.9849 238
23.6073 191
24.2621 217
24.4038 184
24.9263 1
6055
3.0034 122
3.1524 228
4.8405 96
5.2732 89
5.4158 103
5.5421 191
5.7248 137
6.3119 207
7.6964 166
7.8225 153
8.3084 216
8.8873 211
8.9438 211
8.972 147
9.2034 90
10.045 148
10.3384 248
10.6646 215
10.6938 210
10.9155 104
11.2917 107
11.5853 112
12.0838 183
12.1596 149
13.1031 123
13.2891 175
13.3469 173
13.5023 144
13.5284 192
13.8044 132
13.8687 191
13.9494 164
14.2753 184
14.3714 229
15.5428 114
15.5906 214
15.6659 176
15.6752 86
16.3516 87
16.3537 235
17.0507 90
17.209 174
17.9939 228
18.7718 140
19.1446 149
19.8406 174
20.1956 236
20.5925 122
21.0549 96
21.7603 90
22.2349 176
22.3316 194
22.528 155
22.8549 203
23.3793 86
23.663 199
24.0442 135
24.674 120
24.7118 227
24.8017 101
24.8681 194
25.1903 116
25.981 140
26.2965 173
26.3867 94
26.5145 221
27.2496 122
27.7987 1
6328
3.1697 179
3.399 179
3.5552 109
3.7943 208
4.0613 219
4.5856 105
4.9674 170
5.3645 244
5.5296 147
6.9037 206
7.0977 94
7.6395 195
8.4182 194
8.7926 217
9.3923 106
10.339 191
10.8656 94
10.9626 123
11.3115 179
11.4977 112
11.8514 147
12.0211 234
12.0213 101
12.1231 210
12.5396 127
12.5951 92
14.3019 93
14.4969 153
15.0473 158
15.2457 206
15.5647 225
15.7043 233
16.1211 160
16.5042 240
17.7392 122
18.8705 189
19.2298 228
19.5408 151
20.2306 245
20.7144 133
20.9148 135
21.1335 179
21.3815 105
22.8402 148
22.9196 226
22.9669 158
23.0838 154
24.3629 192
24.5145 202
24.8932 208
24.9352 112
24.9623 126
25.01 177
25.1793 242
25.5623 111
25.9319 203
25.9766 107
26.0649 241
26.8019 102
27.4339 149
27.6322 111
28.2985 104
28.42 242
28.483 1
4316
1.8801 211
2.2063 203
3.5276 93
3.5811 192
3.7324 104
4.4729 86
4.6275 207
5.2038 125
5.3339 124
5.4505 194
6.9445 157
7.051 242
7.0978 209
7.1185 237
8.4103 111
8.6648 208
9.8093 153
9.8281 178
11.0994 157
11.2535 93
11.3749 107
11.4056 235
12.2473 234
12.3759 221
13.4413 91
13.7547 231
13.8467 196
14.8571 138
15.8035 223
15.9697 166
16.9527 99
18.7812 194
18.819 106
19.0393 223
19.3791 130
20.5756 93
20.7423 130
21.4138 206
21.5577 149
21.8261 243
21.9712 1
3152
0.8044 106
1.801 221
2.2738 141
6.2274 152
7.5875 152
7.8548 171
8.6044 196
9.6104 226
10.1622 109
10.7497 238
11.7875 205
11.9022 202
13.311 134
13.9994 95
14.2436 100
14.5877 197
14.7273 192
15.6824 211
16.2925 125
17.2572 231
17.2878 183
17.6886 146
17.7283 119
18.1985 141
19.6694 174
20.9675 179
22.5724 1
6988
1.3869 117
3.0723 209
3.4109 184
3.5333 100
3.956 195
4.1356 200
4.1616 208
4.8436 143
5.3533 225
6.4108 198
7.1349 176
7.2882 182
7.2959 109
7.4851 221
8.297 102
8.7246 232
9.0638 100
9.1947 216
9.2871 240
9.5155 197
9.6845 102
9.7462 115
9.8355 225
9.8365 218
9.9673 206
10.2752 215
10.7438 170
11.2014 231
11.2614 196
11.4838 140
11.58 122
11.7209 210
11.9342 249
12.2985 105
13.2485 94
14.4536 241
14.7765 203
14.8486 203
15.0881 232
15.5735 224
15.7283 85
16.2997 167
16.4447 198
16.4706 187
16.4825 164
16.6829 204
16.9626 108
17.0257 97
17.0328 248
17.1518 175
17.2308 211
18.722 163
19.2563 140
20.2236 229
20.3305 95
21.0798 184
21.2422 143
21.5555 226
22.2468 143
22.306 92
22.8207 92
22.9262 175
24.5547 193
24.7409 117
25.3487 241
25.9835 232
26.0726 163
27.1401 1
6958
1.2593 90
1.7232 179
1.8285 130
2.9128 228
3.0438 162
3.14 162
3.4249 225
3.5349 149
3.6415 164
3.7145 142
3.8506 140
3.9873 229
4.123 164
4.5164 149
4.5923 204
4.7239 235
4.7399 120
4.893 126
5.1515 196
5.186 141
5.666 210
6.6273 141
7.2991 193
7.7535 90
8.8014 153
9.3532 84
10.0408 194
10.3499 175
10.8146 167
10.8335 203
10.8434 195
11.3058 228
11.5045 245
11.7887 193
12.0426 194
13.2595 196
13.3067 149
14.5797 207
14.8189 212
15.742 212
16.2968 129
16.6355 197
17.6396 167
18.0471 205
18.1575 165
18.5115 226
19.4099 112
19.8571 173
20.1168 167
20.6967 141
23.3844 141
23.7844 154
24.0591 179
24.2605 233
24.3209 144
24.5472 172
24.9513 117
25.3469 179
26.0304 123
26.0856 240
26.4682 223
27.8755 172
28.3944 163
29.7457 1
3260
4.46 167
5.1263 164
5.1385 216
5.3659 128
6.876 226
6.9487 183
6.9855 217
7.2936 237
7.3532 184
7.4301 174
7.991 219
9.4289 243
9.7033 202
9.837 151
10.0923 216
10.1675 236
10.6412 84
12.486 147
13.3994 243
14.0652 231
14.0793 149
14.7322 130
15.5765 159
15.6595 185
16.2712 112
16.2766 211
16.3022 127
16.6904 219
16.994 202
18.5701 237
18.8674 241
18.9909 174
19.4896 239
19.6773 178
19.7248 98
20.5862 120
21.1576 179
21.2685 138
21.2976 90
21.6228 209
23.0205 1
2312
4.3967 112
6.9862 141
8.8807 220
8.929 212
9.6327 85
10.4632 90
12.1477 217
12.4565 87
13.3733 103
14.6438 134
15.7576 199
17.8501 175
18.3766 164
19.9345 122
20.0509 187
20.0643 120
20.3779 205
21.1255 96
21.9723 119
22.1154 169
22.2595 216
23.2904 236
23.8331 208
23.8833 97
24.3998 238
24.5204 94
25.3652 1
5878
2.5463 125
3.1584 99
3.1951 217
3.5042 96
3.9121 112
5.3695 116
5.7526 192
6.1028 168
6.683 169
6.6937 168
6.9364 89
6.9811 146
7.0878 136
7.55 163
8.8126 214
8.9051 84
8.9554 132
9.1269 219
9.4766 230
9.6501 179
9.729 131
9.7651 225
10.1254 240
11.078 95
11.3551 174
11.5154 214
11.8831 213
12.0669 172
12.2374 188
12.2609 190
12.4523 221
13.1735 222
13.3449 115
13.8843 140
13.9729 210
14.0184 171
14.2044 122
14.9682 114
15.2438 143
15.5839 207
16.0198 235
17.1586 245
17.2318 186
17.4273 146
17.9321 233
18.6943 161
18.7451 142
18.9063 160
19.2474 201
20.2969 126
21.4185 208
21.7841 144
22.7966 203
23.3884 133
23.6406 187
23.6683 142
23.906 165
25.2908 208
25.3204 202
26.0372 148
26.3765 118
26.3791 149
26.481 142
26.5147 160
26.8575 238
26.8745 233
27.5573 105
28.13 1
5043
3.3818 228
3.8153 171
4.0848 238
4.4419 163
5.0057 136
5.2292 142
5.3888 178
5.7243 242
5.7459 139
5.9554 122
6.1555 221
6.7993 170
7.4587 242
7.6137 122
7.9564 237
8.3371 148
8.85 143
8.8982 150
9.2089 200
9.3841 148
9.4306 139
9.8506 105
11.8051 241
11.9964 160
12.7841 161
12.8988 115
13.549 214
13.6691 202
13.8946 230
14.2328 173
14.5333 149
14.535 120
15.0472 204
15.3004 179
16.3312 162
16.3899 106
16.7929 220
17.6675 198
17.7219 112
18.2778 168
18.6796 222
18.75 223
19.0478 139
20.8532 130
21.7884 210
22.8286 222
22.9579 95
23.1537 185
23.7715 122
23.9922 173
25.7154 107
25.88 217
26.25 249
26.3971 218
26.4974 239
26.6383 105
29.2138 111
29.5505 194
29.6255 230
29.8228 129
29.8672 161
30.0306 195
30.2898 186
30.5539 1
4195
5.4958 138
5.5769 112
5.7176 159
5.7737 187
6.1455 236
7.8277 147
7.8293 243
8.1336 231
8.1988 167
8.4622 87
9.3146 152
10.0828 211
10.8813 174
11.3872 138
11.7619 128
12.5584 234
12.8937 121
13.7691 232
14.9011 151
15.3082 84
15.8454 190
16.5957 85
16.7459 122
16.7839 97
16.9444 98
18.557 168
18.6953 215
18.8502 193
19.1585 91
19.2066 193
19.8711 149
22.2458 192
22.281 210
22.3682 92
22.4853 237
22.5437 192
22.6554 121
23.3096 217
23.5532 97
23.6858 234
24.4621 1
2335
5.0473 111
5.2155 208
5.7454 85
5.8567 170
6.446 194
8.7828 202
12.8456 169
14.3138 142
16.1823 137
16.545 109
17.3304 235
18.5556 166
19.1112 154
19.6017 152
19.7425 89
20.0914 114
20.3638 122
22.2957 159
22.6686 231
23.1439 243
23.7657 237
24.0665 203
24.1471 129
25.4248 94
25.788 185
26.4843 233
26.9621 1
5347
4.3046 228
4.6241 185
4.7528 197
5.7445 180
5.7514 150
6.36 124
6.4309 169
6.8544 123
7.2845 208
7.5819 93
7.7528 220
7.8827 157
7.9088 187
8.2227 154
8.4802 202
8.5597 143
8.8015 189
9.0066 203
9.6508 126
9.8459 236
9.8911 223
10.1977 202
11.4186 144
11.5623 140
11.9835 157
12.6269 201
12.7167 152
13.0506 182
13.2899 201
13.8958 132
14.4009 86
14.4153 154
14.6564 109
14.8718 219
15.5453 179
15.6742 228
16.5854 98
16.8164 165
16.8814 124
17.158 148
17.7345 128
17.8682 182
18.4742 86
18.9665 149
19.2428 206
19.4298 151
19.6655 146
20.8105 150
21.5454 229
22.0274 166
22.2547 87
22.8159 157
22.9454 196
23.5283 96
23.9085 198
23.9268 242
24.5142 177
24.7301 106
25.0103 216
25.1039 210
25.58 157
25.8566 84
25.9226 193
26.511 94
26.5527 219
27.5263 162
28.2947 125
30.1043 1
6448
4.1508 131
4.8693 88
5.0853 138
5.5022 113
5.6773 183
5.7448 215
6.0716 137
6.7499 173
7.404 159
7.8939 186
8.0671 98
8.0987 226
8.2208 247
8.3744 153
8.4092 217
8.4945 84
8.556 91
9.8418 207
10.721 156
10.9293 198
11.7159 130
11.7896 207
13.5237 85
13.6522 182
15.3542 202
15.7296 162
16.0142 154
17.166 168
17.251 225
17.9641 167
18.0069 242
18.5586 142
18.8748 169
19.1925 174
19.2295 243
19.5047 204
21.2943 177
21.4181 157
21.7024 126
21.9205 231
22.4373 237
23.6547 235
23.7168 142
24.783 99
24.8574 171
25.0642 108
25.4064 226
25.5139 222
25.5332 184
25.6623 178
25.7229 171
26.9582 92
27.1067 158
27.3037 220
28.3288 132
28.3748 221
28.4984 232
28.6578 133
28.9166 228
30.0038 218
30.5512 247
31.1065 196
31.114 93
31.2066 1
5752
4.0346 199
5.2829 196
5.3767 164
5.7938 153
6.1909 91
6.6153 247
7.5926 186
8.8443 111
9.1021 101
9.2258 163
9.2493 103
11.1216 159
11.2689 134
11.3079 133
12.4558 164
13.4165 143
14.3553 119
15.1769 135
15.9131 143
16.2078 226
16.5895 133
16.7624 240
16.9876 198
17.2169 147
17.7708 115
17.8413 138
19.5759 152
19.6018 196
19.8821 167
19.9106 89
19.9775 228
20.3607 131
20.9568 161
21.3847 128
21.7672 106
21.7784 191
21.8511 206
22.7348 237
22.7804 203
23.8579 190
24.3504 1
3040
6.0627 203
7.4748 142
7.616 92
7.8909 233
7.9701 161
8.3212 138
8.9436 189
9.0411 195
10.0889 203
10.6465 242
11.3493 223
11.9838 143
12.8607 104
13.5506 99
14.3545 205
16.8195 221
18.5037 99
18.6611 152
19.5704 181
19.7805 107
21.0213 100
21.4234 180
22.955 135
23.6368 247
23.7697 201
25.3813 190
26.4902 1
6452
3.6763 89
4.1267 177
4.9061 197
5.3222 151
5.7401 224
6.1334 155
6.2588 130
6.6182 217
6.6691 187
6.9535 157
7.4696 111
7.9905 240
8.2278 206
8.4608 124
8.5913 88
9.4673 201
10.0089 168
10.1644 102
10.8351 166
11.946 219
12.5299 215
12.5701 170
12.7908 102
13.4499 191
14.1593 219
14.9995 220
15.233 129
15.6458 126
16.3936 230
16.4318 137
16.8585 118
17.0687 170
17.211 189
17.5462 135
18.3474 91
18.5577 161
19.3913 245
19.5174 171
19.5426 238
19.741 88
19.8331 111
20.3562 160
20.4943 197
20.9138 128
21.997 100
22.3786 115
22.4973 190
22.6415 138
23.1028 138
23.2424 92
23.2681 210
24.1829 207
24.194 208
24.2085 240
24.5777 93
24.8841 120
25.6448 115
25.7249 148
25.9749 99
26.3854 90
27.192 203
27.4486 189
27.4913 134
27.5675 129
28.779 139
28.9698 116
28.9821 198
29.5771 1
9126
3.6921 233
4.5462 229
4.619 222
6.1125 109
6.3033 97
6.621 246
6.6271 113
6.849 88
6.8631 107
7.1186 220
7.9507 192
9.3151 91
9.3312 205
9.5093 153
12.3297 204
12.522 158
13.0814 152
13.2317 130
13.2456 105
13.8417 241
14.2513 126
14.8681 126
14.9406 101
15.1199 97
16.4493 236
16.5478 243
16.6807 194
17.8285 234
18.4607 150
18.7478 197
18.8657 100
18.9584 189
19.3621 243
19.5692 164
20.5214 136
21.4215 213
21.5309 175
21.8769 120
22.301 246
22.3811 132
22.5757 164
22.6974 158
23.2253 227
24.0002 211
24.3302 110
25.2078 200
25.468 137
25.939 104
26.2769 99
27.5649 122
27.5775 229
27.6427 85
27.7171 172
27.9129 124
28.1711 177
29.1757 199
29.3363 209
29.6232 85
29.8155 147
29.8383 158
30.1255 223
30.1913 148
30.2212 110
30.2543 1
5492
7.2881 165
8.0902 115
8.1099 225
8.2067 185
9.8127 218
10.625 232
11.456 97
11.7223 86
13.3957 190
13.7631 92
14.0403 178
14.298 83
14.8575 174
15.3868 115
15.4061 122
15.8372 153
15.9775 96
17.746 126
17.8553 158
18.0077 168
18.1004 129
18.2379 143
18.3341 157
18.4432 222
18.5863 244
18.7134 86
18.9627 243
19.0722 139
19.0727 218
19.2518 192
20.3098 184
20.3904 137
21.4914 177
21.6818 169
22.6943 244
24.3578 237
25.2295 113
25.4453 188
25.5347 208
25.6569 115
25.9535 1
3571
5.2856 201
5.8787 97
7.4312 123
8.72 220
8.8397 151
8.8799 90
9.6649 133
10.1946 144
10.597 238
11.2633 193
12.6925 85
13.0111 189
13.0897 161
13.4972 210
15.313 93
21.4123 127
22.6925 208
23.9164 200
25.2533 177
25.6513 232
26.3947 89
26.5831 156
27.0423 93
27.2021 141
27.94 104
28.3238 103
28.3731 1
9803
6.2852 202
6.3521 87
6.9157 242
7.042 218
8.1658 153
8.2379 170
8.4469 244
8.7076 215
8.8461 121
9.2176 236
9.2724 142
9.7818 98
10.0129 175
10.3706 215
10.7621 183
13.2916 116
13.5551 179
13.5951 83
13.6687 119
13.8199 178
13.9762 143
14.3795 136
14.5342 165
14.5892 136
15.7227 141
15.7692 209
16.2367 196
16.6561 151
17.14 174
17.3907 142
18.5152 149
18.612 137
18.6386 196
18.7561 101
19.223 148
19.3083 171
20.3265 109
20.6599 148
20.6612 91
20.7033 179
21.2892 184
21.6718 136
22.4806 162
22.7276 97
23.2775 148
23.8008 125
24.153 152
24.4387 136
24.7967 104
24.9529 197
25.0029 122
25.5807 193
25.8026 139
25.9428 222
26.0587 117
26.0762 216
27.4188 184
27.4345 168
27.6941 230
28.0628 136
28.2676 150
28.2982 91
28.6505 202
29.292 137
29.6419 165
30.3282 204
30.3941 229
30.8037 1
11220
5.3173 211
5.3693 241
5.3947 153
5.6924 113
6.4138 113
7.0353 229
7.5396 206
7.7198 90
7.7751 211
8.2515 208
8.3004 83
8.6022 221
9.106 97
9.2152 170
9.6954 198
9.8152 190
10.0018 164
10.6585 129
11.6206 138
11.8164 225
13.642 198
14.1141 243
14.8006 247
14.8772 156
14.892 232
15.8343 122
16.5481 163
16.997 191
17.167 212
17.1878 240
18.1192 213
18.4725 133
18.619 178
18.8993 142
18.9054 232
19.2134 150
19.3017 120
19.6201 85
19.6803 232
19.8391 104
21.0498 100
21.4032 189
21.7597 197
21.9991 184
22.1487 156
22.6184 200
23.387 134
24.5971 141
24.9794 191
25.1149 99
25.9172 97
26.2751 83
26.6959 113
27.4343 85
28.0981 196
28.3121 207
28.3536 218
28.3744 154
28.4739 97
28.7798 135
29.9484 235
30.3753 181
31.6675 188
32.2754 658
7145
8.6579 141
9.0301 247
9.6354 235
9.6644 141
9.8066 107
9.9297 83
10.3685 134
11.0824 221
11.9223 101
11.9708 228
12.7189 140
12.7677 164
13.0224 166
13.1926 178
13.7795 167
14.169 111
15.0237 234
16.3006 167
16.5748 161
16.7771 216
18.2119 233
18.2613 140
18.7924 243
19.7815 174
20.6036 104
20.6383 186
20.6495 240
20.9103 106
20.9723 190
20.9891 190
21.9346 226
22.3532 104
23.1496 103
24.7385 111
25.8012 180
26.5484 132
26.7503 83
26.9013 132
26.98 98
27.5495 245
28.1403 584
4089
9.0297 216
9.1511 205
9.7613 235
9.9962 236
10.1215 181
11.8303 157
12.3567 155
12.4478 219
12.6315 144
13.5608 182
13.892 134
14.4748 218
15.9835 246
16.4932 240
17.6962 212
18.5058 230
18.714 246
19.3069 203
20.6216 179
21.8147 93
24.2971 103
26.1958 108
28.585 123
29.6071 119
30.1693 103
30.2512 191
30.6323 1
10191
8.0953 206
9.2457 148
9.4615 177
10.1074 206
10.5233 125
10.571 182
10.5743 119
10.7624 221
10.9515 86
11.2135 115
11.6437 192
11.7855 218
12.4563 153
12.7613 155
12.7744 109
13.0729 192
13.8604 197
14.852 110
15.0842 203
15.3944 153
15.4617 99
15.7444 131
16.6628 173
16.6924 206
16.7723 144
17.194 214
17.4522 119
17.4897 159
17.5538 220
17.7425 141
17.7692 95
18.9846 227
19.5198 231
19.7429 203
19.8495 203
20.1382 139
20.3721 176
20.4007 209
20.4647 90
22.3686 236
22.58 175
23.4123 161
23.5502 161
25.056 93
25.5105 180
25.9264 95
26.2521 130
26.4246 88
26.8172 196
27.6788 238
27.7808 231
27.7883 203
28.4266 148
28.4708 193
28.6974 192
28.8706 85
29.366 246
29.737 179
30.2114 177
30.7976 200
31.6231 117
31.7038 211
31.8959 138
32.5108 183
32.821 236
33.0912 227
33.2574 92
33.7737 1
9753
7.8561 234
8.3 204
8.7283 178
8.9896 176
9.1871 86
9.586 210
9.9749 185
10.4122 147
10.6968 164
11.1347 154
11.5212 209
11.5791 228
12.3382 221
13.0046 245
14.2577 208
14.8244 201
14.8899 150
15.0548 125
15.0767 192
16.5529 100
16.8876 132
17.1456 126
17.192 197
17.2759 145
17.6819 159
18.0098 189
18.0468 163
19.4077 134
20.2335 91
20.6946 121
21.0127 118
21.3035 231
21.9019 154
22.0901 90
22.914 98
23.4927 131
23.7924 190
23.886 178
24.0239 185
24.4989 203
26.7509 224
28.1043 175
28.1481 207
28.7351 90
28.9696 195
29.2429 135
29.8538 173
30.0778 87
30.0872 112
30.3623 91
31.0989 178
31.214 242
31.423 83
31.5239 196
31.8176 230
32.5483 117
33.1293 164
33.7073 236
33.9999 143
34.2185 98
34.6452 161
35.0002 239
35.4481 206
35.862 1
7412
10.93 236
11.0046 224
11.1028 149
11.4711 143
11.4849 127
11.7219 112
11.8964 148
11.9588 139
12.8139 99
12.9004 127
14.2622 127
14.372 173
14.5289 245
14.7996 209
14.9452 239
15.6323 243
16.3176 115
16.6775 180
16.9973 95
17.0236 137
17.1223 175
17.3544 220
18.406 156
18.7887 208
19.8412 225
21.4338 211
21.7373 134
22.177 184
22.2946 140
22.963 157
23.1851 195
23.4899 195
24.2766 107
24.9205 226
25.6077 134
25.6734 208
26.7903 136
27.3186 190
27.5313 197
28.0898 99
28.447 649
4143
11.7475 118
12.0129 127
12.613 214
13.3308 107
13.7887 93
14.2915 224
14.9301 160
17.3057 219
19.0338 154
19.4011 221
19.6182 135
19.8441 127
20.2812 100
20.3373 218
20.371 130
21.8416 218
21.8549 84
22.0821 197
22.4789 239
22.7162 111
23.6019 111
24.1019 244
24.5253 129
24.6132 88
25.8574 167
26.1695 226
29.1702 1
9971
10.3767 213
11.0273 145
12.3077 150
12.3654 113
12.7996 156
12.9821 195
13.2366 241
13.4466 117
13.6852 106
14.5005 233
14.7862 126
14.8488 161
14.9244 229
15.3032 221
15.408 144
15.4573 164
16.0373 195
16.9216 186
17.5807 240
18.0167 156
18.0314 180
18.3205 100
18.4842 90
19.7082 172
19.8551 232
20.2593 180
20.5253 176
20.5293 221
20.8019 172
20.9834 216
22.7722 172
22.9219 165
22.9393 198
22.9487 236
23.293 246
23.3736 114
23.6243 218
23.888 165
23.9634 227
24.4455 122
24.8179 116
24.8549 185
25.1171 155
25.5221 127
25.6533 220
25.823 145
26.1053 97
26.311 238
26.3278 142
26.6922 210
27.3728 207
27.7191 175
28.4581 113
28.9502 132
29.2759 237
29.4638 196
29.9182 125
30.078 138
30.2208 179
30.548 118
31.9282 154
32.6072 170
32.9021 159
32.961 208
33.1004 191
34.3241 235
34.4116 84
34.4557 1
12151
11.1191 95
11.668 184
11.8141 109
12.1104 123
13.6753 162
14.3722 90
14.4048 111
14.4791 206
14.7165 103
14.7708 221
15.0272 205
15.4205 230
16.0969 151
16.1521 242
16.1873 123
16.217 221
16.2645 114
17.5153 220
17.7358 114
17.9066 111
18.3706 124
18.8193 131
19.0191 154
19.3413 208
19.8817 119
20.7008 101
21.353 161
21.6202 109
21.7444 134
21.7924 225
22.2469 187
22.3367 205
23.348 148
23.4591 132
23.7065 221
23.7843 212
24.1664 178
24.353 177
24.4253 88
25.067 156
25.4506 148
27.3549 234
28.3368 187
28.5491 179
28.7374 89
29.1056 112
29.1603 186
30.7756 214
31.1424 222
31.3641 193
31.7972 158
32.0914 198
32.5761 128
32.6942 112
32.8298 114
32.9769 174
33.5621 167
33.9272 248
34.2538 103
34.505 114
35.0341 168
35.1938 147
36.2418 116
36.5638 2136
6264
9.6625 139
11.2016 127
12.5917 101
13.4795 133
13.6413 231
14.2764 182
14.8117 222
16.6584 226
17.8786 206
18.5744 225
19.1579 238
19.5765 189
19.6308 199
20.2247 105
20.8404 103
21.0394 127
21.2977 228
21.8326 128
21.8525 165
22.4484 106
22.6825 248
23.5518 116
23.6418 83
24.0541 209
24.3317 108
24.6036 230
24.8944 206
25.7001 138
25.9166 152
26.0837 192
26.1894 100
26.3167 93
26.3902 103
26.5812 225
26.588 180
26.7684 92
27.2356 96
27.4827 124
28.1948 110
28.5111 155
29.6338 1
5256
9.9052 221
12.2941 247
14.6882 107
14.9689 159
15.0431 216
15.1093 182
16.2745 154
17.1271 196
17.7517 164
18.3288 211
19.9116 232
19.9773 84
20.375 225
20.9529 123
21.4008 185
23.1509 248
23.5807 134
24.0447 233
24.6691 202
25.7884 246
26.1427 189
26.7563 235
27.2327 180
28.2107 201
29.2621 166
30.5325 249
31.3215 268
11245
9.57 120
10.1283 178
10.3953 216
10.6299 173
12.1416 96
13.4543 204
13.8972 207
14.0119 185
14.8948 201
14.9918 121
15.638 105
15.6825 183
15.9728 247
16.019 92
17.0815 100
17.23 131
17.2426 199
17.5741 211
17.6421 117
17.8344 92
18.6436 104
18.8168 102
19.5871 151
20.3476 110
20.8318 112
21.9318 164
21.9332 168
22.6159 219
22.7618 240
23.3342 245
23.5855 216
23.8514 95
24.4228 177
24.6902 108
25.0439 189
25.4855 223
25.5784 139
25.8784 178
25.883 248
26.2524 122
26.2685 86
26.4829 248
26.5357 95
27.2901 201
27.3907 229
27.6843 90
27.7585 185
27.9745 189
28.0369 236
28.4542 211
28.4565 111
28.4653 202
29.1092 234
29.7218 175
29.7767 119
31.0133 237
31.675 208
31.8836 126
31.9495 243
32.334 92
32.4011 90
33.0249 121
33.0588 168
33.3445 119
33.5524 212
33.9165 153
33.9839 123
34.4381 255
9956
11.9075 223
12.356 242
12.5641 94
13.9751 104
14.382 204
14.5586 198
15.9907 237
17.0454 237
17.1698 198
18.5285 160
18.7147 235
18.9883 90
19.0875 94
19.8112 110
20.2697 168
20.7525 104
20.8669 243
21.2353 101
21.5486 122
22.1032 118
22.4125 164
22.9481 132
24.0136 85
24.1721 140
24.3739 161
24.4592 232
24.6604 167
25.3809 199
25.6275 111
26.1734 144
26.4268 132
26.4986 239
26.6457 184
26.8175 86
26.9246 219
27.6808 246
27.8522 215
27.9836 133
28.0477 129
28.0546 186
28.2242 238
28.3228 240
28.9415 143
29.128 213
29.2738 188
29.4751 245
29.9776 179
30.9108 233
31.3116 210
31.9639 240
32.2346 93
32.3203 98
33.0004 86
33.5801 176
34.3901 183
34.4484 136
34.5453 131
34.7424 98
34.7545 119
35.1425 239
35.5013 161
35.9522 191
36.7146 222
37.1552 1
6578
10.184 107
10.2477 235
10.3263 151
10.5586 203
10.6676 155
11.4024 100
12.0191 138
13.7137 152
14.2316 100
14.2697 153
14.6454 208
15.2419 93
15.663 212
15.975 123
16.0199 147
18.2282 210
18.3169 108
18.4265 160
18.472 186
18.7896 204
19.5867 171
19.642 149
20.6292 101
20.6489 173
21.5083 117
21.6367 94
21.6546 156
24.0306 88
24.4735 226
24.757 84
25.171 207
25.6821 233
26.1309 159
27.198 214
27.5472 187
28.1189 165
28.2582 200
28.6911 212
28.9255 194
29.007 123
29.1081 181
4453
9.7563 160
10.0003 126
11.281 117
12.1567 228
13.3912 152
13.9023 171
15.1711 242
15.913 229
16.7861 119
18.2256 204
18.8208 168
19.9436 122
22.6248 86
23.9902 84
24.1282 87
25.6551 179
26.3291 91
27.0921 95
27.2267 192
27.5616 227
27.9786 214
28.8045 93
28.8832 106
29.7929 147
30.1854 127
30.5881 176
31.4916 512
9369
10.3062 148
10.5789 87
10.6522 136
10.9081 173
11.439 98
12.1484 204
13.0588 209
13.7931 208
13.9774 87
14.1942 239
14.2086 240
14.2887 188
14.3223 186
14.6581 199
15.0915 176
15.3417 101
15.3567 169
15.5757 144
15.6589 121
15.6617 147
16.0531 137
16.696 124
16.9154 136
18.2939 169
18.414 99
18.9648 134
19.0824 241
19.1639 149
19.9112 164
20.3492 128
20.7635 135
21.136 229
21.2566 149
21.9728 241
22.0697 137
22.1636 178
23.0842 112
23.5864 195
25.3725 91
25.4845 232
25.6286 105
25.9537 130
26.0544 106
26.1157 106
26.4882 156
27.1167 224
27.4001 155
27.9904 106
28.1921 182
29.0916 193
29.1821 114
29.233 134
29.5607 95
29.689 206
30.1591 105
31.17 206
31.5529 243
32.8134 158
33.345 223
33.4381 142
33.5663 172
33.6112 185
33.6393 121
33.6535 106
33.7743 224
33.9962 99
34.5208 209
34.7937 1
8646
10.1053 138
10.733 123
10.825 84
11.2722 142
12.6479 172
12.8114 210
13.2322 176
13.7318 188
14.1596 189
14.6135 237
14.7882 145
14.945 88
15.0407 161
15.2496 129
17.8192 115
17.9948 138
18.0954 85
18.7804 245
19.0795 86
19.2004 169
19.2599 186
19.3236 177
19.609 137
19.8906 166
20.2863 155
21.2491 224
21.5277 104
22.1486 191
22.2772 159
23.1528 206
23.1543 236
23.8636 148
24.6069 217
24.8901 132
24.9598 201
25.1579 179
25.4254 155
26.0078 206
26.4946 243
27.1339 111
27.1391 206
27.1412 215
27.2517 244
28.4514 159
28.7845 248
29.9152 203
30.2965 94
30.6811 115
31.0344 242
31.3665 160
31.5618 171
33.2971 86
33.4506 175
33.6033 133
33.8742 145
34.3844 217
34.4633 98
34.552 109
35.5227 110
35.7387 220
36.3413 83
36.6888 187
36.7462 228
36.8572 1
6484
9.5708 90
9.5969 223
10.9034 99
11.352 209
11.7507 143
13.1421 131
13.5328 247
14.0066 162
15.1184 145
15.3223 127
15.7396 88
16.0137 200
16.4211 169
16.4928 175
17.2278 224
18.139 219
18.2387 197
18.3071 148
18.8378 230
18.8848 189
18.9568 224
19.0541 125
19.6943 121
20.9532 180
21.6944 246
21.718 206
22.1756 233
22.232 151
22.3479 156
22.5148 127
22.7084 135
23.6046 166
24.5997 111
24.6859 179
24.8938 177
25.5144 175
26.0825 84
27.0172 208
27.3121 153
27.5666 138
28.221 1
3318
9.7863 163
10.0731 195
14.2991 183
15.3381 125
16.5598 205
16.7666 145
17.5951 157
20.7566 169
22.1917 192
22.9307 96
23.136 109
23.4128 120
24.3994 191
24.4772 136
24.6562 185
25.2004 169
25.2883 242
27.2803 182
28.4902 149
28.6493 142
28.6922 183
29.1458 116
30.8111 169
31.123 193
31.1276 177
31.2267 225
31.6054 1
7705
9.7965 200
9.8255 86
10.0126 155
10.2182 133
10.3929 196
10.4332 209
10.7945 151
11.5244 180
11.6474 238
12.1515 247
12.5087 211
12.6744 195
12.747 239
12.9475 201
12.9943 230
14.1393 237
14.2934 95
14.732 84
16.2444 120
16.3102 127
17.404 168
17.6003 183
17.6723 124
17.7427 152
17.7627 88
17.9016 225
18.0507 205
18.1546 156
18.4828 198
18.5114 145
18.5426 173
18.7316 222
18.7711 172
19.0186 166
20.0898 84
20.3948 195
20.5217 122
21.5502 117
21.9826 150
22.8391 156
22.9829 176
24.5635 244
25.1635 149
25.2144 165
25.2891 138
26.2716 178
26.5666 186
26.6706 110
26.7826 123
26.8191 179
27.2016 232
27.5499 216
27.89 90
28.1502 208
28.4555 100
29.2721 232
29.3257 228
29.6619 141
29.6973 218
29.7677 192
30.1297 172
30.2455 231
30.7608 227
30.8186 106
32.3272 139
32.5643 127
32.7817 236
33.9316 1
8459
9.9872 152
10.2815 145
10.2942 148
10.6117 88
10.9985 130
11.1608 141
11.5183 126
11.8272 151
11.8891 223
12.1353 184
12.1637 155
12.1946 160
12.2534 108
12.8762 84
12.9928 132
13.2779 217
13.7914 224
13.7981 238
14.091 173
14.4237 144
15.2797 189
15.6385 113
15.8122 87
16.7137 232
16.8183 238
17.2979 91
17.532 131
18.2504 101
18.3152 167
18.9093 125
19.6164 119
20.3135 89
20.3201 218
20.6983 107
21.2115 195
22.5248 226
22.8369 129
22.9691 105
23.4757 149
23.6177 123
23.9433 194
24.2067 130
24.7151 206
25.1341 105
26.215 191
27.3055 93
27.6271 138
28.2221 195
28.2919 90
28.3415 154
28.5631 238
28.8787 185
28.9351 141
29.0713 148
31.5123 206
31.5369 96
31.8751 198
32.3676 245
32.7208 238
32.8595 96
33.5074 104
35.0451 167
35.0769 191
35.6827 1
5080
9.8399 159
10.1738 131
11.6077 209
11.6549 150
12.3619 160
12.884 154
13.1748 145
13.4325 205
13.508 119
13.5349 147
13.7529 199
13.8429 221
14.3047 149
15.5205 219
15.6074 234
15.6376 108
15.7433 170
16.4227 93
16.5787 132
16.7963 186
16.8136 155
17.9813 172
18.4154 220
18.8459 207
19.1039 232
19.9869 222
20.0205 160
20.7208 238
21.0821 189
21.5244 111
21.8493 125
22.2373 233
23.7354 196
23.9099 244
23.9706 204
24.2966 132
25.5861 177
26.8333 178
26.8364 90
26.9968 159
27.6962 1
3487
10.8376 96
11.6421 131
11.7627 209
12.7133 238
14.025 179
14.1969 238
14.682 106
14.7204 199
14.7606 213
15.2519 184
16.7491 141
18.6479 115
19.4004 147
21.0023 230
21.7977 211
21.8461 210
23.4252 247
23.5153 231
24.0566 106
25.3243 155
25.8591 212
26.5578 145
27.1508 247
28.1258 173
30.7102 150
30.9216 142
31.3421 1
8293
9.5699 95
9.7767 222
9.8906 140
10.9195 134
12.2154 211
12.377 182
12.6225 132
13.0498 158
14.1784 95
14.989 137
15.0393 195
15.0425 121
15.4137 238
15.5496 106
16.215 190
16.7182 92
16.8778 152
17.0873 176
17.1516 229
17.2422 193
17.3461 199
17.9868 105
18.0309 116
18.6962 207
18.7714 232
19.0931 171
19.2411 99
19.6028 200
19.715 91
19.9648 206
20.0581 93
20.1407 184
20.5002 215
20.6235 103
20.8492 148
20.9211 104
21.5509 240
21.6661 133
21.8852 188
23.2059 132
24.3552 194
24.4657 238
25.1296 101
25.3108 197
25.6778 144
26.1908 246
26.218 157
26.6236 189
26.8264 84
26.9947 195
27.0586 179
27.7604 195
27.9193 174
28.4281 201
28.538 103
29.1883 208
29.4318 217
29.4676 91
30.133 155
31.5361 185
31.7476 120
32.1713 188
32.419 233
33.3891 149
33.6648 167
33.7929 148
34.4284 118
34.7469 1
8947
10.0879 134
10.4135 203
10.6226 221
10.678 169
12.111 245
12.1577 199
12.2447 163
12.2461 236
12.302 215
13.0132 106
13.0579 119
13.6699 83
14.6217 226
14.8334 125
15.5631 150
16.1396 233
16.2172 136
16.4458 247
16.6436 132
17.577 116
17.582 216
18.2142 117
18.6113 175
19.3489 150
20.0172 162
20.1467 219
21.1759 106
21.5851 204
22.0979 176
22.592 219
22.6433 115
23.7328 89
23.7486 153
24.0368 229
24.1433 162
25.6521 90
25.8832 85
26.812 154
26.8807 125
28.071 84
28.36 84
28.59 207
29.6287 219
30.6262 206
31.6727 123
31.7237 117
32.6635 103
33.5585 93
33.6604 224
33.6658 141
33.7549 200
33.936 175
34.0528 125
34.1492 113
34.2823 161
34.452 238
34.855 182
35.6819 166
35.7974 191
36.0161 249
36.017 144
36.1014 195
36.7287 131
36.9597 1
