24 300 20 4
0 1 0 1 
1 0 1 1 
0 1 0 1 
1 1 1 0 
0 471 0 1027 
471 0 746 1173 
0 746 0 1548 
1027 1173 1548 0 
47 47 113 93 
6253
10.2112 89
10.9569 95
11.1322 100
11.398 108
11.5702 185
11.6844 186
11.7928 222
11.917 192
12.3778 175
12.6566 219
12.8814 203
12.8878 94
13.0558 171
14.2749 237
14.5555 123
14.9621 136
15.4915 177
15.8485 100
16.0514 242
16.2119 187
16.3407 153
17.0602 210
17.8006 180
17.812 95
17.8999 102
18.4952 172
19.1552 167
19.1835 178
19.9545 116
20.4262 131
20.6095 214
21.2451 141
21.3304 127
21.3449 213
21.9622 246
22.6348 140
23.4735 96
24.0977 201
24.1416 142
24.2001 233
24.5003 218
24.9214 89
24.975 105
25.7775 85
25.7887 141
27.5354 171
27.9512 1
4509
10.9614 215
11.0348 163
11.1306 85
12.0688 162
12.3033 244
12.4272 215
12.5444 213
12.5629 189
12.6961 200
12.7299 182
13.2546 245
13.2549 113
13.5282 172
13.5633 227
14.9981 225
15.025 180
15.0555 83
15.3275 183
15.9221 160
16.3136 115
16.7529 150
18.2422 158
18.7019 190
18.8669 139
19.5267 196
19.6917 200
21.0581 191
21.3188 173
21.9343 174
22.1024 85
23.2815 123
23.5993 215
23.7815 228
24.5953 154
24.8719 97
25.608 144
26.7276 162
26.7781 167
27.7201 170
27.9229 233
28.7016 169
28.8815 164
29.5214 164
30.0171 182
31.1985 228
31.864 248
31.9838 1
8613
9.5462 84
9.6774 181
9.7928 187
10.047 226
10.0637 124
10.1825 246
10.2383 100
10.3825 149
10.5178 206
11.1214 84
11.2958 115
11.8244 107
12.2732 216
13.056 201
13.1719 117
13.3867 246
13.5241 90
13.9705 194
14.0557 148
14.3739 97
14.5876 166
14.8529 230
14.9882 115
15.0847 146
15.1751 149
15.279 192
15.5823 241
15.6247 147
16.0913 143
16.1015 190
16.5602 186
17.1773 87
17.2312 162
17.6495 161
17.9437 189
18.4669 127
18.5437 141
18.8446 95
18.9411 84
18.9855 102
19.0179 244
19.1631 177
19.4856 231
19.5457 170
19.5981 237
19.6719 116
20.2259 152
20.2789 141
20.4809 168
20.5334 183
20.6733 177
20.7879 241
20.8383 121
21.2819 99
21.5122 172
21.5427 240
22.2442 152
22.4739 210
22.5026 219
23.0075 242
23.1792 110
23.3608 189
23.601 189
23.9446 134
24.3864 194
24.405 161
24.4311 112
24.4807 143
24.5152 146
24.7788 229
24.8194 205
25.2336 151
25.5916 225
25.7904 240
25.8779 199
25.9926 211
26.4587 226
26.6957 157
26.9793 121
27.3915 175
27.6102 228
27.9578 208
28.1801 189
28.1934 154
28.3552 107
28.5378 175
28.8212 145
29.4241 106
29.4458 84
29.6882 89
29.9727 242
30.1087 173
31.4923 176
31.5472 158
31.6266 193
31.7768 237
31.797 134
31.8 106
32.4374 246
32.5597 96
32.6065 102
32.7325 148
32.9675 103
33.0571 132
33.0875 171
33.486 194
33.6418 137
33.6564 201
33.7918 145
34.1309 199
34.1452 205
34.1921 217
34.5067 1
9179
9.145 190
9.9884 245
10.0833 132
10.0924 223
11.0458 179
11.1897 102
11.7041 136
11.8341 127
12.0261 226
12.2489 246
12.2658 186
12.6709 103
13.4877 93
13.7581 166
13.7688 181
14.0519 249
14.1547 128
14.6741 222
15.158 151
15.3569 120
15.5822 163
15.6195 122
16.4794 143
17.3996 226
17.4397 243
17.9598 121
18.7341 138
18.9007 225
18.9811 135
19.0166 102
19.5528 212
19.7046 191
20.6475 161
21.1717 240
21.268 125
21.7891 211
22.0886 144
22.7086 132
22.7915 193
23.118 181
23.4094 109
23.5535 171
23.7056 142
23.7749 129
23.9694 150
24.0369 111
24.506 235
24.5097 174
24.8459 85
25.1426 208
25.2424 216
25.4441 228
25.6136 181
25.7783 95
25.7811 171
25.8542 228
26.6225 173
26.97 93
27.4211 103
27.5912 121
27.7056 86
27.7904 161
27.8682 102
28.1919 206
28.2009 119
28.6016 223
29.0504 123
29.0768 184
29.3905 244
29.8713 95
30.4227 84
30.4381 156
30.9454 178
31.09 88
31.1197 223
31.3181 217
31.3818 178
32.6456 191
32.8178 229
33.1201 245
33.5316 207
33.9353 216
34.6984 86
34.7861 174
35.1236 226
35.3213 243
35.4726 206
35.4738 244
35.5681 241
35.6318 198
35.6439 99
36.0607 180
37.096 1
3857
10.5136 109
11.2227 105
12.3135 157
13.0329 153
13.2951 100
13.3155 156
14.087 98
14.1871 85
14.3626 199
14.4479 173
15.0746 220
15.4193 175
15.7466 152
16.0306 216
16.0814 198
16.7255 111
17.8264 130
17.8752 227
19.8448 91
19.9648 145
20.9008 220
21.1043 215
21.3529 227
22.1595 135
22.7977 221
22.8299 144
23.7085 206
23.7571 208
24.2212 248
24.2618 246
24.2656 242
24.4004 93
24.6195 171
24.7766 178
25.3299 217
25.3877 101
25.7624 111
26.5034 200
27.1378 192
27.6898 124
27.8101 240
27.9609 248
27.9714 157
28.2508 161
28.5107 149
28.5369 213
29.1949 1
3188
9.889 116
12.0563 192
12.2686 188
12.425 123
12.6925 147
15.6281 230
15.6462 87
16.4141 131
16.9502 173
17.0139 241
18.4927 215
18.562 111
18.608 219
18.7061 155
19.2054 137
19.4022 181
20.2827 178
20.5378 159
20.6837 124
20.8969 151
21.0453 118
21.5219 205
21.879 162
22.0489 158
22.6862 198
22.9979 241
23.0633 246
23.1596 224
23.3642 201
23.9143 172
24.6708 187
25.9619 186
26.2422 197
26.7882 106
27.0313 178
27.8417 134
28.273 165
28.507 174
28.7365 100
28.8362 123
29.387 191
30.9925 227
30.9958 226
31.0599 199
31.1191 191
31.1528 96
32.1979 1
7178
10.0681 145
10.2725 94
10.5701 178
11.0314 168
11.0699 145
11.4114 188
11.6021 246
11.6191 118
11.8466 129
12.3012 146
12.4977 142
12.6976 100
12.8862 108
12.8885 208
13.0087 235
13.1745 123
13.2406 147
13.6224 195
13.6352 239
13.8459 168
14.3374 93
14.6651 109
14.8035 224
15.4302 154
15.5332 232
15.5899 122
15.6761 165
15.7184 140
15.7802 118
16.1935 213
16.2722 84
16.4068 86
16.6732 183
17.1341 112
17.3591 101
17.378 94
17.4458 151
17.5941 177
17.9011 145
17.9183 241
18.1259 119
18.1725 153
18.629 198
18.8116 229
18.8833 175
19.0782 237
19.2636 99
19.3134 245
19.3265 219
19.447 140
19.4809 132
19.7458 87
20.2889 190
21.25 109
21.5616 230
21.6455 83
21.997 227
22.015 108
22.2817 146
22.2833 162
22.4394 139
22.4476 136
22.4588 95
22.598 213
23.0417 99
23.3007 220
23.4376 184
23.5764 124
24.0689 115
24.2424 217
24.4971 179
24.5233 139
24.5419 208
24.5818 159
25.0098 168
25.0108 104
25.1875 106
25.2172 154
25.4571 230
25.6177 161
25.7446 226
26.139 113
26.4373 236
26.5078 142
26.5418 220
26.5782 177
26.9399 108
27.5019 154
27.8762 117
28.2884 108
28.5728 135
28.7314 178
28.9219 198
30.2908 187
30.5794 138
30.7193 213
30.8571 204
30.9713 153
31.3033 129
31.3891 206
31.3946 145
32.4525 210
32.4796 131
33.1536 243
33.1628 236
33.2154 186
33.3997 124
33.4676 162
33.5097 121
33.5303 131
33.7307 143
34.2814 183
34.4825 1
7289
10.6372 193
11.3282 234
11.5053 220
11.9088 187
12.015 92
12.2558 248
12.3973 87
12.4132 114
12.8041 196
12.9313 227
12.9323 119
13.483 135
13.5453 128
13.6316 228
14.132 123
14.6397 84
15.6539 126
15.673 115
15.6866 128
16.5444 111
16.709 244
16.7788 203
16.8428 112
17.0783 193
17.1695 179
17.502 225
17.5856 86
17.7792 202
18.0153 116
18.1523 106
18.3359 149
18.4085 85
18.5166 165
18.9078 117
19.0477 178
19.2792 217
19.4794 157
19.6453 147
21.2376 169
22.3189 225
22.5449 152
22.6687 228
22.882 164
23.0748 100
23.2652 193
23.8941 231
24.2573 114
24.7697 109
25.1338 89
25.1582 233
25.3006 233
25.6271 228
26.0527 241
26.8536 200
26.9352 208
27.892 231
28.2606 114
28.3151 125
28.6581 137
28.7867 110
29.5798 210
29.8706 183
30.0414 243
30.6743 123
31.6516 158
32.0708 116
32.1743 162
32.4523 115
32.5312 138
32.6413 96
32.8071 158
32.9642 227
33.2416 138
33.5138 87
33.7536 212
33.7564 232
34.1303 200
34.3353 192
34.6771 216
34.7383 210
34.7562 97
34.9631 193
35.0613 114
35.2088 122
35.2154 128
35.309 164
35.6612 174
35.6763 188
35.7739 163
36.0267 131
36.7576 92
36.9046 183
37.6646 1
2781
9.919 191
10.0267 97
10.7229 177
11.0079 199
11.1315 105
11.6716 120
12.6 214
13.7363 186
13.8348 110
13.9415 192
14.137 187
15.2206 94
16.1137 119
16.4825 175
16.5408 140
16.6534 130
17.0484 168
17.1977 203
17.38 139
17.7514 99
17.9491 104
18.2383 131
18.376 146
18.4274 90
18.603 90
18.7059 211
18.8549 166
19.7532 218
20.3778 209
20.9371 156
20.9586 93
21.641 217
21.6878 84
21.7389 166
23.8072 187
24.0716 244
24.611 94
24.8528 228
24.865 214
25.3093 156
26.4569 213
27.2996 204
27.7876 84
27.8983 205
28.8087 110
28.8574 168
29.0985 1
2232
10.1486 95
10.8293 149
10.8399 238
11.457 239
11.6977 205
12.0885 224
13.0004 132
13.3088 125
14.021 144
14.3685 225
14.6796 188
15.2213 224
18.0819 175
18.9128 114
18.9287 180
19.7297 87
20.593 173
20.713 123
21.3804 242
21.5992 218
21.8091 143
22.1908 249
22.3017 238
22.3568 149
22.3571 164
22.494 212
22.5142 230
22.5388 232
22.7325 168
22.8945 169
23.026 175
24.197 154
24.7751 152
24.9078 182
25.3786 237
26.1691 106
26.5871 105
27.0423 234
27.4065 248
27.8013 131
28.1258 100
28.6848 164
28.9011 113
29.2082 138
29.4733 231
31.2876 198
32.2004 1
5764
9.1732 158
9.7282 247
9.7878 192
9.8879 249
10.4572 242
10.5962 185
10.6962 155
10.7569 213
10.8853 86
10.9563 180
11.1127 198
11.5661 140
11.5925 210
11.6421 173
11.8028 185
11.8514 155
12.0286 224
12.4689 177
12.6674 83
12.9178 223
12.9845 91
13.0761 135
13.4939 102
13.6516 137
13.7817 140
13.8767 134
14.0577 238
14.36 182
14.6179 147
14.7624 163
15.0074 241
15.2505 248
15.4761 209
15.764 157
15.8476 219
16.0372 83
16.3296 122
16.413 182
17.1479 103
17.3127 204
17.4979 217
17.9476 178
18.2195 154
18.3171 106
18.3746 143
18.7455 106
18.8361 97
19.0663 191
19.4069 101
19.7076 175
19.9002 203
20.0883 129
20.4111 162
20.433 109
20.8 161
20.9152 232
21.0686 110
21.1017 184
21.1139 104
21.493 236
21.592 92
21.9248 225
21.9302 93
22.0269 171
22.0462 144
22.1698 202
22.4223 124
22.5299 87
22.8334 141
23.0909 157
23.3801 183
23.7888 219
23.9743 176
24.7496 183
25.0768 233
25.101 199
25.6922 208
25.7644 216
25.921 127
26.6515 155
26.8153 200
27.1723 108
27.1788 106
27.245 113
27.3071 108
27.5683 116
27.7879 226
27.8899 100
28.198 226
28.4616 149
28.8022 85
28.8395 184
29.1041 173
29.1294 133
29.3046 108
29.8249 101
30.7949 216
31.3268 124
31.4492 224
31.5063 145
31.7432 236
31.8499 171
31.9803 179
32.5888 155
32.7297 92
32.8127 110
32.8804 239
33.1291 114
33.2233 111
33.8549 157
33.9999 235
34.1666 237
34.4326 1
5043
9.9256 140
10.1845 104
10.4085 133
10.4565 133
10.7036 225
10.8949 221
11.6761 146
11.9285 205
12.1867 175
12.708 108
12.981 98
13.0407 215
13.4598 116
14.1341 165
14.1739 200
14.2775 200
14.4762 170
15.0966 95
15.1133 117
15.2096 180
15.4473 168
15.5695 137
15.983 157
16.0555 87
16.213 231
16.6359 111
16.9705 135
17.1831 106
17.3698 89
17.5016 113
17.7744 122
18.0845 230
18.3464 158
18.7271 167
18.8864 120
19.0349 210
19.049 89
19.1585 110
19.4336 172
19.4908 233
19.9355 221
20.0832 237
21.0104 98
22.4068 99
22.4336 112
22.9619 245
23.6083 174
24.0288 110
24.3221 187
24.5227 164
24.6837 171
24.8953 206
25.1552 153
25.1706 141
26.1323 212
26.1573 196
27.1008 230
27.4828 183
27.7291 158
27.7342 210
27.839 172
27.973 211
28.1653 200
28.5456 160
28.6883 111
29.0448 204
29.5387 124
29.8261 111
30.2495 177
30.8573 216
31.1032 99
31.2062 85
31.2972 105
31.7818 222
31.9354 212
31.9863 221
32.7661 135
33.2422 190
33.5545 101
33.8703 99
34.1931 246
34.3657 197
34.6211 223
35.0025 150
35.2753 160
35.3321 172
35.3617 96
35.8295 234
35.9942 177
36.4464 108
36.8417 176
37.0136 97
37.3297 1
3936
9.7115 128
10.1747 244
10.3109 187
10.5915 203
10.7337 175
10.876 150
11.3227 114
11.8703 89
12.1883 132
12.3557 102
12.5259 107
12.6406 239
12.6465 229
12.7001 179
13.2633 126
13.2843 102
13.6172 188
13.9355 121
14.1107 193
16.0208 232
16.1055 127
16.4758 188
16.8306 88
17.7746 163
17.8668 223
18.3633 87
18.4839 101
18.7921 95
18.9333 127
19.3561 114
19.5244 240
19.5253 91
21.4008 213
21.4075 152
22.4148 237
24.4766 246
24.9516 242
24.9792 211
25.7509 102
26.1997 179
26.613 119
26.6859 167
26.7579 153
27.429 116
28.1437 106
28.6809 133
29.4657 1
2480
9.5461 244
10.5031 117
11.6043 205
12.8159 102
12.9861 110
13.1639 161
13.5317 92
13.7841 170
13.8872 169
14.1012 134
14.4503 128
15.6136 140
16.3141 141
17.0726 84
18.5018 103
21.2993 209
21.3375 125
21.5918 229
21.991 120
22.836 145
23.1788 152
23.3554 173
23.9599 102
24.1961 240
25.3644 173
25.7425 141
25.9274 113
26.0134 247
26.1709 205
26.6062 109
27.0833 97
27.1619 86
27.2057 124
27.4243 243
27.9956 97
28.0541 152
28.431 213
29.2087 88
29.6115 213
29.6461 236
29.9559 109
30.3305 124
30.5312 140
31.1769 109
31.5791 115
31.9571 239
32.1022 1
5768
9.4805 205
9.7269 84
9.7604 148
9.8702 100
10.0209 104
10.1456 181
10.2141 167
11.1519 240
11.2399 174
11.6671 211
11.6891 136
12.1066 87
12.6897 158
12.9367 143
13.3536 131
13.5356 186
13.5693 182
13.5869 104
13.6061 242
13.7538 163
14.1406 204
14.3279 183
14.7064 173
14.8175 182
14.8835 84
14.9871 134
15.2185 151
15.3429 191
15.4413 156
15.6721 120
15.7146 118
15.8306 135
16.1399 175
17.1337 197
17.2929 93
17.4389 189
17.5982 213
17.9376 190
18.0348 171
18.1365 125
18.5093 169
18.6939 200
18.9417 242
18.9522 172
19.6429 92
19.6832 233
19.8156 178
20.2114 101
20.4162 137
20.807 191
20.8202 203
21.6008 170
21.8179 100
21.93 155
22.3055 227
22.3371 227
22.4176 88
22.4864 84
22.5104 248
22.5494 222
22.5736 175
22.6415 174
22.6992 169
22.7614 174
23.0659 192
23.1149 210
23.467 215
23.6005 156
23.9661 99
24.1242 175
24.3681 121
24.4642 246
24.5889 231
25.0483 155
25.3998 139
25.4189 123
25.8377 241
25.8709 180
26.0614 196
26.1706 247
26.4037 83
26.618 155
26.9376 126
27.2357 241
27.3842 223
27.4644 215
27.6322 159
27.8662 131
27.9172 225
28.158 184
28.1844 133
28.293 197
29.183 117
29.4943 179
29.7186 181
29.7458 192
29.828 85
29.9203 238
29.9473 88
30.1132 162
30.9521 163
30.9779 215
31.2037 138
31.3119 234
31.8061 119
32.32 229
32.776 84
32.7771 209
32.9359 115
33.6719 208
33.7263 238
34.0134 87
34.3197 1
7093
9.3955 132
10.0606 136
10.3952 199
10.5562 97
10.6925 238
11.745 149
12.3658 200
12.525 157
12.5483 188
12.8346 103
12.91 107
13.0107 226
13.5507 195
13.6429 169
13.6571 85
13.6721 85
13.8027 179
13.968 228
14.0746 226
14.0852 153
14.6895 206
15.0128 210
15.0261 205
15.0988 182
15.8335 94
16.039 196
16.5177 209
16.718 223
17.1839 96
17.1988 184
17.2468 173
17.6459 94
18.019 134
18.3152 101
18.3847 210
18.7312 112
19.4074 216
21.2911 218
21.3121 191
21.3313 100
21.5619 85
21.901 87
21.9086 113
22.0249 235
22.6043 221
22.8691 129
23.217 150
23.3235 134
23.3743 183
23.456 151
23.8724 210
23.8848 150
24.2557 107
24.2673 157
24.5952 218
24.6995 151
24.7676 112
25.0305 133
25.0559 106
25.3746 223
25.4357 124
26.4344 180
26.537 98
26.5452 86
26.8834 86
27.0831 120
27.2001 156
27.3807 229
27.5175 162
28.2855 184
28.4453 161
28.5459 157
28.6053 162
28.6891 241
29.3026 223
29.5376 194
29.8215 145
30.0138 141
30.2349 169
31.3375 89
32.243 179
32.5591 117
33.2252 149
33.5292 187
33.5672 126
33.7832 115
34.0167 246
34.0953 98
34.1494 125
34.8959 132
35.1767 112
35.2808 171
36.544 1
4957
10.3135 87
10.5526 185
10.9971 195
11.0375 101
11.4826 233
11.6965 89
12.8272 126
12.9816 240
13.6565 230
13.9429 141
13.9431 160
14.3875 157
14.421 135
15.156 237
15.1902 201
16.2805 141
16.637 104
17.8559 220
18.1924 97
19.0381 136
19.8091 219
20.3925 222
20.4723 146
20.6961 164
21.186 164
21.3386 179
21.6974 184
21.8023 149
22.5041 131
22.7518 175
22.9866 156
22.9912 99
24.8694 217
25.1533 147
25.2765 112
25.3489 178
25.6304 138
26.1546 237
27.0636 139
27.1919 203
27.5787 188
28.133 223
28.562 151
28.8638 145
28.8877 194
28.9514 168
29.6382 1
2965
9.8483 116
9.8686 83
11.3233 225
11.4883 123
11.753 186
11.8396 183
12.0479 234
13.8686 221
14.7121 224
14.8717 167
15.5603 111
15.6828 188
16.6665 216
17.8818 89
18.4308 234
18.5866 196
18.9213 238
19.2208 123
19.659 108
19.8029 248
20.1364 175
20.1901 112
20.3517 118
21.3252 232
22.3136 207
22.3274 110
22.4683 245
23.6669 94
23.8788 172
24.7294 135
24.7318 113
25.4851 122
26.0136 111
26.4323 154
27.0152 121
27.4793 95
28.0079 135
29.0195 160
29.1524 96
29.2425 188
29.5748 148
30.0795 185
30.2595 178
30.5895 103
31.1738 229
31.409 173
31.5511 1
6391
9.1853 211
9.2514 199
9.837 161
10.1855 198
10.3159 188
10.3177 109
10.4911 125
10.6671 219
10.7559 210
11.1831 235
11.2002 249
11.3715 210
11.4094 229
11.5942 165
11.6195 134
12.1126 164
12.7947 86
13.5147 183
13.5479 249
13.7367 113
13.7661 194
13.8429 224
14.1682 136
14.2173 107
14.2652 92
14.8482 148
15.1064 143
15.249 117
16.0124 241
16.1571 236
16.349 241
16.6618 165
16.8938 202
16.941 185
16.9537 134
17.0399 201
17.1322 243
17.6652 154
17.7917 218
18.4129 144
18.6497 193
18.7101 202
18.7507 243
18.9569 115
19.0132 205
19.0513 137
19.1618 228
19.4107 142
19.4927 141
19.6788 227
19.7283 230
19.779 83
19.8117 129
19.8261 222
20.2608 119
20.3184 121
20.5075 218
20.7916 246
21.0718 159
21.7313 193
21.7806 131
22.037 236
23.0436 172
23.0672 244
23.1577 115
23.2038 166
23.5828 170
23.8022 131
24.0748 167
24.0905 232
24.1376 142
24.7695 184
24.9756 192
25.0333 100
25.2014 93
25.2795 131
25.5252 137
26.0953 142
26.8192 241
26.8262 85
27.0527 153
27.0858 214
27.5534 216
27.5845 177
28.0545 173
28.6161 141
28.6211 101
28.8156 159
29.1878 236
29.2729 215
29.2777 165
29.4173 122
29.6683 100
29.7467 147
29.8201 214
30.0545 109
30.3148 208
30.933 165
31.2057 181
31.2646 206
31.3469 170
31.42 148
31.4872 131
31.7086 219
32.228 125
32.296 191
32.305 114
32.6614 202
33.2778 190
33.6137 96
33.7967 230
34.1762 146
34.3775 1
9219
9.7796 116
9.9309 199
9.9418 191
10.0989 220
10.4166 158
10.7943 134
10.9154 157
11.6871 108
12.6568 126
13.3264 199
14.0059 227
14.5564 119
14.7452 239
14.8268 85
14.8578 159
15.1879 110
16.0489 108
16.1793 119
16.3327 86
18.0274 119
18.0588 140
18.2461 137
18.4122 118
18.7152 197
20.2383 207
20.3588 197
20.5357 133
20.7614 183
21.0412 108
21.4185 137
21.5882 208
21.8241 180
22.3374 85
22.3536 150
23.8742 137
23.8779 180
23.893 230
24.0177 214
24.0739 231
24.3192 199
25.0491 231
25.3202 192
25.5643 205
25.6356 236
25.7483 110
25.8032 127
26.0009 92
26.3134 99
26.4762 152
26.5401 240
26.7426 181
26.8017 102
26.8057 113
26.8656 113
27.3339 181
28.2879 169
28.8084 127
29.5662 239
30.295 102
30.5055 149
30.9055 105
31.4597 132
31.4745 88
31.5214 148
31.6847 169
31.8518 198
31.9174 140
32.0257 137
32.0788 191
32.0809 222
32.445 219
32.5425 220
32.8265 216
32.8344 124
32.9086 138
32.9687 164
33.2931 144
33.9275 208
34.1428 223
34.3027 134
34.4816 208
34.5551 129
35.0103 146
35.036 129
35.1404 126
35.1712 203
35.2801 229
35.4166 186
35.4428 159
35.5678 111
36.0312 147
36.0811 163
36.6738 1
4908
9.438 150
10.6082 153
10.7081 124
10.8758 175
11.0672 174
11.0799 99
11.8528 116
12.0411 122
12.1811 124
12.7043 106
12.8781 120
12.9923 142
13.0312 188
13.2955 110
13.6732 248
14.0322 138
14.2836 138
14.6064 186
14.9674 196
15.0585 94
15.3679 91
15.6972 87
16.3321 125
17.2531 118
17.9411 203
18.0608 180
18.3762 130
18.464 131
18.5139 173
18.5753 236
19.012 168
19.5195 200
19.86 108
20.1304 211
20.3121 101
20.9467 143
22.2703 94
23.3879 135
23.7227 138
24.0959 244
24.9476 176
25.8375 110
25.8595 149
26.2889 153
26.7985 88
27.2356 156
29.9222 1
3612
12.0074 191
13.2791 130
13.41 167
13.578 148
13.7208 234
13.959 236
14.287 132
15.1464 194
15.2669 101
15.8356 121
15.9008 157
16.6096 171
16.6895 227
17.267 128
17.7581 96
18.9086 177
19.0524 109
19.0743 95
19.7152 229
19.7516 102
20.1369 223
20.4986 189
20.7374 233
21.0451 206
21.1574 206
21.1826 165
21.6044 151
22.6042 136
22.7874 198
22.9187 186
23.5272 244
24.2186 205
25.1335 87
25.6376 237
25.8346 247
26.5064 116
27.492 209
28.2913 163
28.5302 122
28.5636 173
28.8357 121
29.5796 204
29.7672 93
30.1435 166
30.5551 92
30.8595 244
31.7542 1
10071
9.3012 155
9.4622 210
9.7703 212
10.0118 162
10.4825 132
10.5656 172
10.8122 149
11.0692 229
11.4163 169
11.4933 108
12.4063 192
12.4833 154
12.7 148
12.8987 151
12.9633 245
13.4728 211
13.8568 179
14.2007 145
14.5132 164
14.6146 221
15.0019 123
15.096 198
15.3007 214
15.622 101
15.7789 116
15.8657 130
15.8781 211
15.9722 195
16.0529 187
16.2931 169
16.362 143
16.4869 192
17.1485 186
17.355 126
17.5472 142
17.8852 144
17.9442 241
18.6246 144
19.1949 169
19.2018 203
20.0635 150
20.0737 107
20.2314 122
20.4024 86
20.631 90
20.6611 115
21.1953 239
21.3421 193
21.3731 209
21.5157 223
21.7247 94
21.8767 175
22.3862 235
23.0092 237
23.249 91
23.6501 196
23.8959 169
24.394 207
24.5052 233
24.6297 223
24.7731 125
24.9644 98
25.0856 124
25.1152 227
25.2219 216
25.2593 180
25.3005 238
25.8588 116
26.2508 241
26.3237 222
26.588 95
26.5915 147
27.5655 97
27.8184 121
27.8967 189
27.9902 137
28.0364 197
28.1321 122
28.1468 165
28.1641 242
28.169 95
28.3875 152
28.6672 238
28.7503 114
28.7985 108
28.8316 130
28.9462 180
29.3906 228
29.4567 157
29.548 214
29.7227 164
30.3727 173
30.3999 246
30.8007 106
30.8136 127
30.8481 95
31.0125 153
31.2053 235
31.3154 162
31.6021 100
31.6804 238
31.861 241
32.1196 246
32.1941 144
32.5954 242
32.7643 169
32.8786 151
32.9338 247
33.9308 136
34.2848 105
34.4773 146
34.5563 200
34.8923 1
11755
9.8983 130
10.0269 90
10.1567 218
10.2248 159
11.0628 101
11.6054 228
11.9736 179
12.4752 108
12.7617 138
12.9481 134
13.0779 189
13.1314 173
13.1917 92
13.3039 142
13.3395 208
13.3651 215
14.0756 141
14.0878 106
14.1837 167
14.2555 197
14.4787 221
14.6472 172
15.0813 197
15.2884 150
15.3332 115
15.5315 209
15.9658 213
16.5781 179
17.1123 199
17.44 159
17.4866 195
18.4598 102
18.4717 153
18.6101 199
18.7373 233
18.8514 132
19.5752 171
20.4529 232
20.5613 168
20.7478 204
20.9399 203
21.1056 176
21.6079 94
21.8959 248
21.9337 197
22.056 84
22.5918 239
23.2164 110
23.2675 192
23.5156 212
24.1553 222
24.6599 120
24.7095 202
25.4066 113
25.4208 99
25.665 92
26.2317 120
26.5545 147
26.7105 96
26.7514 187
26.9675 117
27.19 108
27.2614 244
27.4081 101
28.8363 192
28.9068 162
29.1269 249
29.2861 230
29.5162 83
31.0874 207
31.18 116
31.4242 184
31.5943 106
32.0465 106
32.3325 209
32.4896 123
32.7338 235
32.7893 144
32.956 215
33.1267 199
33.1502 204
33.5148 96
34.0102 210
34.5301 165
34.7349 237
34.9669 161
35.0656 191
35.1176 107
35.905 244
36.3602 116
36.5329 241
36.5389 160
36.8436 1
7561
10.1667 136
10.7723 140
11.3128 129
11.4191 125
11.4262 236
11.9103 96
13.1697 183
13.2488 150
13.2935 222
13.3987 206
13.5153 104
14.442 155
14.5886 183
15.0295 169
15.316 133
15.8591 162
15.8647 219
15.8735 95
16.0819 241
17.0888 115
17.6889 220
17.8715 242
18.9891 160
19.9096 194
20.5748 105
20.7719 146
20.9383 225
21.2969 183
21.7063 180
22.249 241
22.5293 233
22.8345 98
23.0498 193
23.131 244
23.248 162
24.5618 98
24.7482 165
24.8318 203
25.1345 134
25.3814 214
25.5211 162
25.5576 162
27.0101 113
27.5477 105
27.9454 165
28.1334 116
29.4166 1
4898
10.16 177
10.5281 97
10.7435 231
10.8273 148
11.1708 212
12.2594 176
13.4578 225
13.5621 131
13.8411 106
14.0561 124
14.5452 194
14.5467 243
14.5953 236
14.8253 227
14.8776 88
15.493 243
16.4459 167
16.7346 117
17.4251 191
17.5739 183
18.189 106
18.4918 190
18.5569 216
18.5875 168
19.657 246
20.6864 209
20.9677 227
21.2728 186
22.3344 180
22.8601 200
23.2807 226
23.4001 209
23.6537 226
24.3961 178
25.1585 83
26.0557 116
26.3351 138
26.734 204
27.3792 216
28.6254 185
29.0046 98
29.0968 134
29.2694 248
30.9512 236
31.1335 162
31.202 113
32.3291 1
12398
9.8273 245
10.4805 208
10.7969 212
10.8843 221
10.8909 118
11.0195 161
11.0474 148
11.219 241
11.3232 149
11.7362 211
11.8925 95
12.1698 187
12.7673 200
13.1412 120
13.2482 150
13.5168 90
14.0043 120
14.012 185
14.4516 137
14.6168 132
14.8585 111
14.9343 176
15.0118 199
15.0828 225
15.2426 193
15.5552 215
16.0774 145
16.1565 210
16.3655 211
16.553 121
16.7127 207
17.1504 157
17.1833 108
17.3633 88
17.5942 96
17.7106 113
17.9536 234
17.9846 136
19.0792 232
19.0806 117
19.176 103
19.206 158
19.2669 220
19.4923 243
19.5218 217
19.9483 142
20.1264 135
20.1558 209
20.254 213
20.5035 190
20.6633 104
21.1522 235
21.3936 123
21.5163 201
21.6209 191
21.7684 108
21.9704 142
21.9869 98
22.118 237
22.1935 209
22.2262 200
22.3146 199
22.9137 129
23.139 132
23.3379 177
23.3745 239
23.4951 117
23.7548 219
24.0615 127
24.0642 118
24.4868 136
24.7673 109
24.8137 232
25.0822 223
25.4992 241
25.8563 190
26.0219 218
26.0911 192
26.3731 165
26.4423 198
26.6402 183
26.8346 213
26.8474 90
26.9275 150
27.844 247
27.8679 127
28.1574 194
28.2732 134
28.4599 176
28.5385 246
28.5824 179
28.6839 247
29.5925 88
29.8434 135
30.237 187
30.4734 170
30.635 123
30.7263 187
30.7363 211
30.977 235
31.0546 136
31.2279 208
31.2694 167
31.2944 118
31.7448 95
31.8292 103
32.2618 209
32.645 190
32.7796 226
33.0626 137
34.0668 241
34.084 228
34.4368 1
12100
10.3192 192
10.322 234
10.4793 184
10.4819 136
10.6984 198
10.849 184
10.9288 231
11.1343 88
11.2007 192
12.0518 156
12.449 114
12.5331 85
12.6401 181
12.7687 222
13.219 143
13.3506 141
13.724 124
13.9166 112
14.2602 204
14.4042 179
14.5927 225
14.6813 143
14.8797 106
14.9218 155
15.349 219
15.3539 225
15.4965 208
15.7233 150
16.7689 226
17.2902 127
17.3855 192
17.4641 193
17.7897 103
18.1313 107
18.3878 172
18.7859 123
19.2048 157
19.2722 224
19.6303 169
19.6869 247
19.897 121
20.0877 234
20.4089 150
21.0212 166
21.2601 240
21.6885 114
22.0394 128
22.3468 231
22.5094 135
23.116 106
23.4128 239
23.6254 247
23.8767 168
24.7948 106
25.8341 137
26.8902 182
26.9898 185
26.9904 111
27.0578 195
27.0695 104
27.471 176
28.0201 200
28.2396 113
28.5187 114
29.0852 135
29.1162 83
29.5034 207
29.5538 223
30.4449 236
30.4782 191
31.0942 158
31.6539 98
32.3534 201
32.5537 101
32.6291 147
32.6656 168
32.7619 219
32.7668 178
33.4456 157
33.6812 194
33.8352 103
33.845 220
34.3389 178
34.389 101
34.8353 183
35.4957 183
35.6171 152
36.1232 129
36.7857 166
36.7894 188
37.0673 87
37.3157 178
37.5194 1
8942
8.1935 248
8.3772 130
8.8024 206
8.8116 141
8.9744 162
9.2534 237
9.2999 153
9.5669 248
9.7378 134
9.7683 225
9.8418 196
10.7154 102
11.4484 145
12.4573 164
12.6762 117
13.8526 237
13.908 132
14.1011 246
14.1239 125
14.9416 166
15.4247 86
15.7717 156
15.9981 98
16.6105 132
16.7835 144
16.8109 232
18.2752 172
20.2178 95
20.6247 243
20.8667 237
21.9102 181
22.1162 241
22.1822 218
22.4628 160
22.6826 143
22.877 183
23.3399 147
24.7529 203
25.1726 98
25.1785 247
25.3583 168
26.044 97
26.4557 143
26.7284 163
27.943 154
28.2449 214
28.4229 1074
5657
8.802 213
8.8639 193
9.1729 166
9.2451 121
10.4579 185
10.8508 107
11.0912 102
11.2625 93
11.556 152
12.9298 128
13.7005 126
13.8894 191
14.3325 176
15.2328 105
15.6149 86
15.9903 84
16.0206 215
16.2943 172
17.1778 164
18.1593 91
18.1692 209
19.9368 130
20.6252 108
20.786 122
21.0636 229
21.1991 111
21.3592 221
21.5715 149
21.614 138
21.7923 194
21.924 241
22.0857 197
22.5868 174
23.0896 84
24.6133 218
27.3262 118
27.6024 156
27.7309 223
28.3287 249
28.5784 170
28.7252 88
28.7988 181
28.8517 85
28.9681 108
29.9233 193
30.5141 185
31.0282 1
13829
7.6565 97
8.1185 247
8.6356 207
8.9796 245
9.2741 228
9.324 183
9.5693 197
9.6739 211
9.6808 230
9.9344 152
10.1411 185
10.357 108
11.4072 151
11.5873 124
11.7252 141
11.7386 224
11.8639 205
12.3792 147
12.447 225
12.4913 127
12.6425 128
12.8388 96
12.9708 105
13.9576 138
14.0607 212
14.1443 128
14.6794 164
14.9585 213
15.3733 170
15.5186 180
15.5432 124
15.9652 94
16.2167 244
16.6042 237
16.606 163
16.6396 143
16.6619 183
16.6973 155
16.9896 189
17.2117 215
17.4761 109
17.5704 151
17.6277 118
17.6595 187
17.9228 120
18.0058 191
18.6558 175
18.6672 121
18.9154 159
18.9617 205
19.1705 95
19.1864 143
19.2221 104
19.8838 220
19.8891 110
19.9975 198
20.0502 194
20.2243 134
20.2709 104
20.3542 145
20.6514 158
20.8593 83
20.9654 143
20.9682 158
20.98 119
21.1843 109
21.7289 238
21.7454 203
21.8185 115
22.1642 246
22.7938 157
23.4836 136
23.5312 104
23.5421 183
23.5569 150
24.1221 209
24.5895 120
24.6087 181
24.6239 243
24.7156 115
24.9645 215
25.0844 154
25.343 189
25.3854 200
26.2322 192
26.4164 175
26.4284 231
26.43 113
26.5372 232
28.1293 120
28.2562 218
28.9737 129
29.0289 152
29.1973 136
29.2394 194
29.9401 121
30.203 130
30.2234 99
30.4191 86
30.4254 192
30.5161 239
30.6612 200
30.7576 89
30.8492 115
31.3084 213
31.4758 104
31.5927 190
31.7082 199
31.7734 173
31.8649 226
32.2614 227
32.4769 189
33.226 1
17185
8.5135 127
9.5847 244
10.5033 223
11.1488 248
11.4637 109
11.5058 188
11.7642 150
12.1987 132
12.419 238
12.4564 115
12.6705 150
13.0445 151
13.0499 223
13.7603 146
13.835 98
14.1712 163
14.1825 132
14.5016 139
14.6694 197
15.0248 174
15.1641 187
15.4766 166
15.594 205
16.0591 215
16.1223 243
16.8356 168
17.0061 168
17.0683 191
17.2415 222
17.255 135
17.4615 146
18.348 226
18.3755 172
18.6734 183
18.8501 136
19.1143 224
19.2843 200
19.3816 167
19.9398 148
20.0787 244
20.2351 111
20.7094 85
20.8025 246
21.2064 101
21.5629 115
21.5751 123
21.771 206
22.1118 215
22.3348 131
22.9514 218
23.0243 86
23.3238 134
23.6516 182
24.1536 114
24.396 95
25.1026 98
25.7701 161
26.9578 85
27.0102 110
27.2311 216
27.4727 214
27.8877 108
28.3594 117
28.3644 153
28.5731 90
28.5839 170
28.64 200
28.9908 102
29.3178 190
29.7764 228
30.1042 158
30.368 104
30.5404 98
30.6377 248
30.6864 151
31.5728 83
32.0681 182
32.3541 202
32.4162 192
32.7631 121
33.4658 220
33.6103 141
33.6678 181
34.2124 204
34.2231 144
34.5712 237
34.8493 179
34.8724 103
35.0022 161
35.6488 231
35.7367 165
36.0555 230
36.2043 1954
7977
8.8954 215
8.9108 179
9.1117 184
9.1249 202
9.2077 120
9.2969 220
10.084 133
10.6696 135
10.8817 246
12.4712 163
12.9779 166
13.1456 217
13.547 237
14.0726 162
15.1231 149
15.1334 168
15.9545 220
16.3228 246
17.2756 207
18.1306 131
18.6827 215
18.9159 118
19.7501 246
20.1198 121
20.1716 216
20.4823 109
20.9354 148
21.0326 117
21.1217 130
21.1549 220
21.2305 197
22.3431 196
22.4979 100
22.6026 130
22.9683 140
23.0057 229
23.4599 193
23.9996 104
24.656 236
24.9913 220
25.3812 202
25.4785 186
26.2618 91
26.596 208
26.7203 122
26.7352 228
28.5789 1
7576
8.496 86
8.8511 99
10.0556 140
10.5783 206
11.2641 193
11.3514 100
11.982 181
12.7407 107
12.9907 161
13.0805 244
13.597 98
13.8104 121
14.3524 120
14.6356 195
15.8544 111
17.1518 216
17.6541 149
19.4126 150
19.6833 109
19.7955 137
19.9627 240
20.5303 124
20.8065 232
20.8665 107
21.0918 104
21.1042 172
22.1972 224
23.6181 209
23.8998 88
24.2928 171
24.6213 139
25.0977 241
25.4564 240
25.6736 122
25.8512 104
25.8628 157
26.4827 129
27.7928 162
28.1718 220
28.5208 137
28.8907 151
29.0999 163
29.1013 107
29.2452 117
29.7952 185
29.8314 201
30.315 408
16462
8.0769 189
8.9253 228
9.2915 151
9.3844 245
9.4735 133
9.7162 135
9.7341 179
9.8341 105
9.9918 148
10.0272 226
10.5808 158
10.622 154
10.9762 192
11.0693 202
11.0888 208
11.5885 112
11.9274 126
12.1974 177
12.2161 242
12.2441 111
12.5121 203
12.5684 107
12.8471 241
12.8593 102
13.0668 149
13.4054 111
13.8596 104
14.2995 242
14.7119 182
14.7467 167
14.9313 155
15.2172 139
15.2311 132
15.2627 183
15.4318 113
15.6966 109
15.7967 233
15.9365 154
16.4434 117
16.8789 112
16.9119 199
18.0875 120
18.2545 182
18.3744 198
18.4017 241
18.688 133
18.7542 186
18.9328 148
18.9659 210
19.0407 119
19.2863 217
19.3463 163
19.6696 134
19.7523 249
19.8553 164
19.9662 185
20.0184 91
20.3557 123
20.3797 175
20.6136 145
21.0736 125
21.4983 239
21.5076 231
22.125 239
22.4233 224
22.453 156
22.5616 115
22.6284 206
22.8572 197
23.1831 124
23.3739 133
23.3808 115
23.578 103
23.6595 228
23.8851 83
25.0717 219
25.1188 127
25.764 207
26.1449 150
26.3865 198
26.3935 138
26.4999 178
26.7716 222
26.8896 218
27.0818 85
27.1846 166
27.4812 118
27.6146 154
27.8298 206
27.8434 152
27.9072 228
28.0441 213
28.3755 190
28.4123 184
28.5874 242
28.7912 111
28.8493 144
28.8982 141
29.0775 91
29.1334 130
29.331 151
29.4053 222
29.9091 189
30.112 187
30.2602 210
31.4707 227
31.6672 145
31.7767 99
32.2097 95
32.376 198
32.8056 141
33.1104 139
33.1921 1
14863
8.4553 91
8.6134 121
9.2491 125
9.252 115
9.3052 168
9.3829 103
10.5197 136
10.6106 163
10.9165 188
11.2228 200
11.8084 208
12.7363 100
12.958 150
13.4732 110
13.5283 183
13.6854 200
13.7843 209
14.4385 94
14.7336 117
14.8493 209
15.0151 184
15.3822 100
15.4251 195
15.6168 200
16.2333 208
16.6753 143
17.6262 225
17.6986 198
17.8658 176
18.1557 182
18.2581 109
18.5772 221
18.898 102
19.0137 232
19.1491 100
19.3352 216
19.4839 240
19.5197 197
19.6162 102
20.0475 115
20.1917 225
20.3326 218
20.9728 206
21.0861 215
21.4014 170
21.8441 231
22.562 196
23.1994 140
23.459 122
23.7562 210
23.8739 249
24.2706 105
24.8958 94
25.06 241
25.2618 203
25.5988 203
26.056 232
26.324 224
26.389 85
26.779 167
26.8667 198
27.1515 187
27.5559 164
28.11 204
28.127 108
28.3744 97
28.423 248
28.9604 175
29.1562 211
29.3299 163
29.3602 140
29.4993 229
30.1375 95
30.6508 184
30.816 143
31.3954 226
31.5133 143
32.1699 92
32.1751 92
32.3671 175
32.6598 193
32.825 117
33.0109 241
33.038 232
33.0478 163
33.7272 152
33.9277 156
33.9756 150
34.3918 184
34.8762 131
35.2911 195
35.3189 92
35.4801 1
9797
8.3251 179
8.3904 123
9.1688 240
9.183 223
9.275 172
9.7833 163
9.7905 180
9.9328 219
10.1018 198
10.3081 107
10.7181 234
10.9064 161
11.0289 176
12.3072 148
12.8624 129
13.8333 220
13.9947 102
14.673 177
14.7256 89
15.0324 237
15.2362 106
15.3675 98
15.5399 100
15.8114 212
15.9548 101
16.4736 183
16.7591 232
18.3901 121
19.2554 100
20.1386 129
20.2871 88
20.3774 135
21.6532 113
21.7708 173
22.53 154
23.9362 237
23.9464 166
24.574 149
24.5863 104
24.635 141
25.095 225
25.2611 162
25.8963 155
26.3872 239
27.2934 163
27.7521 216
28.6192 2319
7507
7.8615 226
10.2147 183
10.4067 217
10.7446 237
11.3518 184
12.0002 174
12.2657 219
12.9016 243
13.1574 202
13.204 151
13.5652 216
14.0071 236
15.359 84
15.7779 147
16.0424 243
16.3737 231
16.6871 149
18.8338 130
20.2317 159
21.1509 185
21.9356 112
21.9549 211
22.1245 127
22.8512 219
23.382 202
23.3942 237
23.5302 241
23.7507 174
24.0353 239
24.0991 178
24.2155 98
24.5408 120
25.7343 179
26.1421 138
26.2656 90
26.58 209
26.8569 158
27.2358 201
27.6641 235
27.9308 171
27.9389 176
28.5594 127
28.7418 141
28.7489 166
29.0336 106
29.7319 247
30.8172 1
16042
8.9146 117
9.0951 136
9.3576 143
9.4334 134
9.6804 201
9.7355 243
9.7875 232
10.0059 219
10.0093 227
10.0662 223
11.0565 163
11.0924 222
11.1033 215
12.0536 120
12.1673 236
12.2348 179
12.7161 248
13.1919 175
13.207 213
13.2651 203
13.3799 143
13.3954 237
13.4303 228
13.5733 134
13.7554 181
13.9528 146
14.0291 207
14.1183 188
14.6665 220
14.6705 211
14.7572 231
15.1409 129
15.6464 202
15.6772 97
15.7198 189
16.0719 235
16.4281 137
16.9331 89
17.0656 123
17.0735 248
17.2589 243
17.7582 165
17.8749 100
18.0967 123
18.2425 209
18.6683 198
18.7629 157
18.7698 144
19.2228 162
19.7771 151
19.8536 239
19.9587 190
19.9658 135
20.0494 102
20.2679 125
20.3645 99
20.6317 217
20.65 96
21.0248 112
21.3367 116
21.4867 192
21.7215 168
22.0042 169
22.0789 168
22.1095 89
22.6446 146
22.6534 136
23.0508 163
23.1044 214
23.1454 84
23.7055 132
23.8698 219
24.347 230
24.6097 179
25.0062 131
25.0373 225
25.1052 240
25.116 95
25.224 174
25.3515 214
25.3972 213
25.5344 172
25.9417 188
26.0838 190
26.2823 221
26.4992 222
26.7917 115
26.8253 140
27.2414 210
27.6804 171
27.7106 122
27.815 114
28.3412 143
28.5442 207
28.5543 235
29.0737 245
29.099 186
29.2446 146
29.2528 233
29.5119 161
29.6469 142
29.912 160
30.1486 201
30.3891 126
30.9766 208
31.1092 144
31.9772 203
31.9797 133
32.1438 187
32.21 142
32.4538 165
32.6924 208
32.7729 1
15096
8.6144 141
8.7811 242
9.2681 175
9.3934 139
9.7565 103
9.7707 94
10.098 119
10.1194 170
10.4731 164
10.6468 92
10.7598 152
11.0467 228
11.0694 156
11.2661 97
11.3568 124
12.8209 149
12.9927 196
13.2209 242
13.2471 243
13.3365 244
13.6336 115
14.0706 87
14.0986 130
14.7093 120
14.9962 89
15.0916 205
15.1839 221
15.2796 164
15.3653 105
15.5185 226
16.3422 204
16.7136 225
17.5862 140
18.0373 243
18.2566 105
18.8089 98
19.1168 126
19.4046 101
19.4161 246
19.5441 190
19.8534 147
20.1582 235
20.7006 246
21.1165 127
21.4302 151
21.5128 96
22.2973 117
22.949 212
23.0936 90
23.1023 154
23.3645 99
23.4594 184
23.7002 205
23.7246 157
25.1864 228
25.2823 103
25.6138 150
25.8017 205
25.9474 206
26.0329 217
26.5131 134
26.9199 206
27.4658 120
27.5374 102
28.6099 157
28.6367 107
28.8645 192
28.8905 165
29.0825 185
29.5839 127
30.1835 106
30.3997 126
30.9999 247
32.3724 166
32.631 242
32.6541 210
33.3622 200
33.3823 136
33.3825 102
33.407 118
33.4397 99
33.5053 177
33.5667 222
33.8745 199
34.0007 145
34.059 148
34.2715 217
34.2854 239
34.755 247
34.8801 142
35.0963 169
35.3025 240
35.3821 1
9202
5.4982 84
5.637 218
5.7705 196
5.913 228
7.2266 193
7.3771 132
7.5677 248
7.6601 196
8.8496 114
9.3058 189
10.024 197
10.1765 166
10.2859 211
10.7341 246
11.129 202
11.1988 122
11.2526 87
11.668 232
11.8203 242
11.851 214
11.9614 220
12.5928 230
12.9795 183
13.2389 139
13.4424 234
14.0562 128
14.0611 160
14.2859 144
14.8707 208
14.8999 95
15.8619 228
16.0887 185
17.8673 197
17.8738 180
18.2389 150
18.4693 124
18.8176 169
19.3822 123
20.1387 208
20.3443 93
21.9009 220
22.1429 157
22.2762 187
22.8382 154
23.1208 202
23.8203 143
24.3581 1025
5331
4.7627 179
5.7725 184
5.8432 172
6.6182 91
7.1168 194
7.3955 127
7.8261 98
8.0733 179
9.7213 100
9.8367 175
10.0136 101
10.7891 226
11.3589 217
11.4807 168
12.0224 153
13.637 226
14.5888 175
14.9885 159
15.1474 112
15.3771 218
15.641 122
16.1187 235
16.6037 192
17.0279 179
17.5047 233
17.6764 111
17.7627 189
17.9453 115
18.7084 223
18.7298 161
18.8221 207
19.3989 102
20.0792 221
20.4317 103
21.345 249
22.087 141
22.1176 228
22.2602 179
22.8465 152
23.0778 221
23.8525 138
23.9642 235
24.4898 246
25.7841 208
25.9657 158
26.5151 150
27.6048 1
12572
5.5188 222
5.6799 184
6.6684 178
6.7048 171
6.7556 92
7.4209 158
7.6628 220
7.6953 132
7.7063 221
7.7738 232
7.8057 133
7.9109 228
8.2359 218
8.2869 247
8.3892 196
8.4176 93
8.9192 84
9.3288 214
9.5201 232
9.5545 122
9.6857 111
9.9038 125
9.9808 167
10.1274 102
10.5146 226
10.7818 208
11.3617 179
11.4403 108
11.6141 143
12.108 123
12.334 111
12.4152 148
12.7511 133
13.5112 248
13.8891 217
13.977 117
14.055 95
14.4212 209
14.8172 93
15.3813 149
15.4457 88
15.6958 241
16.0386 245
16.2881 179
16.8272 199
16.8723 99
16.9087 102
17.0149 204
17.1622 112
17.3592 127
17.4864 217
17.6175 220
18.3659 241
18.6348 138
19.2089 96
19.5618 128
19.5816 94
19.8291 87
20.04 110
20.3604 150
20.8573 210
20.8977 183
21.0797 167
21.1274 150
21.2053 110
21.308 148
21.458 117
21.6363 171
21.7002 175
21.8032 126
21.9444 238
21.9957 102
22.2691 144
22.4199 243
22.681 207
22.8773 224
23.2988 247
23.3945 151
23.3959 130
23.6394 89
23.6563 103
23.8486 160
24.2695 216
24.5128 219
24.5799 201
24.7582 245
24.8161 236
24.8297 109
24.8901 158
24.9202 127
24.9273 161
24.9638 232
25.0803 213
25.2969 100
25.9334 153
26.2569 161
26.2765 181
26.3262 96
26.5903 207
26.5912 90
26.8956 134
27.2409 97
27.3445 206
27.516 205
27.6522 238
27.7883 247
27.8703 107
28.3927 161
28.4792 122
29.2579 166
29.5302 106
30.0192 172
30.5658 1
14075
5.5738 149
5.6743 90
5.8887 127
6.11 196
7.3457 201
7.614 138
7.8222 124
8.0265 116
8.0363 241
8.2029 227
8.7427 89
8.9555 177
9.5601 197
9.7634 151
9.8908 224
11.0505 155
11.9087 130
12.4364 217
12.4556 187
12.5829 157
12.7385 111
12.7513 240
13.5688 206
13.6638 124
14.5765 88
14.6043 201
14.7705 168
15.16 102
15.3142 166
15.5557 219
15.7134 215
15.9678 170
16.5636 102
17.4723 191
17.5514 219
17.8649 220
18.0907 129
18.3766 126
18.4108 230
18.454 137
18.5722 118
18.6455 170
18.7097 189
18.7492 135
18.7825 91
18.9388 161
19.2323 245
19.8233 171
20.4034 238
20.6038 88
21.3633 111
21.5213 160
22.2334 197
22.3766 128
22.6087 100
22.9597 115
23.0336 190
23.1838 138
23.3308 138
23.4782 92
23.6221 210
23.6434 207
23.6702 208
24.1492 240
24.5608 93
24.921 120
24.9912 115
25.1841 148
25.3546 99
25.4487 90
25.8239 203
25.8436 189
25.9957 134
26.9128 129
27.1252 139
27.3942 116
27.4159 198
28.5364 90
29.3918 88
29.6466 91
29.8342 134
29.9157 238
30.2344 166
30.3721 212
30.4404 207
30.6309 190
31.2291 103
31.8832 133
31.9063 222
32.0224 205
32.3606 157
32.467 187
33.9972 1
6356
3.6236 148
4.1819 110
4.5945 153
4.7445 106
5.7903 192
5.7968 174
5.8514 119
6.0981 104
6.1127 164
7.7492 220
7.9224 244
9.9821 124
10.8723 196
11.1193 244
11.5642 101
11.6572 93
12.1349 140
12.9077 138
13.1034 232
13.3527 101
13.3845 213
14.3238 125
14.7163 187
14.7977 168
15.1722 173
15.2603 186
15.7573 190
16.0769 199
17.0135 129
17.2969 220
17.3578 143
17.5081 109
17.8126 105
19.7484 169
19.9332 204
20.9281 175
21.042 208
21.3659 208
21.5126 193
21.5604 175
21.6261 94
21.6548 239
22.6036 233
22.6918 180
22.8203 230
22.9455 224
23.3551 1
4939
4.7809 178
4.9228 83
5.052 174
5.1956 115
6.1524 122
6.1527 153
7.039 96
7.0664 126
8.9962 158
9.9269 168
10.3641 129
10.6906 143
10.8438 157
11.1294 222
12.2886 244
13.0237 86
13.4336 243
13.7433 139
14.0383 218
14.6753 192
15.2502 184
15.3699 137
15.7814 177
15.93 169
17.8298 244
17.9096 237
18.0275 113
18.5758 188
18.7062 208
18.8537 115
18.9931 210
19.1338 227
19.2919 166
19.4064 157
19.4163 227
19.6228 154
20.7896 190
20.9092 131
21.6365 186
22.1513 174
25.0344 108
25.5387 137
26.3463 180
26.5904 246
26.692 243
26.8286 131
27.1682 1
11927
3.5065 211
4.086 151
4.906 109
4.9154 134
5.1973 86
5.5202 112
5.5672 225
5.889 93
5.9806 245
6.0698 225
6.3692 99
6.6123 141
6.7005 142
7.6715 119
7.904 107
7.9485 236
8.4241 106
8.5052 186
9.6833 127
9.7572 91
9.9109 149
10.0379 91
10.0519 115
10.7753 188
11.0697 196
11.2077 209
11.8725 224
12.7916 213
12.9687 88
13.1403 137
13.2219 243
13.3955 168
13.6374 111
13.7709 121
13.9504 140
14.0419 153
14.4058 227
14.4754 208
14.915 133
15.1273 191
15.4982 245
15.7537 134
15.759 244
15.7683 208
16.0367 249
16.103 193
16.3576 148
16.433 244
16.5363 119
16.9567 234
17.117 245
17.1215 90
17.3387 202
17.4208 87
17.4609 242
17.8207 218
18.2989 153
18.5931 170
18.8461 244
19.016 215
19.0512 121
19.2622 236
19.2624 142
19.3566 98
19.6256 175
19.8449 215
20.2103 183
20.3442 116
20.5687 179
20.9196 83
21.1396 119
21.1481 178
21.2426 143
21.3872 136
21.6054 165
21.643 136
21.8674 141
22.3518 209
22.4711 196
22.5509 151
22.8092 174
22.8316 142
23.1346 149
23.1441 137
23.4619 196
23.4752 101
23.5975 148
23.6076 171
23.9659 109
24.6475 148
24.7875 91
25.2007 179
25.4232 184
25.6898 136
25.7258 162
26.0704 97
26.0733 148
26.8249 125
26.8469 152
27.2983 136
27.4697 104
27.5269 197
27.63 122
27.7564 193
27.7896 139
28.0971 222
28.1273 117
28.2736 216
28.3209 184
28.477 168
29.0516 230
29.2807 136
29.4519 1
13122
3.7081 94
4.7271 137
5.032 109
5.2358 235
6.0777 111
6.2671 89
6.3463 235
6.4051 101
6.6259 220
6.6708 175
6.9737 86
7.2431 143
7.7945 154
7.8585 142
8.0334 119
8.0475 193
8.2487 126
9.2052 237
9.2966 144
10.1857 179
10.2295 224
10.282 123
10.6737 236
10.8197 129
10.8558 197
11.7111 205
12.491 202
13.3661 223
13.3895 198
13.4299 204
13.436 220
13.5368 98
13.6595 174
14.6188 109
14.9227 164
15.2649 98
15.4006 167
15.5954 88
15.832 130
15.9089 231
16.9204 139
17.2471 174
17.3473 224
17.4426 160
17.7458 90
17.8364 142
17.8842 88
18.0331 85
18.0902 92
18.258 226
18.7487 102
19.019 160
19.7085 156
20.1569 126
20.1661 221
20.3592 168
21.1152 220
21.2369 170
21.3425 133
21.3433 248
21.5945 99
21.6501 243
21.7649 112
22.0301 124
22.2777 151
22.3749 190
23.0629 180
23.7075 203
24.7457 165
26.2938 173
26.4462 98
26.7705 139
26.9345 88
27.0008 88
28.193 209
28.6538 181
28.6737 102
28.8015 129
29.0148 96
29.1933 149
29.3661 84
29.3841 132
29.5149 215
29.7349 220
29.9104 164
30.3902 195
30.8321 105
30.8368 93
30.9855 203
31.0987 102
31.6945 185
31.7753 129
32.2851 1
6720
2.5784 245
4.2458 96
4.8114 198
5.2807 211
5.5954 249
5.7873 115
6.4237 92
6.7719 230
7.1135 105
7.1808 231
7.6805 245
8.7171 207
8.777 96
9.8007 177
10.2911 144
11.013 161
11.0323 185
11.0654 143
11.1144 124
12.0383 146
12.7959 98
13.1558 115
13.3618 116
13.8322 155
14.143 158
14.2848 183
14.7016 93
14.7092 105
14.7963 115
15.705 149
16.7837 179
16.8798 93
17.0781 124
17.6407 237
18.0808 117
18.7708 114
18.9762 206
20.222 148
20.4586 177
20.7618 206
20.8501 125
21.2841 182
21.3327 119
21.3758 221
22.2931 86
22.7261 115
24.0401 1
4774
2.6983 161
4.5944 202
5.4698 89
7.1894 230
8.4841 142
8.5042 209
8.9286 226
9.2239 161
9.3555 220
9.4778 110
9.8061 179
11.1671 117
11.4011 140
11.4631 98
11.4775 193
12.2088 130
12.2873 142
12.7391 99
13.2222 156
13.286 249
13.4489 86
13.871 132
14.1912 133
14.7471 128
15.2454 144
15.6672 137
15.8899 92
16.0482 157
16.1218 209
16.1705 220
16.4107 143
17.147 211
17.9595 196
18.4432 164
18.5703 130
19.1257 201
19.461 219
20.3084 160
20.3712 137
20.4396 90
22.6788 229
22.7455 147
23.4362 142
24.9902 100
25.1503 139
25.5417 236
25.5793 1
11141
2.0619 203
2.5145 224
3.4838 175
3.507 207
4.1358 90
4.1932 195
4.1974 135
4.2236 173
4.5013 87
4.6383 112
4.6798 91
4.7279 178
4.8312 242
4.9784 83
5.3253 196
5.5811 230
5.6864 117
5.8998 164
6.1675 236
6.2106 143
6.547 98
6.8136 161
6.9978 239
7.3354 206
7.5003 137
7.52 99
7.8849 121
8.1936 212
8.2141 116
8.2235 218
8.3659 221
8.5782 246
8.6167 212
8.76 245
9.4018 152
9.599 216
9.6923 190
9.7394 246
10.0656 132
10.1401 216
10.7842 219
10.8303 244
11.0814 205
11.167 214
11.1866 211
11.2237 218
11.2839 243
11.3553 197
11.795 221
11.9472 171
12.0399 234
12.0649 214
12.2151 90
12.235 220
12.364 158
12.9322 112
12.9628 158
13.301 241
13.3211 159
14.2774 144
14.4203 136
14.4625 186
14.4641 179
14.9298 213
15.2512 92
15.2815 158
15.3155 163
16.184 111
16.2961 103
16.4103 157
16.4728 126
16.6614 134
16.8522 178
17.647 120
17.7469 99
18.2328 149
18.321 104
18.499 241
18.6801 158
18.9162 207
19.1056 121
19.5342 225
19.7367 183
20.1056 83
20.1153 101
20.2447 210
20.2796 145
20.3807 107
20.7739 143
21.0027 101
21.5808 218
21.6712 100
21.7055 138
22.1689 149
22.1776 114
22.7076 115
22.8122 210
23.5049 245
24.0879 205
24.823 132
24.911 231
24.9192 210
25.178 220
25.49 187
25.827 248
25.8363 145
26.1292 87
26.2538 143
26.6693 162
26.8084 247
27.6182 244
27.9958 94
28.6196 1
11643
3.0032 101
3.0239 163
3.1871 178
4.6139 105
4.6627 179
4.7566 152
5.8018 174
5.8065 147
5.8262 117
6.2303 107
6.6782 122
6.8459 168
7.3505 152
7.3821 173
7.9853 186
8.1242 246
8.6815 158
9.1705 124
9.1898 156
9.199 205
9.2312 181
9.3814 144
9.4401 213
9.5559 145
9.6074 150
9.7486 113
9.9261 156
10.1613 195
10.4966 241
10.5834 117
10.8301 106
11.9259 233
12.0998 126
12.266 161
12.2663 229
12.3897 221
12.6216 144
13.5878 164
14.0776 195
14.0891 186
14.1172 240
14.497 156
14.5802 180
15.5749 100
15.7997 90
15.8996 172
16.1887 232
16.6628 180
16.7216 176
16.8129 221
17.1101 172
17.2974 216
17.4678 172
17.543 165
18.5928 198
18.6873 236
18.9767 246
19.7666 114
19.9874 218
20.0122 165
20.3637 227
20.9228 122
21.0489 116
21.1322 185
21.4719 155
22.0284 127
22.2299 220
22.3295 145
22.7229 97
22.7644 238
23.0441 142
23.2229 210
23.8248 207
24.4757 175
24.4878 113
24.7415 132
24.8119 237
25.1677 196
25.1842 125
25.4597 138
25.79 179
26.4051 118
26.6536 154
26.8672 170
26.9761 159
28.001 208
28.1281 191
28.4986 235
28.5419 84
28.7597 120
28.9191 198
29.1866 210
30.0571 1
6338
1.9662 193
3.4162 158
3.7309 198
4.7352 128
4.9367 112
5.0429 114
5.3881 174
5.7524 167
6.0522 248
6.0911 103
6.2088 114
6.3467 168
6.9356 147
7.0259 116
7.8457 155
8.3467 183
8.9975 123
9.0401 166
9.4435 140
10.1337 127
10.7242 215
11.2887 113
11.3656 109
11.4466 237
11.632 169
12.3637 157
12.3662 116
12.402 85
13.244 229
13.9352 134
15.2757 243
15.6384 219
15.8289 92
16.4204 179
17.6131 200
18.1446 186
18.2118 120
18.3214 225
18.3427 197
18.4331 192
19.0607 134
19.1351 122
19.4599 140
19.9052 199
20.2063 174
20.4884 130
21.0215 1
3815
1.3315 158
3.0841 188
4.6739 139
4.9011 127
6.0002 101
6.5808 133
7.0357 231
7.1041 182
9.4302 222
9.7179 226
10.4025 206
11.3284 225
11.662 238
12.2004 189
12.6491 199
12.9133 105
13.3468 103
13.9799 127
14.0255 228
14.0763 128
14.2883 165
14.5853 106
15.8357 248
16.0564 116
16.6131 83
16.8806 209
17.076 108
17.956 230
18.1207 206
18.1483 138
19.4554 152
19.6851 192
19.7092 100
19.8118 93
19.8805 103
19.9541 225
20.0308 180
20.2144 92
20.2579 96
20.7059 124
20.7626 110
20.7635 155
20.7957 221
21.6148 147
21.7306 247
22.2719 209
22.8376 1
9069
1.1625 185
1.2847 248
1.7758 134
2.2742 233
2.9751 202
2.9812 246
3.0535 189
3.1081 235
3.4765 180
3.661 201
3.739 166
3.9133 249
4.1735 245
4.3202 133
4.98 89
5.3042 93
5.3598 157
5.3753 217
5.5129 125
5.5372 132
5.6057 192
5.8361 205
6.1178 213
6.1277 161
6.267 189
6.3201 105
6.3916 164
6.3935 141
6.5834 144
6.6999 150
6.7705 105
6.9245 122
7.154 121
7.3404 214
7.739 202
8.2494 183
8.3669 122
8.5403 142
8.8121 212
8.8498 129
9.4154 166
9.8723 183
9.9914 223
10.048 109
10.7634 238
10.7775 148
11.7913 144
12.1845 230
13.1489 184
13.2278 155
13.3859 124
13.8183 139
14.1599 208
14.2433 113
14.3164 224
14.852 235
15.2909 135
15.8027 224
15.9571 173
15.9694 114
16.1127 132
16.2323 166
16.4117 159
16.6967 163
16.9582 194
17.1189 87
17.468 120
17.5434 178
17.9776 216
18.2828 173
18.3823 96
18.7205 204
19.5592 207
19.7533 185
19.8997 201
20.1427 121
20.7149 105
21.4922 183
21.5606 247
21.6418 92
21.9206 100
22.5924 131
22.6032 199
22.9241 211
23.2067 117
23.3346 92
23.5728 104
23.7651 102
23.8937 151
23.8982 110
24.1478 112
24.1888 164
24.2488 168
24.3515 219
24.5986 240
24.623 245
24.7614 216
24.7778 95
24.9182 177
24.9383 108
25.0848 189
25.1055 223
25.2207 139
25.2503 178
25.2538 248
25.2576 122
25.3806 86
25.8593 248
25.9416 95
26.0724 201
26.8885 229
26.9107 90
26.9909 1
9736
0.5418 212
1.4937 208
1.8278 151
2.1728 156
2.4362 236
2.6263 139
2.9644 195
3.0322 157
3.3702 176
4.1308 122
4.2722 234
4.5461 167
4.9441 215
4.9725 93
5.2143 158
5.4605 105
5.7988 220
6.6952 167
7.1813 99
7.9693 108
8.1068 174
8.1889 126
8.2354 121
8.4649 188
8.4721 137
8.9871 244
9.6709 161
9.7284 145
10.424 197
10.6788 126
10.8404 189
12.1023 92
12.1538 195
12.8765 154
12.897 159
12.9457 151
13.4577 146
13.4913 194
13.6149 163
13.6609 185
13.7442 127
13.7986 191
13.8426 141
14.7607 145
14.9848 247
15.3933 213
15.6169 179
15.7937 194
16.2443 169
16.2857 209
16.3553 248
17.0808 136
17.8158 154
18.1466 91
18.4557 190
18.6486 97
19.1027 201
19.1758 215
19.2068 110
19.7173 236
20.0791 108
20.1454 246
20.6648 205
20.9013 92
21.2322 230
21.4935 242
21.6565 96
21.7391 244
21.9071 241
21.9859 125
22.0817 142
23.1876 84
23.2364 129
23.4808 152
23.6199 187
23.6565 107
23.9715 222
24.6933 85
24.997 191
25.1278 188
25.6693 197
26.0632 143
26.4389 207
26.6943 146
26.7019 179
27.0496 154
27.2623 169
27.5 181
28.025 145
28.4689 148
28.5699 191
28.6597 241
28.9078 1
4769
4.2678 215
4.5359 132
4.6709 112
4.8794 212
4.8816 151
4.9161 176
5.2595 241
5.3466 100
5.9094 143
6.0142 228
6.1648 212
6.4317 240
6.8599 115
7.1477 94
8.0499 87
8.6225 141
9.3056 242
9.5092 210
9.6094 104
10.1398 125
10.6018 86
10.7782 136
11.9693 124
11.9872 160
12.3203 236
12.5623 136
12.8715 214
12.9813 134
13.9247 202
15.2313 241
15.762 91
17.0414 240
17.5593 221
18.5651 119
18.7598 189
18.7651 170
18.7685 197
19.1789 246
19.3398 138
20.2539 120
21.1148 226
21.613 139
21.9943 148
22.1803 87
22.2496 136
23.4924 173
24.1468 1
3568
3.5143 177
5.2375 168
5.5456 125
5.7408 88
6.1864 165
6.25 148
6.6732 233
6.7414 178
6.9759 126
7.2532 240
7.3725 219
7.4099 111
8.2063 184
8.2265 245
8.3789 120
9.0016 92
9.241 230
10.0016 90
10.5998 161
10.6823 194
10.9507 193
12.4708 242
12.7406 226
12.7437 194
13.9537 124
14.429 219
14.7703 176
14.8547 125
15.0083 87
15.1085 227
15.567 142
15.6562 124
16.2214 194
17.4073 112
17.4917 150
18.7091 192
19.9928 187
20.1749 141
20.6482 177
20.6957 144
20.9368 102
21.3233 240
21.9804 97
22.7949 122
23.3544 188
23.4966 191
25.2864 1
8057
2.3226 206
2.5192 243
2.8223 111
3.451 206
3.6182 215
4.2083 244
4.5001 159
4.8717 248
5.6678 203
5.7691 94
5.8866 115
6.0386 242
6.0763 160
6.8996 171
7.0282 86
7.2809 175
8.2551 133
8.7573 145
8.9371 217
9.3756 98
9.6028 109
9.6186 110
9.7266 220
9.8152 83
10.1186 187
10.6744 228
10.7419 115
10.9024 223
10.9191 147
10.9397 175
11.354 112
11.3836 245
11.5101 247
11.5668 176
11.776 91
12.4091 156
12.4715 234
12.9003 125
13.2033 212
13.2571 214
13.9421 245
13.9508 195
13.9634 210
14.0283 122
14.0427 117
14.121 85
14.1536 100
14.8564 192
15.0806 190
15.1434 132
15.3073 183
15.8715 211
16.0221 140
16.2925 203
16.3507 241
16.7432 133
16.968 229
17.135 147
17.1359 186
17.2707 238
17.451 203
17.5273 228
17.628 166
17.6305 245
17.7615 186
18.009 238
18.1548 147
18.285 120
18.3561 177
18.3577 172
18.5599 142
18.5707 89
18.7485 145
18.7567 89
19.0418 229
19.1335 121
19.2305 101
19.5775 167
19.7706 177
19.7731 129
19.993 162
20.7043 235
20.9047 160
21.0961 167
21.4548 244
22.0718 243
22.2412 232
22.4448 107
23.0027 196
23.2645 177
23.4648 86
23.6375 158
23.6662 116
24.1588 117
24.4168 92
24.4203 202
24.4845 176
24.8142 156
24.9257 213
25.1601 94
25.4141 89
25.5157 174
25.8314 112
26.078 143
26.1722 213
26.241 129
26.7102 157
27.1228 124
27.1712 131
27.2217 226
27.2248 107
27.4233 182
28.0051 1
8151
2.5162 200
2.558 124
3.1129 190
3.6438 211
3.8728 140
4.0488 198
4.1762 235
4.1879 248
4.7414 114
5.2832 234
5.3819 217
5.4604 104
5.5102 242
5.8376 227
5.9287 193
6.0345 143
6.1713 163
6.1725 205
6.4239 138
6.4424 92
6.5872 200
6.9398 86
7.2962 155
7.4335 133
7.9496 196
8.0199 209
8.8066 151
9.0043 180
9.1403 238
9.2458 247
9.3471 211
9.7285 195
9.7501 239
10.0164 201
10.0962 230
10.3473 237
10.9613 95
11.2082 84
11.284 120
11.4581 127
11.8308 168
11.831 183
12.2398 124
12.3824 152
12.6758 88
12.901 225
13.0989 205
13.3684 156
13.5753 198
14.2032 145
14.7185 173
14.9131 222
15.0348 172
15.4937 166
15.7435 84
15.9717 195
16.3315 122
17.4268 117
18.7732 150
19.0454 156
19.1656 176
19.3047 244
19.4295 149
19.5579 165
19.9726 138
20.0436 178
20.1512 186
20.1628 110
20.4677 123
21.4336 179
21.8587 232
22.1408 216
22.3843 90
22.675 208
23.3569 100
23.7615 232
23.936 228
24.1069 141
24.114 218
24.2909 192
25.5437 172
25.9569 231
25.9579 227
25.985 106
26.2553 139
27.1942 127
27.382 236
27.5103 193
27.8936 242
28.4016 101
28.6309 148
28.7924 235
29.6255 1
4278
4.3947 245
4.8785 238
5.13 96
5.2643 104
5.6435 167
5.7737 191
6.0399 127
6.2036 220
6.314 101
6.4293 113
6.5506 170
6.5878 200
7.5882 225
8.6761 220
9.0058 88
9.2773 147
9.3436 199
9.673 130
9.7824 168
10.0998 157
11.1216 223
11.2551 109
11.465 109
11.6171 161
12.0639 215
12.825 165
12.9357 194
13.2479 215
13.3964 113
13.4004 105
13.5593 175
13.9808 210
15.0529 122
15.3418 97
17.1468 222
17.2162 170
17.2308 105
18.1566 232
18.6057 196
19.1148 240
19.1572 185
19.7807 135
20.172 113
20.9625 143
22.7303 98
22.8043 178
23.6147 1
3379
4.2573 145
4.9887 205
5.4552 119
6.1765 147
6.5283 199
7.0995 221
7.1912 149
7.7363 219
7.9003 234
8.3071 108
8.3283 170
8.3723 93
8.6841 132
9.3758 186
10.5756 155
10.6278 172
10.834 220
11.0022 207
11.3043 232
11.5699 222
12.208 160
12.4852 238
12.7683 189
13.1059 111
13.7978 125
14.7172 233
15.2873 196
15.4711 244
16.0707 204
16.1863 132
16.9025 177
17.0795 178
17.7573 90
18.201 159
18.8821 119
20.2085 219
20.5636 190
20.5935 162
20.804 187
21.3519 130
22.0958 231
22.1644 103
22.3011 121
22.3895 113
23.1128 155
24.3244 183
27.4273 1
7284
3.1325 247
4.1414 173
4.6904 150
4.8036 142
4.8884 104
5.0763 206
5.545 244
6.2977 94
6.5897 139
6.6176 111
6.7838 173
6.8216 162
7.0135 122
7.1413 149
7.3776 155
7.4364 180
7.7423 223
7.8338 100
7.8737 174
7.9557 152
8.2458 238
8.3622 173
8.3712 188
8.6216 112
8.7647 202
8.8425 119
9.0408 186
9.1269 231
9.4304 122
9.9575 140
10.1169 164
10.2948 218
10.3668 201
10.6809 206
10.681 243
10.6898 167
11.0871 113
12.2897 238
12.3442 101
12.4269 104
13.0556 120
13.0687 181
13.2194 97
13.3429 196
13.3902 152
13.8025 121
13.8726 210
14.0148 136
14.2987 215
14.335 126
14.5805 120
14.7118 86
14.9539 187
15.2934 143
15.313 96
15.5634 85
15.7811 128
15.9647 112
16.2191 95
16.565 222
16.7723 140
16.8119 134
17.0173 211
17.2901 182
17.366 132
17.4423 158
18.2472 95
19.4445 137
19.6805 195
20.3213 121
20.4976 238
20.62 106
20.968 190
20.9767 92
21.2372 152
21.5956 176
21.8017 229
21.8121 193
22.07 199
22.1173 105
22.1799 116
22.2838 207
22.4005 232
22.4237 171
22.5952 99
22.5968 200
22.7718 91
22.9992 206
23.1159 93
23.2737 184
23.6686 215
23.6948 103
23.8359 148
24.0146 104
24.0738 240
24.2138 133
24.4658 188
24.9326 132
25.0078 194
26.1336 238
26.2628 101
26.4294 197
26.4835 144
26.6306 246
27.7543 157
27.9838 189
27.9877 84
28.0075 195
28.2224 179
28.4676 195
28.5592 174
28.8364 201
29.2084 1
9125
3.5185 145
3.8845 99
4.9042 132
5.2286 136
5.5489 124
5.5717 144
5.6913 213
6.5578 243
6.7305 111
6.824 228
6.9378 219
7.1632 107
7.5191 121
7.789 115
8.5506 91
8.552 129
9.1939 91
9.3025 85
9.5953 187
10.7167 161
10.7496 137
11.9856 169
12.3036 88
12.8999 119
12.9206 181
13.0421 181
13.2883 134
14.2639 179
14.3628 170
14.7228 137
14.9838 247
14.9921 168
15.0844 239
15.2948 248
15.3404 238
15.7333 232
15.763 145
15.7942 177
15.9876 241
16.0635 194
17.0945 168
17.1685 212
17.2065 230
17.9648 134
18.0956 130
18.209 194
18.5296 200
18.6661 88
19.2781 236
19.4214 90
19.6245 100
19.9165 160
20.0351 99
20.791 136
21.3516 172
21.4474 131
21.6706 111
21.7771 99
22.3205 122
22.5838 241
23.1347 115
23.3155 151
23.317 247
23.4462 202
23.5096 234
24.1682 87
24.3291 97
24.7585 214
25.6624 160
26.0238 206
26.9889 233
27.1597 212
27.241 229
27.8162 124
27.863 235
27.9244 103
28.3274 240
28.3602 223
28.6156 163
28.7408 137
28.8076 156
28.9345 223
29.8513 122
30.1753 220
30.3348 184
30.3606 83
30.8098 232
30.9081 154
31.0221 101
31.1731 113
31.8796 198
32.4406 89
32.6932 1
7565
4.7637 145
6.879 185
7.1327 119
7.248 120
7.5878 150
7.8388 175
7.93 209
8.0336 100
8.4344 176
9.6145 200
10.5363 169
10.6423 206
11.3953 240
12.0326 138
12.1432 217
12.3111 103
12.5337 206
12.8149 97
12.8785 96
13.3821 99
13.7454 172
15.8 139
16.1179 156
16.1331 179
16.4785 205
16.5199 171
16.5689 121
16.89 149
16.9907 222
17.5635 234
17.7999 218
18.506 240
18.684 207
19.7437 103
20.1322 197
20.3855 217
20.4541 210
20.9455 186
21.1257 156
21.272 86
21.2723 152
21.6288 154
22.1948 174
22.4767 201
22.9743 142
23.2717 122
24.0595 1
4352
3.4724 130
6.1381 218
6.1602 169
7.6673 207
8.8141 89
9.6191 176
9.8887 231
10.9448 93
11.1402 133
11.2667 161
11.4806 161
11.6638 248
12.0025 170
12.2231 125
12.2817 191
12.9422 165
13.2671 120
14.1609 181
14.177 106
14.5961 236
14.6733 123
14.8638 235
16.1003 88
16.1459 239
16.7223 132
16.7388 164
16.9867 195
17.005 86
17.0833 209
17.4592 132
17.5891 113
19.2106 128
21.0123 130
21.1022 169
22.509 90
22.6279 129
22.8435 241
23.1204 95
23.1556 96
23.2338 163
23.5558 237
24.2874 102
24.7223 89
25.2918 151
25.5129 139
26.031 115
26.1656 1
9694
4.1459 88
4.186 204
4.4337 241
4.5559 111
5.1894 138
5.3638 213
5.4798 91
5.6165 188
5.9304 210
6.061 241
6.4582 173
6.4986 216
7.1913 164
7.3365 217
7.5944 159
7.7155 180
7.7732 110
8.1927 130
8.4468 178
8.8214 174
8.9167 228
8.9848 248
9.0678 189
9.2364 218
9.541 92
9.7943 221
10.0725 152
10.3526 154
10.5236 103
10.5259 113
10.7682 180
10.9829 197
11.0941 124
11.5509 119
11.7623 108
11.7718 189
12.1891 102
12.471 125
12.5295 172
12.5761 180
12.7151 177
12.7486 107
13.0408 158
13.083 109
13.1628 88
13.3469 182
13.4833 91
13.5631 106
13.7408 85
14.1242 166
14.19 210
14.3859 216
14.5221 145
14.5396 161
14.6599 209
15.0868 114
15.1892 224
15.3524 228
15.3671 191
15.368 87
15.4991 231
15.569 181
16.0664 194
16.4548 198
16.8026 189
17.2811 92
17.3088 133
17.3482 229
17.5112 178
17.8687 131
18.2159 229
18.3605 173
18.403 114
18.457 210
18.9025 122
19.9313 210
20.1023 143
20.4011 202
20.9612 154
21.2265 99
21.2499 96
21.6593 241
21.8004 124
22.2059 224
22.707 140
22.8119 85
22.8706 204
23.1444 241
23.1717 86
23.5682 148
23.6228 165
24.8744 180
25.1387 226
25.3047 120
25.4207 152
25.4954 245
25.7564 217
25.7715 124
25.8036 120
25.8833 219
26.0176 101
26.4979 236
26.5399 138
27.4652 242
27.8275 115
27.8764 146
28.0355 181
28.0559 96
28.2877 196
28.5127 204
28.5264 182
28.5574 214
28.7216 1
12783
4.8027 142
4.9061 175
5.5909 123
6.0611 168
6.3099 153
6.3614 100
6.7868 94
6.9326 115
7.0534 129
7.0666 89
7.4547 196
7.5503 115
7.8826 131
8.0115 187
8.0434 119
8.69 135
9.1291 114
10.7816 208
10.9374 241
10.9768 91
10.9891 95
11.0656 159
11.6565 160
11.7498 223
12.0693 124
12.4095 190
12.5271 174
12.8578 90
13.2427 89
13.7147 118
14.1223 105
14.5259 105
14.6496 221
14.6604 238
14.6771 164
14.7007 159
14.9772 179
15.2436 213
16.3185 191
16.4621 226
16.5868 163
17.6073 177
17.9436 178
18.0087 199
18.0716 179
18.2281 117
18.4435 246
18.5725 186
18.7434 177
18.7875 225
18.8658 126
19.0824 242
19.2646 224
19.3527 167
19.5659 127
19.7482 211
19.7542 208
20.306 110
20.3656 205
20.8238 195
21.4604 137
21.6622 185
22.6396 170
22.9479 207
23.2479 248
23.2859 133
23.3632 111
23.4499 224
23.9479 166
24.2345 208
24.631 242
25.3467 228
25.4777 238
26.0866 196
26.1119 131
26.1632 179
26.5885 200
28.0931 142
28.4019 231
28.4833 102
29.2246 93
29.4361 221
29.477 131
29.718 176
29.7753 149
29.876 116
29.9155 134
30.6756 234
30.8591 152
31.184 241
31.2765 143
31.3234 194
32.3827 1
8510
5.7272 100
5.8367 191
5.8946 125
6.2768 219
6.5753 237
6.8769 211
7.3893 202
7.4838 125
8.0592 234
9.1208 171
9.3426 211
9.8997 134
9.9372 165
10.3302 142
10.9717 188
10.9811 149
11.0333 99
11.2566 154
11.7698 127
12.8721 158
12.8883 96
14.0408 210
14.3589 120
15.8794 146
16.034 180
17.1137 243
17.1637 113
17.8898 239
18.3461 168
18.4029 246
19.7644 218
20.043 241
20.0559 202
20.8819 133
21.1897 83
21.4285 129
22.0158 148
22.4287 168
22.6186 91
23.2562 169
23.3497 237
23.8744 167
23.97 166
23.9889 160
24.3921 208
25.086 212
25.9273 676
7277
5.7456 170
5.7497 248
6.1364 130
6.6284 87
7.2191 217
7.9199 234
8.1056 143
8.3488 249
10.573 236
11.2983 147
12.2531 144
12.869 172
13.398 107
13.4908 190
15.5313 165
15.5809 124
15.6547 122
15.7356 238
16.455 141
17.0762 118
17.2063 126
17.5492 86
17.5529 178
17.7107 138
17.8425 238
17.897 233
18.1678 167
18.7823 204
20.3064 149
20.839 244
21.3566 195
21.4698 175
21.7739 131
23.3902 86
23.5665 200
23.6804 124
23.8591 227
24.2781 172
24.3399 158
24.6727 194
24.7905 94
25.3016 144
25.3589 230
26.2296 159
26.6313 166
27.8483 226
27.9587 1
15745
5.5016 98
5.7918 189
5.9906 160
6.0355 192
6.4533 230
6.6397 144
6.9004 215
7.137 107
7.7757 94
8.0811 134
8.2323 188
8.2674 90
8.3093 177
8.3699 99
8.6638 213
8.7559 181
8.775 234
8.8922 83
9.0818 214
9.1498 212
9.6903 200
9.9058 244
9.9335 245
10.5162 154
10.5859 101
10.6743 91
10.8765 190
11.3268 183
11.4923 88
11.6252 198
12.066 162
12.212 125
12.9268 85
12.999 108
13.2409 131
13.5651 123
13.6214 152
13.6869 183
13.7392 104
13.801 110
14.1362 115
14.4468 112
14.5243 249
14.6231 241
14.9108 208
15.266 181
15.3986 146
15.484 169
15.6262 168
15.9322 127
16.0647 92
16.4525 169
16.5489 143
17.2537 196
17.3166 172
17.4995 120
17.7666 225
18.1634 145
18.399 143
18.7443 119
18.7879 162
18.8617 244
19.4281 160
20.4847 85
20.5682 175
20.639 193
21.2157 246
21.7648 175
21.8147 182
22.1729 201
22.247 117
22.3466 204
24.1518 207
24.1846 101
24.4687 227
24.5149 189
24.5804 143
24.8504 127
25.3335 164
25.4284 226
25.4437 226
25.4483 237
25.5303 149
25.7115 238
26.1138 214
26.3234 125
26.3765 194
26.6804 141
26.6822 194
26.7704 230
26.8015 235
26.9951 235
27.0148 178
27.0845 179
27.2181 157
27.5414 237
27.7317 249
27.8068 84
28.3098 174
28.4372 131
28.5391 222
28.9521 128
29.1578 236
29.2482 170
29.2629 145
29.3177 197
29.9152 162
30.0538 109
30.079 214
30.4484 103
30.5123 240
30.7332 187
31.1003 1
15355
5.9224 184
6.946 187
7.2068 164
7.2134 190
7.6371 238
7.8544 88
8.7679 217
9.5255 173
9.6079 203
9.662 161
9.6943 200
9.774 160
9.8464 202
9.947 217
10.1142 240
10.417 241
10.5306 106
11.0982 174
11.2171 199
11.9326 147
11.9418 111
12.9042 151
13.0826 232
13.3627 242
13.8948 93
14.1578 202
14.2634 212
14.3426 237
15.2726 198
15.293 149
15.6465 169
16.2947 144
16.6341 196
16.7907 94
16.9551 135
17.0782 213
17.0926 222
17.1732 178
17.2098 118
17.6209 196
17.9583 193
19.9476 244
20.2256 142
20.7003 91
21.5753 212
21.8328 181
22.007 99
22.2733 175
22.2891 190
22.9776 87
23.3344 171
23.4155 99
23.7513 86
23.9539 245
23.9864 205
24.4216 215
24.765 190
24.9044 172
24.9394 226
25.3646 239
25.416 116
25.4415 157
25.5327 122
25.6782 191
25.7048 200
25.8874 88
26.3676 161
26.6083 177
26.8733 221
27.1646 245
27.5977 234
27.77 183
27.8264 94
28.2785 240
28.3149 223
28.4261 206
28.7958 247
29.1297 219
29.5176 183
29.7288 205
30.0264 157
30.1787 219
30.2558 184
30.6352 104
31.3175 114
31.5027 246
31.5802 140
31.7033 124
31.8849 105
31.9001 153
32.0202 150
32.0958 101
32.3445 1
8879
8.1526 142
8.1622 122
8.8698 123
9.3181 134
9.8722 217
10.5726 237
10.6046 168
11.0446 233
11.2409 204
11.637 213
11.9373 137
12.0189 197
12.7282 199
13.576 238
13.6741 198
14.015 183
14.3945 198
14.6505 130
14.7799 140
15.1624 99
15.8791 139
16.0023 115
16.8732 108
18.256 218
18.9061 129
18.9254 147
19.6699 125
20.3374 144
20.5848 207
21.4689 115
22.1228 147
22.7925 126
23.0825 118
23.3779 115
23.5257 209
24.4487 223
24.9075 88
25.0161 212
25.3266 95
25.4812 117
25.7614 164
26.5538 164
26.6452 233
27.2863 208
27.8415 86
28.101 211
28.1186 1405
6135
9.6258 141
9.8594 143
10.0847 157
10.4568 241
11.1642 137
11.5995 204
12.6012 206
12.6788 159
13.1888 157
13.5095 248
14.2412 174
14.4789 96
14.8079 197
15.5586 150
16.7538 133
16.983 118
17.2047 126
17.2991 173
17.5386 126
18.3774 161
18.7532 230
20.3039 124
20.4966 238
20.5091 189
20.8119 242
21.2851 243
22.105 85
22.5667 92
22.5691 217
23.0242 204
23.7129 130
23.7155 217
24.0978 226
24.229 207
24.2825 175
25.1154 111
25.5919 166
25.6085 168
26.1134 234
26.8727 232
28.1901 246
28.6032 242
28.8706 225
29.6295 139
30.1127 241
30.5771 239
31.2377 1
15729
8.5594 164
8.9716 196
9.0855 110
9.2989 164
9.3299 237
9.5698 115
9.6206 204
9.7673 144
9.877 104
10.2348 201
10.4238 106
10.5193 119
10.971 160
11.1715 102
11.4518 218
11.5822 231
12.0405 111
12.3169 141
12.7567 239
12.8174 165
12.9831 210
13.3978 158
14.0828 218
14.1207 122
14.3066 96
14.568 185
14.685 101
14.7596 205
15.1244 86
15.6115 113
15.9333 194
15.9872 103
16.3806 95
16.4501 163
16.5569 120
17.0502 141
17.1104 127
17.4832 214
18.1592 173
18.3944 120
18.5024 159
19.0617 192
19.1398 126
19.1812 222
19.5691 216
19.5718 235
19.7098 205
20.1138 206
20.2231 179
20.4049 105
20.5707 111
20.6191 180
21.049 86
21.3077 128
21.3749 186
21.4691 117
21.6301 195
21.8409 199
21.8929 167
21.928 100
22.3742 206
22.3936 236
22.4016 129
22.5032 168
22.5267 217
22.6039 159
22.8141 144
23.0919 112
23.2217 118
23.3529 106
23.7981 180
24.2983 183
24.3259 168
24.4167 160
24.5252 145
24.8736 84
24.9122 120
25.6531 104
25.7246 234
26.0292 147
26.033 123
26.0409 104
26.4162 139
27.2507 111
27.3196 244
27.5637 224
27.6608 179
28.0891 85
28.5733 208
28.6625 235
29.7713 198
30.0279 133
30.0663 228
30.3964 207
30.4375 147
30.4713 217
30.4941 201
30.6528 195
30.8722 136
31.3827 237
31.4237 244
31.5092 200
31.9845 102
32.0561 130
32.0718 126
32.0882 202
32.3562 86
32.5002 104
32.5402 138
32.7494 242
32.9239 160
32.9616 197
33.2343 1
16931
7.8257 133
8.2205 160
9.0963 158
9.2677 234
10.0911 208
10.5478 220
11.1349 154
11.3536 106
11.5505 142
12.4268 212
12.4283 130
12.8409 94
13.1748 142
13.6871 117
13.7315 146
14.2977 106
14.8967 100
14.9308 232
15.0165 179
15.0918 184
15.3949 175
15.8668 236
15.9597 222
16.0104 108
16.287 109
16.3133 223
16.441 118
16.5726 155
16.9053 204
17.2001 127
18.3263 242
18.5933 183
18.7421 115
19.0301 183
19.8704 237
20.0941 134
20.3178 210
20.4032 215
20.4368 183
21.2778 129
21.6898 208
22.1307 121
22.7309 99
23.3312 149
23.3836 198
23.5548 201
23.6532 168
23.709 137
25.0796 202
25.2908 183
25.6615 136
26.414 208
26.7891 170
26.9813 99
27.5265 152
27.9546 172
28.2856 168
28.3404 149
28.3706 141
28.4189 126
28.7651 91
28.8623 104
28.9651 91
29.2373 176
29.2975 99
29.9052 131
30.0298 215
30.6387 190
30.8379 226
30.8563 194
31.5857 154
32.0804 108
32.1263 191
32.1887 152
32.5305 154
32.5881 106
32.6751 203
32.8527 130
32.9092 154
33.6876 125
33.7255 148
33.7326 230
33.8633 109
34.0742 109
34.1155 206
34.239 214
34.2861 122
34.3906 147
34.6412 101
34.936 180
34.9705 135
35.005 143
36.2132 2242
10264
9.1271 95
9.8242 212
10.3575 204
10.6817 196
10.7518 203
10.8898 113
11.6326 147
11.8862 225
12.0316 243
12.1819 247
12.3114 223
13.3521 104
14.2076 201
14.3612 140
14.7584 173
14.7923 106
15.1079 245
15.6314 204
15.7507 123
16.058 212
16.9591 97
17.7742 114
17.9987 106
18.1415 241
19.2763 181
19.324 234
19.5781 146
19.6995 165
19.7588 126
20.6898 103
20.7157 235
21.5136 94
22.3977 133
22.4936 142
22.8564 160
23.0826 159
24.2985 214
24.9414 114
25.7648 233
26.4873 200
26.8232 120
26.8705 153
27.8823 88
27.883 90
28.2722 119
29.9146 206
30.0576 2676
7556
10.0849 241
10.4603 202
10.8932 237
11.0085 223
12.2301 240
12.3796 131
12.8938 98
13.2468 145
14.5224 155
16.1222 222
16.355 170
16.4508 173
16.6457 117
18.0121 96
19.4111 146
19.42 153
20.2611 102
20.5286 137
20.5845 123
21.4888 206
22.3798 119
22.6008 218
22.7524 209
23.7484 216
23.7806 214
24.2685 149
24.4088 227
24.7227 109
24.938 235
24.9991 193
25.669 240
26.1745 195
26.7592 142
26.9003 163
27.2346 224
27.5902 127
27.7971 156
27.9412 210
28.2216 148
28.411 211
29.8076 184
29.9499 132
30.8772 184
30.8783 136
31.0499 100
31.9069 223
32.2813 1
13859
9.7123 114
9.9953 170
10.1323 162
10.1372 129
10.5073 115
10.5586 84
10.5996 144
10.6926 195
10.7644 195
11.5459 94
11.8271 244
12.1281 186
12.4449 128
12.6772 198
13.0065 174
13.0699 184
13.0712 209
13.4811 174
13.5247 104
13.5798 104
13.6931 156
13.904 177
13.9343 181
14.0254 172
14.0843 109
14.495 241
14.8084 125
15.3788 166
15.5556 196
15.9939 101
16.1396 126
16.3391 208
16.6346 166
16.8305 117
17.0476 228
17.1716 225
17.5888 219
17.7365 96
17.9957 120
18.3782 94
18.5432 96
18.5558 99
18.5796 173
18.62 156
18.7759 137
18.8955 91
18.9874 94
19.0168 85
19.1202 201
19.2362 121
21.2282 240
21.5235 180
21.7542 142
21.8974 114
21.9093 141
22.1329 218
22.158 86
22.2848 249
22.5513 212
22.7138 113
22.7875 202
22.8214 165
23.5183 121
23.5276 176
23.5325 162
23.6799 190
24.21 84
24.2411 178
24.5755 86
24.5971 177
25.4195 113
25.5973 174
25.7257 230
25.7362 97
25.7858 108
26.3996 208
26.5546 83
26.7409 137
27.5007 236
27.507 212
27.5762 124
27.6909 220
27.7206 118
27.7875 150
28.2068 176
28.3532 144
28.5525 89
28.5716 242
28.7134 158
29.0323 96
30.6375 183
31.3624 157
31.5109 234
31.5811 198
31.6213 169
31.6388 200
32.1239 118
32.4761 162
32.7367 90
32.905 238
33.1372 167
33.3365 238
33.7129 161
33.7786 237
33.884 180
34.0766 144
34.3003 127
34.3286 212
34.3868 83
34.5028 139
34.5464 105
34.6533 87
34.7582 1
15219
9.6676 246
9.6917 165
9.7815 174
10.1703 153
10.2195 151
10.5003 206
11.0044 154
11.1059 134
11.5499 98
11.8345 207
11.8414 143
12.0927 132
12.2262 141
12.3552 247
12.4764 97
12.8859 122
13.7579 217
14.1311 224
14.4785 218
14.5732 144
14.6537 98
14.7293 154
15.0394 117
15.2366 89
15.3209 235
15.5878 117
15.6159 177
16.1783 243
16.231 175
16.9857 101
17.2222 177
17.3158 124
17.6873 187
18.0319 201
18.7147 170
19.385 115
19.4177 174
19.421 142
19.6456 160
19.7228 134
20.2655 227
20.4741 160
20.8013 237
21.0708 102
21.3379 172
21.4173 94
21.587 234
21.6312 200
22.3198 214
23.3118 130
23.4932 146
25.0955 178
26.3319 195
26.7278 176
27.5793 232
27.7782 193
28.0547 217
28.0658 104
28.8101 161
29.3642 88
29.4775 152
29.7422 220
29.8287 203
30.2818 172
30.3737 184
30.5069 98
30.701 131
30.7547 145
30.8188 174
30.9755 152
31.057 209
31.4067 165
31.6543 237
31.6943 85
32.2756 201
32.4137 102
32.6474 192
32.7213 112
33.0729 179
33.1419 84
33.1736 160
33.3658 96
34.138 172
34.3443 203
35.6853 240
36.0323 172
36.2376 139
36.3181 249
36.7735 95
36.9364 180
37.1492 216
37.1733 199
37.3547 1
8338
10.4573 226
10.5389 100
10.9147 176
11.3661 86
11.4164 194
11.6351 245
12.2767 141
12.3689 216
12.4609 146
13.2872 154
13.3074 140
13.4137 228
13.5529 213
13.9926 193
14.69 172
15.1553 151
15.2006 236
17.0551 218
17.5926 209
18.2005 161
18.6961 160
19.1657 197
19.3888 161
19.6258 130
19.6464 242
20.2136 207
20.6831 201
21.0904 218
21.621 226
21.9729 131
22.3408 146
22.3743 203
22.4984 93
23.1529 186
23.6239 105
24.0855 222
24.9994 248
25.2053 119
25.2599 236
25.6291 190
26.7596 129
27.4039 88
27.5157 230
27.7211 187
28.0274 142
28.1028 175
29.4913 162
6713
9.3542 161
9.8501 232
10.1468 110
10.7531 126
11.0811 136
11.1452 152
11.873 141
13.0912 115
13.3572 233
14.0553 177
14.6357 165
14.8998 216
14.9927 95
15.0891 128
15.6249 84
15.8321 219
16.185 235
16.5112 179
17.5643 218
18.3924 140
18.4987 191
18.6719 153
18.8046 227
21.297 182
21.6126 218
21.7443 194
22.3142 226
22.6777 232
22.7305 105
22.9641 119
23.5734 97
24.4649 98
24.6572 203
24.8526 213
25.4038 187
25.7207 222
25.8012 181
26.4428 144
26.5125 152
26.7924 84
27.1428 222
28.2246 227
28.6706 246
29.3053 239
30.9683 232
31.6595 215
32.3225 1
16609
9.58 149
10.0515 125
10.1507 218
10.4645 241
11.495 121
11.5673 101
11.8622 145
12.0682 178
12.3647 165
12.4191 163
12.8517 143
13.2566 96
13.2809 87
13.6141 98
13.7006 247
13.9681 142
14.0285 152
14.0709 173
14.1798 242
14.2018 129
14.4712 166
14.4747 159
14.8369 89
15.1818 208
15.7924 185
16.5058 223
16.5564 219
16.7876 97
16.8135 182
17.7097 117
17.7989 212
17.8636 146
17.9356 95
18.2897 177
18.4246 105
18.4889 213
18.604 123
18.8098 85
18.9544 122
19.121 122
19.4461 91
19.5384 131
19.8012 116
19.9559 209
20.1921 229
21.1254 242
21.1758 85
21.2368 114
21.3039 106
21.3935 155
21.4586 244
21.7883 225
21.8468 172
21.9215 240
21.9472 171
22.1828 153
22.3451 145
22.5357 199
22.7632 158
23.3402 87
23.369 181
23.6263 139
23.7275 112
24.0575 103
24.2337 224
24.2998 150
24.5405 131
24.587 199
25.0363 237
25.4181 124
25.8376 221
25.8549 137
25.8929 95
26.3347 142
26.3523 121
26.5009 130
26.686 248
27.0409 146
27.0964 213
27.1039 129
27.2432 109
27.6136 87
27.728 199
28.2219 160
28.396 233
28.398 199
28.4317 167
28.4805 128
28.6932 199
30.7974 120
30.9926 214
31.0138 128
31.0658 110
31.1766 132
31.1791 145
31.5073 132
32.04 193
32.1832 107
32.3789 191
32.4432 197
32.6749 213
32.945 188
32.9817 113
33.0502 168
33.4411 227
33.5673 210
33.855 150
33.8974 196
33.9708 150
33.9953 218
34.4447 88
35.0669 158
35.1435 1
15652
9.9107 89
9.9248 242
10.0433 103
10.1878 223
10.2217 115
10.4199 229
10.4673 198
10.5296 144
10.7235 212
11.3261 248
11.3874 111
12.0507 131
12.2308 207
12.4759 96
12.5743 220
12.6335 155
12.8655 241
12.8951 223
13.2349 107
13.247 245
13.3932 170
13.5417 164
13.9114 198
14.0785 162
14.1723 187
15.1991 235
16.1185 164
16.3942 206
17.1382 94
17.1863 172
17.6352 174
17.6385 119
17.7351 153
17.9097 177
18.1646 140
18.3231 248
19.8564 107
20.0338 146
20.4357 162
20.953 203
21.2236 210
21.4849 234
21.7219 190
21.8354 137
23.0761 211
23.2179 177
23.3321 92
23.786 156
24.0582 196
24.1841 247
24.2264 203
24.3186 190
24.7547 181
25.0901 166
25.3776 199
25.5169 203
25.5204 238
25.738 91
26.0288 87
26.6669 146
27.042 122
27.5999 225
28.0119 236
28.4771 106
28.4802 210
28.7141 227
29.1148 232
29.1357 236
29.2459 236
29.2879 227
29.3418 127
30.6147 107
30.7991 234
32.0271 186
32.2853 209
32.4991 202
32.5224 242
32.6435 170
32.667 184
32.8949 166
32.9164 111
32.9801 109
32.9962 137
33.7414 103
33.8382 230
33.8503 242
33.9633 205
34.0631 226
34.4345 232
36.2112 209
36.2417 174
36.3385 240
36.9313 1
8527
10.0532 145
10.0917 178
10.0988 85
10.6111 151
10.6186 99
11.1492 100
11.4247 160
11.4367 191
11.5244 222
11.7637 103
12.8644 94
13.8041 88
14.4033 153
14.9407 91
15.0045 124
15.9472 159
16.0856 167
16.1601 239
16.4031 116
16.9081 181
16.9279 119
17.2046 226
17.2056 177
17.6001 120
18.3223 156
18.5828 245
19.0895 159
19.9145 119
20.3229 114
21.3942 245
22.5211 188
23.7527 140
23.9705 163
24.0049 210
24.1434 193
24.5628 190
25.7464 136
26.0311 248
26.2482 84
27.4977 104
27.9538 101
28.3174 180
28.3324 145
28.5761 131
28.8304 113
28.8894 221
30.069 1455
6677
10.6797 133
11.1719 223
11.4777 163
11.6417 108
11.7365 134
12.3236 109
13.2192 218
13.53 134
13.6358 212
13.7097 215
13.7297 103
14.1002 101
16.9319 93
17.4652 172
17.9081 202
19.0173 98
19.0467 249
19.167 202
19.419 210
20.0469 216
20.7109 144
21.6181 233
21.7323 124
21.958 240
22.0008 201
22.3653 191
22.9658 219
23.5488 189
24.1051 134
24.7896 221
26.152 187
26.8182 192
27.945 100
27.98 167
29.5378 237
29.7834 123
29.824 197
29.8421 181
29.9888 131
30.3767 219
30.7357 113
30.7627 185
30.7855 129
30.9809 222
31.0833 98
31.822 115
32.4785 1
15672
9.5944 162
9.949 241
10.0053 92
10.112 245
10.1312 205
10.2492 181
10.4077 118
10.4678 231
10.4757 246
10.6849 166
10.7944 237
10.9851 155
11.1929 193
11.7078 181
12.1955 102
12.2554 95
12.2586 203
12.3525 150
12.6527 154
12.7206 187
13.7136 211
14.0208 116
14.2301 122
14.2717 157
14.3225 156
14.4025 215
14.6133 109
14.813 116
15.1084 85
15.194 157
15.7033 148
16.2888 90
16.8327 198
17.1074 124
17.1348 165
17.207 118
17.2905 234
17.3275 120
17.3962 247
17.6685 100
17.7738 224
17.9024 213
17.9099 133
18.3564 135
18.5979 219
18.6175 122
18.8523 225
18.8808 208
19.0904 136
19.1062 177
19.2278 241
19.4433 176
19.5455 169
19.6925 192
19.8132 159
19.8563 237
20.4599 114
21.1754 96
21.2096 110
21.6482 170
21.9188 154
22.239 182
22.8985 230
22.913 114
23.3265 188
23.5033 230
24.1936 224
24.6678 140
24.7215 241
24.7436 91
25.5139 173
25.6925 152
25.7413 223
25.8714 241
25.8988 102
25.9775 229
26.1476 109
26.758 206
26.9384 196
27.2082 104
27.4002 207
27.6351 245
27.6904 232
28.1544 165
28.3652 237
28.3986 101
28.5571 103
28.5885 209
28.7131 114
28.9244 95
29.2204 222
29.6045 217
29.8086 135
30.0069 159
30.0237 140
30.2791 141
30.6224 190
30.7402 167
30.8886 95
30.9844 115
30.9969 166
31.5395 111
31.5659 135
31.6103 204
31.6631 151
31.9333 160
32.3798 107
32.6306 161
32.6468 234
32.7622 180
32.7744 226
32.9397 243
34.5231 1
13345
10.0246 89
10.164 127
10.1779 214
10.218 203
11.2768 183
11.725 130
11.9224 191
12.1423 198
12.4252 197
12.4572 199
12.5105 227
12.8296 92
13.283 246
13.4341 106
13.5899 230
13.9074 120
14.1325 124
14.1679 241
15.0886 240
15.2768 149
15.3546 108
15.3707 95
16.0406 150
16.4464 90
16.7853 96
17.3985 158
17.6341 242
17.8982 135
17.9381 201
18.0708 162
18.4447 143
18.4716 122
18.8125 190
18.9424 113
19.2294 137
19.5056 164
20.0135 150
20.052 211
20.058 149
20.3506 94
20.6189 129
21.9064 94
22.1855 131
22.6883 124
22.8664 131
23.1338 225
23.2889 244
23.5501 100
23.6984 230
23.7832 124
23.8027 99
23.9585 90
24.0332 232
24.2933 247
24.4621 176
24.5174 94
24.7538 86
25.7084 185
26.0457 237
26.3073 200
26.3459 84
26.5763 117
26.7802 142
27.0239 106
27.1971 129
27.7844 159
27.8426 218
28.0893 222
28.2268 190
29.1888 182
29.2751 201
29.8017 179
30.2376 188
31.9677 199
32.0848 101
32.1093 224
32.1714 143
32.2271 99
32.3352 171
33.1215 139
33.7466 150
33.7689 246
34.2651 186
34.5828 247
34.6635 135
35.0781 174
35.5514 113
35.7225 125
35.8519 240
35.9826 119
36.0195 220
36.4275 154
36.9582 1
7681
10.3639 200
11.3575 226
11.8646 124
12.3021 247
12.6266 245
13.473 124
13.907 202
14.2715 132
14.3936 189
14.6978 149
15.1967 115
15.3032 117
15.495 110
15.7237 170
15.7395 209
16.1416 92
16.3134 114
16.9258 197
17.4173 121
17.799 178
17.8893 217
17.9566 210
18.0195 199
18.2502 203
18.5248 145
18.618 169
19.1071 174
19.7334 207
21.06 107
22.6349 162
22.6863 115
22.9016 189
23.236 226
24.2331 87
24.5185 111
24.6728 134
25.9586 114
26.74 103
27.5599 193
27.6586 239
28.526 103
28.7632 199
28.9846 227
29.1655 139
29.1879 186
29.2839 133
29.4678 130
5673
10.495 237
11.3331 158
11.9494 230
12.08 153
12.8181 187
13.8396 171
14.1065 118
14.5917 114
14.8114 243
15.5337 156
15.9151 129
15.9752 231
16.3276 245
16.5962 204
16.9043 149
17.7135 205
17.7915 102
18.4315 187
18.5575 151
18.7545 134
20.199 168
21.0029 244
21.5857 141
22.0981 148
22.388 112
22.5755 226
22.9047 141
24.395 111
24.5264 199
24.7372 102
24.8764 248
25.3436 168
26.2649 213
26.3413 124
27.0428 240
27.3252 175
28.0664 135
29.3563 247
29.6015 216
29.8546 153
30.3352 98
30.8888 227
31.3919 171
31.4388 175
31.4441 85
31.6643 215
32.3136 1
13343
9.9147 126
10.1966 158
10.6521 107
10.8209 85
10.9109 94
10.9766 194
11.2197 232
11.751 204
11.9029 217
12.0467 247
12.4529 204
12.5396 234
12.5539 181
12.576 149
12.7847 154
12.7902 119
12.8891 165
12.9626 206
13.1833 90
13.3406 190
13.4363 86
13.582 191
13.6181 151
13.9391 120
14.412 243
14.699 216
14.9436 213
15.0945 218
15.1538 141
15.1635 143
15.1677 104
15.4098 246
15.4854 230
15.7268 229
16.3772 174
17.21 159
17.5826 118
17.5983 136
17.6876 155
17.7077 195
17.7419 203
17.8181 120
18.1985 233
18.4314 122
18.6549 136
19.0856 107
19.3178 240
19.4466 103
19.7089 215
19.8218 244
20.047 222
20.048 183
20.1543 162
20.3451 120
20.4722 202
20.4858 173
20.6717 231
20.8913 143
21.0192 248
21.1553 193
21.347 147
21.5478 205
21.6337 244
21.6674 243
21.9489 175
22.1048 228
22.1989 179
22.6419 142
22.7202 232
23.3807 177
24.1565 121
24.8789 178
25.4309 86
26.5222 177
27.0654 141
27.5043 153
27.976 178
28.0404 186
28.1732 243
28.7585 193
28.8355 228
28.9186 83
29.1439 134
29.6829 112
29.7218 184
29.9801 221
30.312 115
30.3176 113
30.5492 241
30.6952 127
30.9494 170
31.2369 131
31.2639 174
31.549 195
31.6677 238
31.6944 240
31.7726 89
31.8912 214
32.1322 202
32.7745 116
32.8859 131
32.9056 99
33.31 97
33.5683 170
33.5694 213
33.6403 90
33.8188 230
33.9148 167
33.9258 139
34.0271 124
34.116 156
34.4269 127
34.6804 1
13447
9.4052 204
9.4392 160
9.883 172
10.2181 225
10.3148 194
10.3635 220
10.4687 211
10.9348 167
11.7714 213
11.9246 237
12.9477 91
13.5517 141
13.7501 236
13.8677 173
14.2597 194
14.9784 123
15.0241 136
15.0475 249
15.2696 249
15.3477 207
15.6343 132
15.68 197
15.7774 225
15.9756 240
15.9779 201
16.0396 94
16.3577 85
16.5103 95
16.672 160
16.7149 123
16.8573 139
16.9989 206
17.1669 147
17.5008 98
17.837 206
18.5281 133
18.97 203
19.6121 169
20.578 96
20.6729 125
20.7757 86
21.4492 201
21.4558 108
21.5834 165
21.7138 155
21.7262 201
21.7723 218
22.1821 94
22.2392 137
22.2394 182
22.7873 168
23.5601 217
23.7558 159
24.3601 186
24.6406 108
25.0121 216
25.0473 194
25.1576 153
25.2192 164
25.5366 197
25.6087 127
25.6817 209
26.4923 211
26.6327 237
27.6596 204
27.6702 105
27.8342 148
29.459 176
29.6134 248
29.9173 237
30.4606 117
30.6217 105
31.0339 175
31.1529 110
31.6828 123
32.2658 169
32.4692 217
32.8847 195
33.7388 217
33.8237 147
33.9175 155
34.0204 135
34.3631 229
34.5125 228
34.7755 178
34.9027 126
35.3888 132
35.8279 173
35.8558 124
35.9008 111
36.2389 132
36.414 146
36.8203 1
6810
9.3599 128
11.2259 144
11.7712 128
12.1662 177
12.413 107
13.3202 116
13.3872 152
13.4289 170
13.6596 208
13.8776 187
14.8134 113
14.8478 219
15.1729 129
16.9455 120
17.3123 242
17.6735 110
18.0379 244
18.1434 101
18.2376 239
19.269 238
19.4037 216
20.2842 186
21.1744 130
21.2922 134
21.3022 161
21.9688 159
22.1029 91
22.2979 131
22.3865 181
22.4641 221
23.1303 135
23.2816 173
23.3782 172
23.8955 230
24.1006 125
24.8075 102
25.0044 171
25.1958 228
26.0373 185
26.3084 115
26.776 176
27.0844 178
27.1601 102
27.2182 118
28.3798 129
29.4659 144
29.5314 1
5951
10.0471 147
10.4287 187
11.0308 100
11.0926 143
11.8583 107
11.8683 110
11.8803 188
11.9725 177
12.6138 202
12.7368 121
13.2657 202
13.8777 137
15.8889 94
16.0807 120
16.2359 143
16.5185 158
17.3849 129
17.4282 123
17.4608 137
18.1919 215
18.2348 184
18.2818 206
18.6694 151
18.7026 99
19.255 86
20.6399 230
20.6688 175
21.0313 85
21.3735 86
23.1903 170
24.005 125
24.8925 85
25.1646 231
25.5338 165
25.8801 240
26.457 113
26.6017 187
26.9978 144
27.1512 155
27.6717 95
28.3372 98
28.7135 202
30.8336 231
31.1172 98
31.2281 86
31.3077 215
32.0088 1
12870
9.7916 85
10.1345 221
10.6021 249
10.7998 161
10.9575 124
11.1024 176
11.1678 234
11.9926 129
11.995 130
12.0197 149
12.1765 216
12.2449 116
12.337 119
12.7256 148
13.3482 240
13.9955 147
14.1789 241
14.5799 221
14.758 116
15.1295 113
15.2916 203
15.904 231
15.9579 149
16.2 170
17.0952 182
17.9555 203
18.035 199
18.0458 98
18.0765 110
18.5855 200
18.644 146
18.6586 188
19.1883 233
19.2692 108
19.7558 187
19.9693 188
19.9802 189
20.5788 134
20.6543 157
21.4233 129
21.4408 237
21.4573 164
21.5255 99
22.1036 195
22.1591 144
22.2225 243
22.4747 127
22.5479 213
22.6967 86
22.7908 177
22.8283 93
22.9662 219
22.9712 234
23.0676 85
23.7781 128
24.6623 227
24.6872 189
24.9605 230
25.0508 224
26.1073 151
26.1464 108
26.4692 149
27.0466 162
27.534 166
27.7827 99
28.028 174
28.4604 189
28.5431 155
28.996 101
29.0283 96
29.3031 149
29.3508 183
29.3887 114
29.4924 133
29.7094 108
29.7958 227
30.2879 246
30.3412 115
30.4097 213
30.4261 100
30.7125 190
30.9452 129
31.0544 202
31.2701 144
31.5267 210
31.5462 228
31.6105 238
31.6303 126
31.7708 235
31.8986 140
31.9147 166
31.9592 188
31.9599 242
31.9873 175
31.9993 124
32.004 204
32.0102 92
32.0924 183
32.4671 168
32.474 241
32.6223 97
32.7256 225
32.7786 97
33.1381 130
33.1844 127
33.493 83
33.543 217
33.8772 128
33.9446 122
34.0141 204
34.2766 228
34.3729 147
34.6033 1
13895
9.7907 115
9.8333 162
9.9658 159
9.9888 149
10.4315 124
10.8081 93
10.8227 230
10.8645 203
11.1814 112
11.4476 144
11.504 138
11.5246 166
11.6484 85
11.6893 190
11.8605 120
12.0079 190
12.1355 226
12.396 215
12.5738 166
12.8253 128
13.1347 147
13.3611 128
13.52 117
14.2227 171
15.0065 120
15.0653 151
15.3606 236
15.585 84
16.0995 194
16.1986 106
16.7305 177
16.8128 245
17.7913 205
17.8725 90
19.1826 162
19.3213 187
20.1261 84
20.4434 102
20.7106 91
20.7172 127
20.9564 245
22.081 152
22.4668 123
22.6488 87
22.7829 146
22.8864 205
22.9027 232
23.072 96
23.2848 222
23.7736 97
24.633 170
24.7744 242
25.0162 164
25.1169 194
25.5528 90
26.0307 153
26.2386 104
26.4578 103
27.0156 118
27.4426 231
27.7024 146
27.8493 172
28.685 236
28.8496 112
28.9227 182
29.178 147
29.2323 192
29.275 108
29.3746 239
29.5473 210
29.7738 181
29.891 140
29.9468 145
30.3012 172
30.506 175
30.8965 208
31.4369 95
31.7437 85
32.2215 184
32.3201 178
32.5015 220
32.5547 155
33.0714 245
33.9093 111
34.4068 229
34.559 97
35.1449 96
35.1914 171
35.4451 175
35.5025 125
35.7135 156
35.7541 191
36.9468 1
