24 300 20 4
0 1 0 1 
1 0 1 1 
0 1 0 1 
1 1 1 0 
0 800 0 1562 
800 0 1653 640 
0 1653 0 1536 
1562 640 1536 0 
50 39 104 107 
6253
9.7349 135
9.928 95
10.2509 183
10.719 249
11.0487 138
11.0821 149
11.7248 155
12.2015 125
12.202 168
12.5392 102
12.6823 216
13.1323 84
13.9676 190
14.2879 117
14.5827 169
14.5991 91
14.6989 103
14.9494 150
15.116 92
15.1307 237
15.3926 194
15.7832 244
16.2802 169
16.8772 238
17.4096 85
18.3563 116
18.5573 96
18.8493 237
18.9212 119
19.4836 182
20.0024 116
20.1821 211
20.4405 138
20.4559 124
20.9476 139
21.2533 138
21.3814 98
22.2993 229
24.1201 113
24.4656 90
24.5264 245
24.6588 228
25.5223 244
25.8336 90
25.9737 184
26.7012 229
27.2934 193
27.7893 117
28.1027 222
28.455 1
4509
10.0422 120
10.3519 179
10.7098 140
11.3687 247
11.8736 217
12.139 239
13.1804 204
13.9419 86
14.5914 128
15.1433 225
16.0026 207
16.3636 83
18.3372 84
18.8023 144
18.9837 127
20.0345 149
20.6644 203
21.0422 148
21.9875 240
22.205 112
22.9586 146
23.1276 204
23.6047 149
24.3275 123
24.5405 172
26.5702 245
26.7131 218
27.2824 87
27.4975 242
28.4502 125
28.481 109
29.4438 116
30.0158 116
30.0351 227
30.2275 107
30.2536 123
31.1465 232
31.5602 235
31.7719 1
8613
9.469 134
10.2716 192
10.8744 177
11.0995 143
11.1898 179
11.5266 202
11.8502 151
11.8581 95
12.3922 226
12.4621 183
12.6167 88
12.7849 195
13.0556 91
13.5519 204
13.7584 157
13.7624 140
13.8506 209
13.8525 143
14.4147 110
14.4687 176
14.856 207
15.0111 222
15.2403 147
15.2782 133
15.9838 222
16.5253 98
16.6529 92
16.8687 239
16.9083 226
17.1343 188
17.367 168
17.4927 220
17.6853 105
17.8037 143
18.6561 191
18.729 138
18.7398 119
18.7805 143
19.4791 145
19.6121 190
19.6274 168
19.6547 99
19.6595 236
19.805 136
19.8661 185
20.2946 170
20.5742 109
20.6155 131
20.875 96
20.9606 245
21.3325 211
21.3885 114
21.4 141
21.5675 147
22.1272 113
22.3827 179
22.6159 124
22.8046 144
23.0442 159
23.1362 148
23.2621 161
23.3192 213
23.7916 230
24.1207 210
24.9517 120
25.464 178
26.0846 124
26.4256 230
26.6518 131
27.1129 94
27.1145 178
27.2854 205
27.5235 135
27.7156 144
28.1281 167
29.3246 213
29.3643 176
29.3897 231
29.4933 187
29.557 83
29.5968 93
29.7558 95
29.8375 84
29.9893 126
30.1119 222
30.1707 158
30.3473 111
30.5257 85
30.5713 159
31.0635 228
31.174 169
31.4654 92
31.5248 102
31.7382 215
31.7449 85
32.0047 147
32.1799 107
32.196 219
33.0599 103
33.1472 86
33.6453 129
33.667 200
34.1532 116
34.9892 1
9179
9.3255 160
9.74 133
9.8541 206
10.213 159
10.2531 215
10.4064 156
10.6539 135
11.0125 107
11.3464 94
11.4321 169
12.327 141
12.3903 99
12.4674 186
12.8544 242
13.463 87
13.5026 182
13.7442 89
14.7402 140
14.8697 106
15.2702 92
15.3891 204
15.5201 84
15.53 166
15.5835 225
15.8663 164
16.0985 108
16.5842 106
16.7022 169
17.2067 164
17.386 244
18.0657 232
18.4331 227
19.2534 209
19.2805 196
19.7499 122
19.9512 215
20.843 178
21.0473 199
21.1112 112
21.4162 146
21.4974 168
21.5087 199
21.5398 222
22.1689 99
22.1877 137
22.6689 140
22.9072 192
23.3008 214
23.3745 107
23.9025 230
24.5957 96
24.6343 90
24.8808 229
24.915 131
25.8923 234
26.3039 205
26.3546 178
26.6359 176
26.9233 100
27.3164 129
27.6328 216
27.6432 208
28.2991 171
28.9144 111
28.9466 86
29.019 155
29.0976 197
29.6716 205
29.925 86
30.1125 88
30.5264 120
30.5633 158
30.5915 143
30.6058 154
31.1177 106
31.1325 118
31.1993 216
31.2404 91
31.2596 177
31.4349 129
31.574 159
31.6798 233
31.6895 168
31.8795 232
31.9532 84
32.305 107
32.4123 198
32.8489 148
33.037 173
33.4576 128
33.6101 190
33.891 96
33.9599 141
34.1469 161
34.4767 234
35.1622 161
35.2226 211
35.6153 113
35.7303 180
35.9884 138
36.0899 225
36.3864 214
36.3969 202
36.5173 105
36.6218 235
36.7229 197
36.7422 1
3857
10.3482 152
10.5025 197
10.598 118
11.3224 140
11.398 107
11.9426 158
11.9748 135
12.1702 112
12.45 173
14.4215 88
14.9948 154
15.2366 107
15.4134 148
15.4863 205
15.4901 217
15.9661 161
16.3165 233
16.3822 226
16.7867 170
17.1528 197
18.0855 140
18.1124 199
18.4367 206
19.6495 184
21.18 147
21.258 123
21.9963 156
22.2036 189
22.2935 207
22.82 168
22.8374 230
22.959 198
23.1244 211
23.3483 123
23.924 235
24.2238 217
24.4666 227
24.866 130
25.0695 177
25.2849 141
26.4602 239
26.8474 134
26.8501 186
27.9038 154
28.0129 83
28.7195 147
29.3784 244
29.3883 207
29.6487 138
29.6769 1
3188
9.3516 136
10.8124 105
11.6608 107
11.8006 163
11.9193 184
13.93 200
14.1051 130
14.1893 98
14.9428 152
15.3262 106
15.5692 201
15.9207 92
15.9808 102
16.3671 87
16.7375 231
17.159 223
17.2756 221
17.6291 97
18.0697 119
19.6555 103
20.0296 245
20.61 130
21.6567 182
22.2193 110
22.5326 111
22.8306 169
22.8327 122
23.071 115
23.1813 239
23.31 225
23.4472 227
25.0925 217
25.209 113
25.6032 204
25.9214 103
26.3956 125
30.8805 120
31.9855 229
32.5084 1
7178
9.9295 180
10.2803 128
10.3565 94
10.4015 198
10.4084 152
10.5459 92
10.7513 204
10.903 195
11.7849 118
11.7945 148
11.853 225
12.0434 211
12.2599 204
12.3622 94
12.4294 89
12.5562 240
12.6604 183
12.6725 167
13.4757 148
13.558 141
13.7503 85
14.0082 115
14.0478 223
14.1214 238
14.6534 185
14.7868 206
15.0582 113
15.6399 89
16.345 180
16.4507 118
16.5027 100
16.6358 197
16.8205 184
16.8981 122
17.1136 235
17.4384 204
17.7079 176
18.1708 177
18.1834 229
18.4217 238
18.5599 128
18.7736 143
18.8654 144
18.9307 88
19.15 194
19.2199 227
19.3095 205
19.5204 207
19.6517 84
19.865 87
20.0617 111
20.1126 133
20.4086 208
20.4987 118
20.5308 186
21.2438 133
21.59 116
21.9438 212
22.1468 225
22.1577 93
22.8339 107
23.0378 107
23.4206 102
23.6857 249
24.1448 142
24.3937 126
24.4462 201
24.5615 134
24.9783 171
25.3271 118
25.4046 206
25.5087 217
25.9252 172
25.9717 124
26.0378 158
26.5963 171
26.6876 225
27.0635 106
27.6122 178
27.8084 124
28.3706 243
29.1147 225
29.643 221
30.1574 201
30.9029 203
31.3365 172
31.4185 237
31.4659 86
31.6621 176
31.8445 100
31.921 245
31.9787 166
32.4351 183
32.4505 114
32.6245 246
32.6429 144
32.7852 128
32.8524 163
32.8578 139
32.9541 163
33.3624 88
33.4722 204
34.3472 208
34.7101 1
7289
9.3863 93
9.9223 127
10.088 241
10.165 176
10.4967 114
10.5742 137
10.6538 171
10.6755 91
10.861 247
10.8891 182
11.1007 225
11.2449 137
11.307 92
11.383 192
11.7539 122
11.9849 213
12.2905 224
12.6851 144
13.0484 84
13.6705 116
14.0649 141
14.168 107
14.4465 143
14.5824 216
14.9076 142
14.9122 109
15.1916 138
15.4183 207
15.4264 191
15.9305 191
17.0381 224
17.6049 205
17.6341 170
17.6349 238
17.7886 241
17.8276 198
18.0249 196
18.4762 170
18.6706 121
19.1432 85
19.1968 238
19.5105 229
20.0448 212
20.0925 224
20.2539 198
20.7826 120
21.074 157
21.1624 83
21.8342 141
22.2451 198
22.4189 141
22.6657 245
22.9403 239
23.166 161
23.8163 176
24.1111 85
24.2397 175
24.537 187
25.0583 226
25.6073 175
26.0482 238
26.113 95
27.2667 248
27.9143 115
28.0955 201
28.2117 216
28.2574 238
28.4408 134
28.4821 226
28.7598 220
28.9338 235
29.0109 143
29.1487 140
29.5444 148
29.7326 106
30.3083 140
30.6773 97
31.184 134
31.2452 115
31.3712 231
31.4779 121
31.5959 132
31.6182 191
32.2945 91
32.3541 244
32.449 121
32.5371 239
32.6671 83
32.8118 161
33.2073 176
33.3431 120
33.6234 197
34.1639 95
34.1817 233
34.2485 86
34.3027 208
34.6389 197
35.129 115
35.1417 169
35.6988 211
35.7131 116
35.8302 104
36.1841 196
36.1952 118
36.3698 176
36.7852 178
36.9685 1
2781
10.1159 105
10.1907 203
10.8529 105
10.9039 208
11.3756 156
11.8888 161
13.2744 165
13.4895 112
13.5664 92
13.7776 229
13.8865 171
13.9231 245
14.2174 206
14.393 94
14.5564 148
15.4845 192
15.5555 218
16.0986 199
16.7431 249
17.4442 226
17.8865 245
17.9582 106
18.4627 139
19.0356 190
19.2081 232
19.6752 201
20.2534 248
20.5772 151
21.1397 242
21.1889 105
21.9171 201
21.9181 108
22.4948 124
22.9924 190
23.5902 210
23.9028 102
24.3018 222
24.3019 179
24.908 218
26.2484 192
26.7037 243
26.7952 239
26.8284 107
27.0018 153
27.2278 154
27.3783 191
28.2169 140
28.3007 147
28.7348 200
29.1624 1
2232
11.5646 181
11.9558 116
12.0662 155
12.8313 168
13.5009 114
14.1985 94
14.2631 91
14.363 109
14.5255 200
15.6349 123
15.7418 96
15.771 107
16.5264 169
17.4584 186
18.3109 238
18.7637 138
18.8502 190
18.948 145
19.532 241
19.6616 232
20.022 140
20.1107 153
20.7315 172
22.2893 99
23.2537 242
24.6167 127
25.5427 211
25.9346 151
26.7825 235
27.2342 152
28.4219 94
29.1862 110
29.2062 92
29.3212 98
29.5414 137
29.8285 108
29.8652 112
30.514 91
31.7211 1
5764
9.4298 95
10.0837 246
10.0923 118
10.4119 176
10.4239 186
10.6619 153
11.0439 114
11.1707 102
11.4802 99
11.5973 95
11.6509 121
12.0226 104
12.6329 186
12.6792 119
12.7413 115
13.543 226
15.2443 176
15.5409 188
15.5996 231
15.6196 136
15.6645 160
15.8858 124
15.9712 126
16.2266 168
16.3144 147
16.8329 107
16.8452 160
17.2544 139
17.3917 149
17.4982 247
17.9279 242
18.1304 233
18.2002 164
18.2888 117
18.2991 126
18.5979 205
18.6428 245
18.8462 238
18.9558 166
18.9641 130
19.679 242
19.9579 223
20.7084 121
21.1337 161
21.1348 120
21.2397 206
21.3619 183
21.4894 180
21.6315 87
21.6448 136
22.0423 127
22.8421 136
22.8552 186
22.9036 100
23.9381 104
24.0022 195
24.1257 141
24.3385 215
24.4098 243
24.488 246
24.5004 233
24.6146 222
24.6755 172
24.9045 234
24.9365 104
25.0569 127
26.2221 149
26.2998 92
26.3501 232
26.4375 148
26.4435 239
27.1884 243
27.3879 134
28.047 236
28.2401 199
28.2782 92
28.352 92
28.4348 159
28.4561 104
28.4956 104
28.5878 186
29.3191 177
29.8235 128
31.3078 205
31.3897 198
31.6434 238
32.0495 204
32.0522 93
32.1259 209
32.1853 208
32.3547 194
32.3651 192
32.5951 191
32.8161 243
32.9547 139
32.9852 139
33.1102 208
33.1959 200
33.2772 246
33.4061 177
33.5059 201
33.9428 147
34.1849 230
34.5138 1
5043
9.5433 213
9.6142 181
10.2136 200
10.5166 170
10.807 212
11.2911 196
11.8304 185
12.1358 191
12.3011 173
12.3017 133
12.5129 177
12.6666 160
13.3144 191
13.4631 91
13.4965 180
13.5277 111
13.6104 135
13.8706 145
14.2198 94
14.9953 170
15.5359 138
15.6043 230
15.858 169
16.0881 100
16.3398 111
16.3582 173
16.7536 213
16.8059 165
17.0069 238
17.2272 191
17.3996 118
17.6781 242
18.2286 107
18.4773 243
18.6819 229
18.8991 154
18.9146 173
19.3487 90
19.5417 110
20.552 248
20.6737 87
20.8103 190
20.9861 154
21.0753 135
21.1058 136
21.3331 245
21.7409 218
21.8446 194
22.5764 205
22.8799 215
23.4615 125
23.4656 86
23.8428 125
24.0417 160
24.0786 240
24.1822 92
24.4654 200
24.6046 105
24.9999 102
25.6295 233
26.0299 242
26.3717 163
26.4048 166
26.6357 149
26.7046 174
26.9018 195
27.5646 231
27.5695 151
27.7892 94
27.9674 194
28.3377 223
28.5266 199
28.884 144
29.0722 140
29.2924 217
29.6467 208
29.6732 111
29.8483 158
30.005 164
30.345 106
30.6351 209
30.6988 165
30.8901 237
30.8902 191
30.9492 122
31.1792 169
31.4098 201
31.8772 189
31.8882 188
32.0908 84
32.517 177
33.4404 91
33.7009 119
33.8252 232
34.5338 157
34.5406 130
34.6262 192
34.6724 98
34.8436 172
35.5802 180
35.9382 140
35.9424 154
35.9636 206
36.0441 218
36.1434 193
36.7411 130
37.0727 1
3936
9.4846 185
10.0608 138
10.3978 151
10.6299 238
11.8483 179
11.8961 118
12.0572 156
12.9039 152
13.1231 199
13.2383 246
13.4337 129
13.8002 229
13.8383 86
14.1237 196
14.3057 157
14.5978 199
14.6309 174
14.9235 220
15.1313 193
15.2524 223
16.7325 193
16.8352 215
17.9799 150
19.3442 160
19.3591 145
19.6731 217
19.7399 214
19.7589 169
19.8616 179
20.0426 143
20.215 137
20.9573 102
20.9867 126
21.1091 109
23.0887 106
23.1738 133
23.6598 230
24.0018 183
24.0184 140
24.0443 242
24.7039 240
24.7499 104
26.4952 142
27.4955 83
27.7406 205
28.0999 248
28.949 178
29.0607 234
29.2069 131
29.9222 1
2480
9.3608 118
9.9843 167
10.9295 187
10.9921 236
13.003 110
13.9705 194
14.5514 98
14.6136 100
15.7381 161
16.4754 100
16.5474 112
16.5879 228
17.0571 125
18.4509 173
19.2874 99
19.3406 95
19.4514 228
20.5094 88
20.9805 206
21.2679 86
21.3378 209
21.46 206
23.1727 167
23.8646 139
24.046 134
24.0715 187
25.1297 98
25.3184 84
26.1606 158
26.6031 185
27.3564 118
29.3081 179
29.6567 164
29.7467 233
29.9797 142
30.7418 112
31.1467 108
31.3303 232
31.8284 1
5768
9.9681 212
10.0459 123
10.3431 172
10.5191 241
10.5484 150
10.7043 123
10.882 195
11.1529 88
11.2174 87
11.591 231
11.678 132
11.871 128
11.8835 189
12.0686 109
12.4945 156
12.5661 146
12.5805 241
12.7162 169
12.8447 187
13.0445 90
13.2271 245
13.5524 217
13.9996 120
14.3123 213
14.657 168
15.8356 157
16.0449 203
16.9618 214
16.9681 159
17.0479 118
17.1675 170
17.1781 133
17.6587 116
17.7611 106
18.0933 93
18.7845 206
19.1285 159
20.0179 187
20.1758 109
20.4108 99
20.4871 159
20.7433 124
21.1548 110
21.2387 217
21.2685 130
21.272 206
21.9768 246
22.1794 98
22.4378 113
22.473 249
22.515 190
22.9733 123
23.1055 145
23.1993 182
23.2089 177
23.2534 122
23.5255 164
23.7222 193
24.3479 179
24.8789 97
24.9675 237
25.0834 156
25.6428 194
25.7734 93
25.9351 160
26.3757 196
26.5064 147
26.5078 159
27.5617 166
27.7289 227
27.8304 114
27.9284 87
28.2735 115
29.0092 85
29.0279 194
29.7991 156
29.9122 185
29.953 119
30.2815 159
30.5353 243
30.7467 135
30.9589 178
31.0134 98
31.0264 219
31.0662 115
31.3866 191
31.3996 201
31.4709 210
31.8089 181
32.0612 113
32.1605 83
32.2162 198
32.2925 135
32.5319 144
32.7754 120
33.1184 168
33.2859 200
33.3701 178
33.4278 185
33.4328 115
33.7253 180
34.3302 94
34.4152 193
34.7116 1
7093
10.296 143
10.3469 143
10.4233 123
10.7958 234
10.8411 233
11.3195 244
11.3624 105
11.3963 195
11.6728 139
11.9151 126
12.1273 128
12.2658 187
12.3802 118
12.5459 95
12.7735 198
12.9361 237
13.1202 157
13.1216 135
13.2743 100
13.4594 161
13.4876 147
13.8483 200
14.0857 163
14.105 96
14.2716 222
14.3662 195
14.5788 191
14.7411 145
15.2473 228
15.6189 109
15.9009 184
15.9764 108
16.0288 91
16.0782 233
16.158 135
16.8869 131
17.1152 159
17.6603 111
17.6679 104
17.6804 241
17.8021 243
17.9029 244
17.9631 228
18.0235 210
18.3413 206
18.7123 126
18.8377 184
19.1388 188
19.6292 175
19.8722 221
19.9521 192
19.958 112
20.7547 193
20.7936 152
20.9665 113
21.004 185
21.053 96
21.1455 170
21.4397 207
21.5162 159
21.7201 200
22.0113 239
22.0932 198
22.2918 187
22.5576 192
22.6421 162
23.2129 237
23.6227 106
23.8633 232
24.5177 106
25.1428 193
25.855 214
26.2008 94
26.6023 248
27.1051 121
27.347 159
27.5577 224
27.8331 126
27.9751 117
27.9932 226
29.0166 136
29.3609 92
29.3852 130
29.7097 156
29.9288 121
30.8094 173
30.8132 92
30.827 108
31.0739 221
31.5997 147
32.1808 162
32.4731 215
32.4795 170
32.8653 110
32.8708 159
32.8933 181
32.9945 100
33.0887 233
34.1282 160
34.5263 143
34.5461 110
34.8051 104
34.9492 159
35.4996 146
36.2844 175
36.9237 91
37.119 1
4957
9.769 195
9.8238 103
9.9119 170
10.4178 220
11.0288 139
11.127 132
11.4873 88
11.9013 190
12.4085 86
12.5008 155
14.4924 87
14.7677 111
14.7876 182
15.3132 240
15.4577 157
16.8828 207
17.0291 236
17.2841 150
17.4226 165
17.86 208
18.9294 108
20.0649 94
21.5854 135
21.6687 192
21.7694 206
22.0613 231
22.2354 201
22.5985 169
23.2028 128
23.4574 117
23.7561 160
23.8262 232
24.3274 132
24.5266 134
24.6107 147
24.6398 231
24.7785 168
25.4235 212
26.0883 100
26.9877 237
27.328 193
27.4106 142
27.4396 214
27.9447 148
28.5767 172
29.2935 98
29.3543 230
29.592 119
29.7585 216
29.8717 1
2965
10.8319 207
10.8998 88
11.9259 163
12.5361 248
12.8428 114
12.8534 238
13.4043 106
15.2297 154
15.985 233
17.2035 147
17.2342 101
18.0001 157
18.268 229
18.8896 210
19.539 122
19.5537 86
19.9816 120
20.0494 228
20.3067 157
21.7254 99
22.3625 194
22.4113 242
24.0337 165
24.4793 182
24.893 186
25.1373 174
25.3244 175
25.8221 136
26.2537 239
27.5293 178
27.6434 229
27.7325 155
27.8064 195
27.8362 151
28.354 144
30.3826 168
30.5755 219
30.6586 140
31.5697 1
6391
9.9178 227
10.8708 131
10.9533 142
11.0544 179
11.3282 209
11.52 201
11.8406 90
12.2012 104
12.4303 174
12.4736 199
12.7217 143
12.8473 195
13.1514 165
13.2884 147
13.7671 214
13.878 234
14.0609 120
14.2032 150
14.2498 243
14.766 244
14.786 168
14.8962 147
15.0259 177
15.7101 219
15.8401 107
15.922 169
16.1189 159
16.1498 247
17.0751 174
17.1608 106
17.2804 94
17.2941 240
17.7658 208
18.0087 229
18.0757 127
18.0869 206
18.1152 127
19.0436 87
19.192 233
19.5092 197
19.9373 157
20.0703 165
20.2769 119
20.3103 209
20.5371 238
20.6463 218
20.6922 100
20.7223 243
20.7746 172
20.8306 103
21.0573 203
21.7057 174
21.9147 126
21.9477 194
21.9583 206
22.0321 156
22.2063 238
22.2448 175
23.2945 140
23.4349 244
23.7204 175
23.7334 138
23.9881 205
23.9961 158
24.8038 182
24.9778 228
25.1905 209
25.3173 187
25.3299 179
25.6522 87
25.7596 98
26.0566 102
26.1781 123
26.233 171
26.2794 177
26.3555 153
26.4828 89
26.4964 210
26.5194 206
26.732 168
27.5188 162
27.5211 106
27.6316 144
27.7763 152
27.8637 202
27.9881 163
28.4389 173
28.7757 142
28.9105 229
29.5673 145
29.8931 127
30.0059 177
30.368 147
30.8756 179
30.9914 147
31.0159 100
31.1836 150
31.8958 101
32.1522 207
32.5517 148
33.0299 120
33.0751 204
33.6727 132
34.6935 1
9219
9.4118 101
10.6095 129
10.6242 150
10.7638 159
10.8936 213
11.0404 149
11.3906 114
11.4258 110
11.6012 155
11.6853 199
11.6977 136
11.8954 215
11.897 168
12.7175 100
12.9058 188
12.9101 180
13.3655 99
13.8086 143
14.1508 97
14.1621 172
14.4494 136
14.68 182
14.9831 139
15.608 114
15.7129 122
15.9865 178
15.9934 237
16.0142 230
16.0891 88
16.702 147
16.8166 151
16.8412 115
16.9115 220
17.2685 151
17.3781 233
17.8207 191
17.8763 244
18.363 97
18.4685 142
18.4918 159
19.0317 136
19.0321 234
19.156 210
19.3813 181
19.8461 236
19.9171 176
19.9701 175
20.2202 125
20.2509 176
20.702 184
20.7036 117
20.8616 156
21.4705 217
22.1637 215
22.458 243
22.5196 236
22.6432 124
22.8486 149
23.132 118
23.2127 139
23.2508 146
23.3887 235
23.8693 105
24.1665 113
24.2646 193
24.535 106
25.9729 107
26.3394 185
26.428 143
27.2245 236
27.2734 189
27.6572 100
27.826 168
27.8561 165
27.9922 229
28.3512 242
28.513 142
28.6485 204
29.0512 141
29.2171 205
29.3669 184
31.2414 168
31.285 245
31.3106 231
31.3869 184
31.6866 211
32.0369 110
32.2865 121
32.5941 225
32.6265 226
32.9627 154
32.9827 104
33.6088 103
33.6377 202
33.9714 93
34.0797 129
34.4984 128
34.8678 196
34.9785 172
35.0744 182
35.8829 201
35.9117 101
35.993 104
36.2469 193
36.5279 220
36.565 100
36.9317 1
4908
9.9949 170
9.998 109
10.1755 167
10.3848 110
10.4969 155
10.5358 91
11.9828 242
12.4923 235
12.5605 182
13.4299 214
14.0942 226
14.2991 197
14.5316 229
15.0859 242
15.9716 224
16.0639 228
16.1303 212
16.1777 243
16.7568 189
17.2906 162
17.9615 214
18.2171 174
19.2122 202
19.2342 101
19.4795 138
19.8865 219
19.8872 163
20.4077 165
20.674 98
21.3088 122
21.462 205
21.5145 112
21.7936 246
21.9064 99
21.9465 197
22.1459 221
22.8864 103
22.9356 187
23.937 145
24.448 124
24.715 159
24.7704 208
25.0521 194
25.3132 99
26.0265 155
26.2993 196
26.4113 101
26.6968 149
27.8978 167
28.5467 1
3612
10.2646 202
12.1594 248
12.6837 156
14.1378 140
14.2082 106
14.4453 125
14.803 212
14.8099 182
15.4431 172
16.3637 87
17.532 104
17.5383 132
18.7395 161
19.83 126
19.9692 136
20.7605 148
21.0499 228
21.4983 145
21.7349 174
22.8191 116
23.5092 120
23.662 105
23.7476 147
24.0288 148
24.0324 176
24.3312 89
25.5139 87
27.2115 150
27.4486 182
27.6105 176
27.7555 136
27.9233 193
29.4843 224
29.6062 174
29.7056 187
29.7869 117
30.0976 88
31.1283 169
31.566 1
10071
10.0397 145
10.6465 133
11.0557 146
11.4508 185
11.5689 209
12.2589 200
12.3431 115
12.4855 150
12.6958 235
12.8316 143
12.9223 113
13.1307 125
13.2853 162
13.6944 180
13.748 154
13.9636 216
14.2611 139
14.3557 184
14.4722 102
14.5105 164
14.6192 232
14.8128 136
14.9158 180
15.2014 150
15.307 188
15.4557 90
15.4852 151
15.799 127
15.9295 105
15.9883 209
16.1771 110
16.3239 100
16.324 224
16.3334 115
16.6231 145
16.7013 173
17.3153 216
17.3843 160
17.4965 178
18.0608 164
18.1398 147
18.4183 123
18.488 208
18.5941 194
18.6587 109
18.8079 242
19.0753 112
19.2202 167
19.2335 134
19.4072 84
21.7767 181
22.1143 241
22.4376 98
22.5112 122
22.9093 212
23.0525 182
23.0548 128
23.225 119
23.4712 116
23.6229 182
23.9947 143
24.2906 248
24.4516 143
24.5493 112
24.8731 85
25.8619 126
26.024 228
26.0484 125
26.1985 95
26.4187 129
27.0143 239
27.314 130
27.4747 151
27.7285 92
27.7605 160
27.8858 195
28.2337 195
28.6137 118
28.7437 199
28.9563 163
28.9953 171
29.2646 97
29.4375 185
29.459 184
30.6102 120
30.6844 206
30.7615 133
31.1494 155
31.3114 153
31.8803 225
31.8832 237
32.0002 148
32.0013 244
32.0571 170
32.4632 139
32.8949 150
33.245 202
33.3456 231
33.4408 152
33.6026 233
33.6209 243
33.8247 207
34.037 223
34.1462 1
11755
9.6641 171
10.2888 163
10.3387 100
10.5777 187
10.6469 193
10.9353 135
10.9574 110
11.0679 149
11.1674 230
11.7491 108
12.7801 174
12.9585 171
13.2068 162
13.302 208
13.5303 182
13.5662 98
13.5819 113
13.8288 245
14.0486 164
14.0998 211
15.4792 229
17.5492 234
17.852 182
17.9617 245
18.0955 140
18.2098 216
18.3452 182
18.49 169
18.8049 182
19.7293 199
19.8927 174
20.1509 222
20.6046 112
20.6347 205
21.0527 181
21.0559 83
21.0629 237
21.1612 162
21.5614 222
21.7107 180
21.846 236
21.8826 219
21.8999 106
22.1061 203
22.1593 102
22.4826 192
22.5015 115
23.2166 178
23.2997 192
23.4328 156
23.5586 90
24.5323 247
24.5871 165
24.7434 238
24.8006 90
24.9119 156
25.051 249
25.2182 229
25.2709 147
25.3651 189
25.5449 169
25.5999 178
25.7953 130
25.924 231
25.9512 186
25.9659 183
26.0406 189
26.0995 212
26.4263 166
27.2139 186
27.2357 218
27.2577 222
27.4018 118
28.3041 240
28.5074 89
28.5575 140
28.5678 145
28.816 210
29.57 204
29.7273 129
29.7698 180
29.7738 244
29.9664 165
30.1402 95
30.3608 145
30.5556 143
31.3711 174
31.3913 224
32.6133 246
32.7397 85
32.9684 211
33.1215 166
33.3963 130
33.5939 194
33.6793 199
33.8156 222
34.3891 106
34.4004 147
34.6681 169
34.7889 219
35.0421 109
35.0622 163
35.324 203
35.5436 83
35.7521 90
36.2866 134
37.0919 1
7561
10.264 241
10.2732 165
10.6133 127
10.9576 236
11.322 92
11.3267 210
12.2007 171
12.4498 93
12.615 110
14.0448 219
15.0802 217
15.9949 188
16.0354 223
16.1253 97
16.1774 131
16.2265 160
16.3532 166
16.516 133
17.7148 187
18.1283 179
18.2856 181
18.3521 189
18.7396 119
19.021 228
19.4236 90
19.7818 124
19.8809 107
20.0405 120
20.4633 188
20.9202 110
20.9409 100
20.9725 146
21.1553 205
21.5983 176
22.1625 141
22.2085 217
22.9216 108
23.1444 153
24.1006 203
24.4625 177
24.84 132
26.6683 170
27.2917 143
27.7677 175
28.0921 221
28.4186 99
28.8584 146
29.3154 247
29.3731 198
29.6982 1
4898
10.444 201
10.8337 129
11.2909 185
11.4822 174
11.4908 246
12.6894 121
12.8861 234
12.993 198
13.2812 234
14.4251 201
14.4532 122
15.6379 169
16.1397 220
16.6913 148
17.1962 106
17.5655 210
18.2494 249
18.4371 154
18.4542 231
18.876 199
19.5932 171
19.7784 206
20.4962 218
21.12 233
23.9757 180
24.0152 119
24.0392 207
24.191 165
25.8146 173
26.537 132
26.716 177
27.5373 226
30.2597 201
30.3675 185
30.4371 159
30.7172 139
31.2843 118
31.4203 133
31.4551 1
12398
9.7592 102
10.3813 115
10.3867 195
10.9124 244
11.3265 135
11.4835 174
12.1768 210
12.1901 212
12.3907 228
12.4514 227
12.5152 86
12.6243 245
12.7485 155
12.8527 135
13.2924 83
14.1383 167
14.2333 142
14.3809 200
14.7009 222
15.6152 184
15.6836 174
15.6901 89
16.105 200
16.106 234
16.2905 98
16.5077 142
16.6471 187
16.7284 182
16.7425 209
16.8542 197
17.0878 170
17.1727 193
17.7375 95
18.081 196
18.1616 84
18.235 129
18.3587 244
18.9323 197
19.2565 191
19.2623 130
19.5624 93
19.7378 236
20.0233 137
20.4544 208
20.513 164
20.8009 162
20.8932 99
21.641 187
21.6691 145
21.7947 161
21.9428 106
21.9654 157
22.0792 247
22.2028 145
22.3653 249
22.4012 245
22.4292 231
22.4816 241
22.6583 111
22.7024 247
22.7643 105
23.3586 216
23.6977 163
23.78 99
23.8632 199
24.0325 168
24.1272 173
24.2357 110
24.2582 192
24.2961 204
25.024 150
25.5036 244
25.6767 145
25.8672 109
25.9448 85
26.2249 105
26.6217 125
26.6728 92
27.0027 130
27.9091 237
28.0101 115
28.0751 169
28.2196 169
28.6132 223
28.9528 211
29.1394 126
29.4663 163
29.9716 211
30.396 117
30.4151 105
30.5722 172
30.6099 220
31.0756 179
31.8712 164
31.9808 98
32.3724 212
32.8674 204
32.9101 222
33.0641 189
33.3106 199
33.5923 110
33.7234 218
33.7426 181
34.0572 1
12100
10.1476 144
10.7527 133
11.1308 227
11.1465 138
11.3891 247
11.5806 235
11.6703 165
11.7595 161
11.8143 170
12.0904 206
12.2189 152
12.6023 200
12.7389 123
12.9828 204
13.1521 129
13.4477 233
13.9698 168
14.5072 137
14.7496 134
14.7786 154
14.7865 133
14.9074 124
15.0248 157
15.2144 110
15.6698 159
15.7576 193
15.9385 201
15.989 144
16.0953 200
16.8787 159
17.4945 231
17.5686 119
17.66 88
18.5666 239
18.785 231
19.031 120
19.3929 129
19.5007 169
19.5809 224
19.5889 146
19.6159 194
20.5221 92
20.8929 147
21.1717 177
21.2963 241
21.3762 140
22.0314 222
22.2781 153
22.3563 87
22.9591 115
23.549 138
23.8592 166
23.8724 244
24.422 194
24.4821 175
24.5896 156
24.6847 147
24.8175 202
24.8326 226
24.912 100
25.4597 181
25.6028 233
25.877 111
26.0593 164
26.1824 213
27.1525 105
27.3307 178
27.3685 131
27.5656 144
27.6948 84
27.6969 206
27.9159 133
28.1808 139
28.4 196
28.8238 138
28.9862 116
29.4419 240
29.5255 112
29.7552 229
29.9334 172
30.1398 212
30.1913 229
30.1993 187
30.529 172
30.7951 144
31.1653 102
31.4322 205
31.8474 147
31.8809 105
31.9537 175
32.2152 90
32.2453 95
33.6548 241
33.6604 95
34.1039 239
34.4341 140
34.4472 171
34.5759 203
34.9486 159
35.1883 214
35.2535 214
35.3485 223
35.7077 87
35.8255 207
35.8951 154
36.5157 160
37.2837 1
8942
8.0917 183
9.0047 116
9.1897 121
9.6316 189
10.0556 202
11.2696 129
11.3229 144
11.6199 189
11.6958 208
12.3406 107
12.4054 229
12.4606 166
12.8439 207
14.0052 95
14.4573 102
14.8788 159
14.9521 140
15.1238 233
15.8078 149
16.0088 201
17.2522 138
17.6166 223
18.1513 248
18.2615 146
18.3849 220
18.4527 177
18.5653 224
18.5709 87
18.8127 122
20.0697 98
20.2692 203
20.381 86
21.545 128
22.2842 120
22.608 212
23.297 237
23.7218 212
23.8914 217
24.7068 197
24.888 121
25.0984 168
25.2603 176
25.8802 186
25.9063 90
26.9342 208
27.036 231
27.1157 116
27.1282 202
27.2057 182
27.4912 699
5657
8.6178 128
10.299 97
10.4139 114
10.4886 143
10.5418 200
10.9948 188
12.7275 184
12.7365 225
12.9953 154
13.0634 213
13.4725 149
13.8446 99
15.1172 203
15.1336 131
15.4679 133
15.827 231
15.9845 180
16.0744 225
16.2012 223
16.385 193
16.4339 111
17.3205 136
18.3489 125
18.5074 246
18.8586 115
19.1045 206
20.3829 155
20.5554 97
21.0065 99
21.3353 154
21.5044 234
23.4725 83
24.9777 138
26.0633 148
26.7654 166
28.099 193
30.1131 92
30.1845 207
30.6456 1
13829
8.1797 240
8.5346 224
8.9778 194
9.2253 228
9.3501 111
9.7317 180
10.0054 128
10.1318 126
10.3812 143
11.1257 234
11.2692 204
11.3768 159
11.5722 208
11.6477 104
12.0936 164
12.3188 143
12.897 149
13.0082 94
13.1866 240
13.2362 145
13.2805 90
13.5533 237
13.7589 247
13.9536 94
14.2131 218
14.5049 91
14.6656 167
14.8622 175
14.9731 109
15.0445 227
15.2219 147
15.9806 176
16.3371 231
16.46 221
17.0575 244
17.736 125
18.0118 149
18.6029 198
18.6764 139
18.8015 107
18.8244 172
18.8757 151
18.9467 222
19.1654 114
19.4508 237
19.657 92
19.7012 189
19.9383 247
20.0959 98
20.4688 115
20.9246 121
20.9321 156
21.3633 127
21.6695 138
21.7594 189
21.7933 101
21.9441 198
22.1633 136
22.9813 149
23.086 148
23.2509 136
23.6046 131
23.6572 107
23.7806 122
23.979 107
24.0677 211
24.2271 247
24.2545 209
24.4097 137
24.433 118
24.8993 100
24.9245 196
25.5285 188
25.6779 93
25.7257 238
26.1353 95
26.3582 86
26.9671 130
27.3419 88
27.6875 101
28.0663 90
28.0813 182
28.5594 93
28.7407 226
29.3585 133
29.5074 88
29.7868 214
29.7894 117
30.4082 194
30.4512 130
30.6139 207
30.6663 107
30.7677 237
30.9507 203
30.9945 247
31.5684 193
31.6251 149
32.1469 227
32.5205 86
32.5286 198
32.6067 155
32.8154 207
32.8187 169
32.9028 1
17185
8.0794 131
8.2079 97
8.6613 170
8.6925 202
9.8555 162
9.9092 109
10.4627 85
10.4663 211
10.5437 186
11.5177 238
11.7513 185
12.1499 235
12.3656 163
12.7008 226
12.7865 135
12.8207 177
13.1359 96
13.2703 234
13.3475 201
13.421 235
14.3251 218
14.3579 191
14.3674 212
15.1154 109
15.4452 188
15.9085 92
16.0145 103
16.232 158
16.581 173
16.7998 171
17.2387 119
17.3294 120
17.5241 198
17.7007 219
17.9245 107
18.1637 151
18.352 176
18.6704 200
18.9259 92
19.0749 217
19.2463 184
19.2934 160
19.8453 210
19.9573 239
19.9856 223
20.1238 245
20.2794 117
20.4282 228
20.4689 89
20.7749 224
20.9239 92
21.1857 86
21.7959 90
21.9198 140
22.0489 203
22.2414 118
22.5371 181
23.0002 122
23.3842 228
23.5901 215
23.601 97
23.7449 227
24.0876 185
24.1224 97
24.3802 210
24.8007 94
24.838 226
25.2669 158
25.2692 217
25.3224 173
25.8949 226
26.18 125
26.5937 107
26.6792 198
28.0368 246
28.061 94
28.1553 179
28.3327 242
28.4872 186
28.5591 128
29.2866 202
29.9272 206
29.9274 217
30.1675 102
30.175 174
30.4891 209
30.7741 248
31.0987 87
31.21 200
31.3364 227
31.3922 96
31.641 228
32.3744 141
33.4106 245
33.425 244
33.9962 141
34.2584 164
34.3579 230
34.3653 163
34.4525 93
34.4865 135
34.5469 157
34.9008 244
35.0964 107
35.7999 105
36.0483 94
36.2467 1
7977
9.0191 137
9.3145 190
9.6987 188
9.721 134
9.857 98
10.1432 97
11.3005 185
11.8789 85
12.0791 129
13.979 105
13.9947 217
14.2055 217
14.2714 206
14.4843 218
14.9351 106
14.9563 188
15.058 229
15.3954 151
15.4849 240
15.7245 190
15.788 88
15.837 164
15.891 136
16.0903 132
17.4095 180
18.2928 193
18.6837 146
18.687 127
18.9384 153
18.9726 151
19.337 227
19.446 86
19.8415 137
20.3178 118
20.4864 139
22.1496 154
22.7225 241
22.759 243
23.6043 91
23.713 215
24.4316 199
24.6011 179
25.124 232
25.612 139
25.6419 207
26.3568 187
26.4815 204
26.9998 125
27.158 247
28.5374 1
7576
8.9542 225
9.024 197
10.4223 208
10.9232 201
11.3626 130
11.4344 152
12.1589 147
13.1799 100
14.1703 163
14.7661 115
14.8721 204
14.901 248
15.2158 233
16.4793 108
17.3694 133
17.5909 150
20.246 158
20.4368 135
21.4655 240
21.5303 128
21.5607 171
21.9628 214
22.4986 232
22.5306 201
22.7677 228
23.2979 196
23.7913 170
24.3078 179
24.6579 206
24.7363 184
24.7732 245
25.2829 212
25.5251 163
27.1533 231
29.1061 103
29.2071 113
29.4838 139
29.9775 86
30.4602 929
16462
7.5794 201
8.1908 241
8.1972 131
8.4328 226
9.0893 194
9.1917 174
9.5763 144
9.6377 221
10.0104 147
10.0647 112
10.3445 210
10.5794 106
11.0281 223
11.3894 159
11.6242 139
12.554 141
12.8947 205
12.9043 169
13.1386 142
13.4394 165
13.7698 152
13.8552 141
14.0114 140
14.4233 246
14.4809 141
14.7757 120
14.8522 130
14.9464 109
15.346 121
15.3713 179
15.6785 126
15.8252 171
16.3473 127
16.5226 215
16.5288 177
17.0977 132
17.1295 165
17.6015 124
18.2067 176
18.2745 106
18.7754 91
19.2705 155
19.4541 190
19.8939 92
20.1781 183
20.5152 151
20.9358 228
21.05 188
21.2295 195
21.2643 105
21.3076 142
21.3592 223
21.982 133
22.0539 114
22.6697 153
22.8506 150
23.3474 146
23.4781 224
23.7853 128
24.2715 134
24.6355 109
24.761 178
24.7648 220
24.952 226
25.0796 146
25.4127 201
25.6488 197
25.8138 168
26.311 99
26.3181 186
26.4754 93
26.5824 166
26.6005 218
27.2229 139
27.3951 88
27.5742 213
27.951 234
28.2855 126
28.298 201
28.7258 113
28.8301 86
29.098 147
29.1087 101
29.122 191
29.2477 169
29.5972 126
29.6232 204
30.0595 156
30.3384 151
30.3803 150
30.8301 165
31.0625 158
31.2111 241
31.2807 244
31.5154 228
31.9115 225
31.9195 240
32.1994 219
32.2365 196
32.3369 159
32.4975 240
32.6476 188
32.8755 172
33.3027 1
14863
7.5299 159
8.7549 171
9.11 128
9.2531 140
9.3559 123
9.506 204
9.7755 157
9.8101 223
9.9896 129
10.1428 230
10.7839 87
11.3513 84
11.3659 219
11.635 151
11.8043 117
11.8266 114
12.8248 108
12.9267 116
13.2214 148
13.5129 203
13.6437 113
13.6778 191
13.9109 110
14.1371 125
14.3777 247
14.6939 238
14.723 98
14.7636 119
14.9819 91
15.5301 246
16.0825 111
16.4724 183
16.868 176
17.2205 164
17.432 140
17.9364 163
18.0472 112
18.8173 119
19.0248 129
19.029 197
19.1199 132
19.6224 119
20.5672 204
20.8908 217
21.132 200
21.2122 147
21.2505 138
21.5477 173
21.7742 106
22.0501 135
22.4174 183
22.4532 163
22.7802 192
22.8117 134
22.8292 111
23.474 189
23.6734 191
23.6938 170
23.8514 178
23.9969 115
24.1907 247
24.3478 87
24.4438 218
24.4569 176
25.4494 201
25.8538 247
25.9655 105
26.0118 93
26.0903 196
26.119 245
26.4534 171
26.6984 99
26.7704 201
26.8093 127
27.0182 160
27.2534 126
27.317 119
27.3994 185
27.8313 227
27.928 243
28.1501 117
28.3046 227
28.5612 191
28.9045 219
29.0617 121
29.6045 183
30.5425 137
30.8711 104
30.8734 152
31.177 178
31.4145 236
31.7554 177
31.8026 169
31.9322 168
31.9661 204
32.0888 211
32.296 242
32.592 212
33.0428 223
33.1196 168
33.3119 129
33.6009 230
34.2692 194
34.361 129
34.3783 158
34.4284 233
36.0583 1
9797
8.825 162
9.2553 126
9.4475 153
9.5746 146
9.5991 145
10.158 240
10.1979 233
10.5605 120
11.1341 131
11.3895 229
11.4408 210
12.3097 189
12.4851 172
12.7332 163
13.1482 171
13.5379 119
13.6535 240
13.9689 152
14.0361 203
14.1715 161
14.2431 129
14.2612 124
14.4154 157
14.5473 169
16.8897 239
16.9303 131
17.2736 196
17.4238 156
17.4704 140
17.5839 185
18.5248 239
19.0721 134
19.429 202
19.9124 213
19.9489 148
21.2949 140
21.7466 85
21.7537 181
22.7279 115
23.5288 138
24.4435 112
25.1228 244
25.2649 106
25.8264 225
25.873 125
26.1254 178
26.7014 109
27.159 199
27.7224 108
28.2492 1706
7507
7.6535 231
8.5805 197
9.0049 219
9.3834 222
9.5421 158
11.4266 168
11.6353 127
12.6425 245
13.6087 112
14.6767 242
15.952 84
16.0061 222
16.4546 161
17.4286 119
17.8983 186
17.9032 106
17.9585 231
18.2505 152
20.1254 213
23.745 200
23.9054 181
24.4463 239
25.1509 140
25.5706 204
25.8065 122
26.3218 237
26.8806 247
26.9223 91
27.3153 84
27.4281 114
27.6635 229
28.2442 130
28.2752 92
28.8069 153
28.9053 104
28.9817 235
29.1823 180
30.1487 103
30.6607 1028
16042
8.5884 212
8.8184 179
8.8208 131
8.9473 106
9.3361 97
9.3607 172
9.533 145
9.558 106
9.9126 238
10.044 214
10.2822 160
10.4955 218
10.7873 204
11.1083 206
11.2727 89
11.7213 224
12.5163 244
12.7142 232
12.8016 161
12.9955 243
13.84 151
13.8704 248
14.2609 92
14.5264 144
14.725 226
14.7803 113
15.0394 244
15.6527 167
15.7053 243
16.0477 104
16.0992 238
16.2715 123
16.6418 194
16.9615 148
17.0385 113
17.2087 86
17.6278 193
17.8927 238
18.3196 156
18.384 200
18.5473 96
18.5829 166
18.7868 162
18.814 208
19.5703 83
19.6703 190
20.0805 99
20.5535 173
21.15 96
21.3551 194
21.6285 196
22.1222 162
22.2916 91
22.5069 244
22.7214 223
22.9224 137
22.9431 102
23.1445 214
23.1884 243
23.7979 97
23.9066 114
23.9241 139
24.2949 145
24.3195 159
24.736 186
24.7472 119
24.9673 218
25.0584 123
25.1739 244
25.1809 104
25.5915 173
25.6123 206
25.6437 229
25.736 158
26.1526 193
27.1056 114
27.1706 209
27.3022 142
27.3914 106
27.5494 150
27.551 205
28.0583 167
28.4467 124
28.6471 168
28.7418 114
28.8927 142
28.9938 225
29.1387 210
30.6833 85
30.8486 194
31.183 228
31.9059 148
31.9411 216
31.9996 241
32.0481 224
32.1593 106
32.2496 186
32.3502 139
32.4855 210
32.4872 168
32.5928 212
32.5981 184
33.428 115
33.4735 1
15096
8.2207 213
9.1176 230
9.944 141
10.0865 177
10.5278 105
10.8221 139
10.884 201
11.1437 120
11.223 222
11.3423 244
11.6896 127
11.8244 90
12.1592 173
12.5358 198
12.8426 147
13.1416 135
13.4843 124
13.5241 160
13.9562 149
14.2833 125
14.2891 195
14.459 177
15.1146 86
15.3339 156
15.5309 202
17.0098 231
17.0471 228
17.131 201
17.1525 218
17.2785 99
17.675 214
18.105 221
18.7626 123
19.1979 176
20.298 184
20.8878 105
21.162 139
21.3805 188
21.6532 144
21.8201 118
21.872 213
21.9073 100
22.1023 222
22.4156 111
22.8114 104
22.8342 133
22.8688 136
23.0704 226
23.3315 101
23.4785 144
23.5836 191
23.5881 145
23.6688 184
23.6901 238
23.7323 187
24.2017 152
24.4973 244
24.6652 211
24.7852 95
24.8813 191
24.9041 134
25.1246 93
25.2985 147
25.4275 228
25.4397 127
25.4616 118
25.538 222
25.6467 205
25.7076 113
25.8583 212
26.0021 127
26.627 247
26.911 86
27.1572 231
27.1625 192
27.2655 168
27.3297 164
27.4736 155
28.2027 112
28.3141 231
28.8986 149
29.1197 232
29.265 176
29.701 165
29.8932 182
30.1915 142
31.0076 154
31.0878 179
31.3033 158
31.326 87
31.609 121
31.9259 209
32.0444 239
32.5983 231
32.648 166
32.8976 108
32.9434 184
32.9768 173
33.3666 245
33.5148 90
33.6479 210
33.8387 139
34.3936 249
34.5769 209
34.6823 140
34.6996 246
34.9871 1
9202
6.0788 129
6.1763 125
6.3818 188
6.6137 128
7.3937 163
8.0022 178
8.9017 100
9.2175 243
9.3159 85
9.4588 219
9.8986 226
10.4028 249
10.996 174
11.5482 230
11.5883 224
11.7119 142
12.3568 143
13.3372 177
14.7335 94
15.4595 173
15.5062 186
15.6632 145
16.9593 130
17.6111 222
17.9853 125
18.8088 191
19.1197 114
19.1553 91
20.0854 175
20.2223 180
20.2592 97
20.285 235
20.4534 223
21.0161 225
21.1102 235
21.447 178
21.471 142
21.7589 132
21.8715 194
22.8042 187
22.9241 219
22.9474 156
23.009 101
23.3321 246
23.4263 160
23.5723 169
23.6516 218
24.0003 92
24.8726 123
25.628 922
5331
5.8431 85
5.9363 197
6.898 138
7.023 186
7.4578 166
8.2106 139
8.2947 170
8.4329 221
8.4953 224
8.7402 186
9.8562 241
9.8848 186
10.0288 106
10.5125 215
10.5518 147
10.5933 200
10.7159 91
11.7054 178
11.8316 203
12.581 244
13.6544 234
13.8147 84
14.463 86
17.2053 181
17.3108 161
19.6578 205
19.9082 109
21.518 121
21.8348 246
22.566 128
22.9961 189
24.0229 243
24.6278 138
24.9115 132
25.0352 100
25.1234 236
26.3191 133
26.9607 170
28.241 1
12572
4.7679 192
5.2789 145
5.7966 176
5.8475 105
5.8634 217
5.9431 203
6.2345 131
6.6295 233
6.6546 172
6.8779 247
7.0573 179
7.1545 153
7.4911 206
7.5112 231
7.6653 93
8.1615 122
8.2114 207
8.848 120
8.8978 198
9.0315 166
9.0974 103
9.1492 224
9.1944 129
9.2187 121
9.2234 122
9.5229 104
9.7237 229
9.8009 140
10.163 189
10.5016 103
10.7374 137
10.916 127
11.2856 245
12.1861 238
12.1907 174
12.5583 248
12.6853 190
13.0763 93
13.108 132
13.9393 227
14.1393 130
14.1972 125
14.2215 151
14.2218 130
14.3767 115
14.5756 146
14.6551 160
14.8192 134
15.0398 236
15.4049 198
15.4621 177
15.5364 125
15.7945 176
16.4535 194
16.5468 237
16.5495 94
16.6522 195
17.1017 155
17.2781 209
18.3019 165
18.3415 134
19.0308 96
20.2153 193
20.2515 125
20.4291 179
20.4612 150
20.4783 88
21.5764 106
21.5971 137
21.6147 241
21.7844 140
22.1282 157
22.2091 245
22.3985 185
22.4406 224
23.0985 156
23.1555 218
23.1831 110
23.2614 201
23.3304 230
23.4079 226
23.6432 101
23.7614 192
24.3354 243
24.7195 157
25.0355 137
25.1261 120
25.7609 246
25.9251 122
26.0373 185
26.253 171
26.6169 167
27.1488 156
27.4823 170
27.5554 97
27.571 154
27.6353 165
27.9806 191
28.4438 242
28.8227 121
29.5423 101
29.6553 134
30.0906 174
30.1289 1
14075
4.8897 189
5.15 234
5.5008 242
5.7427 209
6.4393 137
6.4654 138
6.7413 154
7.1821 218
7.3826 114
7.3847 96
7.6138 211
7.9096 89
8.3862 133
8.4393 108
8.565 151
8.7756 202
8.943 174
9.7942 133
9.8726 154
10.0006 241
10.0512 211
10.4449 147
10.4894 92
10.584 128
11.5248 122
11.7191 214
12.3856 162
12.5064 94
13.0409 92
13.4168 244
13.7411 187
13.792 199
15.269 217
15.338 125
15.5124 231
15.5448 245
15.585 214
15.9833 187
16.1363 84
17.1367 196
17.4284 122
18.2084 200
18.3361 164
18.7595 152
19.2763 86
19.8483 128
19.8726 188
19.9588 176
20.1823 99
20.4375 172
20.4936 88
20.6211 216
20.7099 201
20.7188 238
20.8337 243
20.9137 222
21.4117 151
21.5541 127
21.769 108
22.1548 102
22.6343 88
22.6506 207
22.6639 149
23.2113 206
23.5049 177
23.5625 170
23.6568 171
23.6989 123
23.8009 123
23.9057 118
24.0996 244
24.6382 148
24.7897 118
24.8848 196
24.8927 85
24.9015 156
25.271 182
25.8545 196
26.2687 121
26.3453 205
26.6073 208
26.8165 211
26.9117 93
26.9585 111
26.9806 199
27.6153 90
27.925 106
28.1117 88
28.3371 183
28.5316 95
28.9841 249
29.2971 205
29.9899 182
30.1767 119
30.2074 106
30.2145 93
30.283 165
30.4193 184
30.7986 157
30.92 220
31.7437 86
31.8511 223
31.9467 158
32.1124 220
32.6168 84
33.096 172
33.6131 1
6356
4.2236 107
4.9606 184
5.3397 122
5.4118 169
5.4386 210
5.5418 106
5.9394 205
6.0114 137
7.8697 170
8.0428 150
8.2276 227
8.8507 147
9.2901 118
9.7005 184
9.8506 210
10.4435 160
10.8433 200
10.9814 238
12.0345 162
12.0679 197
12.5366 248
13.3115 227
13.8564 240
14.6155 205
14.722 100
15.4581 121
15.4637 149
15.553 157
16.0982 133
16.5385 153
16.6173 87
17.4316 102
17.5531 164
17.5543 195
17.5817 109
18.9629 162
19.3866 209
20.2195 206
20.37 132
21.0874 139
21.171 165
21.5814 110
21.6423 237
22.3767 111
22.5723 125
22.8713 149
22.9157 228
23.1814 137
23.2556 168
24.6123 1
4939
6.0945 234
6.8619 104
7.635 157
7.738 183
9.2576 97
10.5932 161
11.1574 178
11.9473 229
12.0187 241
12.0358 193
12.0806 101
12.9768 124
13.3139 194
13.3959 190
13.9236 123
13.9475 175
14.2272 222
14.9027 111
14.9625 164
15.8994 201
16.0228 119
16.9606 228
17.016 123
17.3288 173
17.7768 217
18.5664 204
18.8136 188
20.9306 107
21.1509 146
21.1533 238
21.809 187
23.2635 225
23.3159 131
23.82 128
24.4813 220
25.4361 201
25.6173 88
25.7575 99
26.0014 1
11927
3.2764 189
3.8653 185
4.7424 85
5.0345 87
5.0516 93
5.5073 203
5.5994 113
5.8733 174
6.0611 172
6.33 127
7.0071 231
7.2059 136
7.2605 141
7.3304 184
7.7356 170
7.777 170
7.8019 166
8.0708 113
8.1659 183
8.3606 96
8.3968 193
8.5991 220
8.6866 221
8.7068 226
9.1056 111
9.2062 237
9.4515 153
9.7181 138
9.7384 196
9.7795 202
9.796 169
10.1643 142
10.2599 201
10.716 106
10.8539 213
10.9659 136
11.2198 229
11.4544 95
11.4858 134
11.8227 128
12.0131 108
12.1566 178
13.015 181
13.0353 111
13.3598 138
13.6238 140
14.0218 238
14.2883 183
14.4363 181
15.0102 105
15.2049 120
15.2232 177
15.5487 249
15.6236 117
15.6412 240
15.7988 129
15.8571 145
16.4064 225
16.4653 203
16.6819 198
16.8798 170
17.7368 217
18.5672 226
18.6629 168
19.1435 137
19.5649 185
19.7847 89
19.9638 203
20.2186 202
21.4079 235
21.4103 187
21.6758 96
21.8068 210
21.8327 231
22.6115 127
22.6546 140
22.6708 239
22.9119 94
22.99 225
23.219 127
23.5205 198
23.9583 196
24.721 235
24.9746 173
25.0966 248
25.2825 162
25.3362 159
25.4445 195
25.7114 85
26.1691 109
26.7867 237
26.9256 247
26.9452 153
26.9712 217
27.1202 233
27.2797 166
27.3621 133
27.5144 93
27.647 192
27.942 154
28.2035 122
28.4217 103
28.7033 175
29.4783 1
13122
4.2429 219
4.333 190
4.5117 149
4.8957 95
5.1021 241
5.5697 138
5.6575 230
6.5342 229
6.56 151
6.622 121
6.8171 175
7.1576 233
7.9966 184
8.0502 119
8.2756 208
8.4512 244
8.8592 163
8.9014 160
9.7693 155
10.9561 127
10.9734 228
11.0186 247
11.1556 216
11.389 94
11.5119 196
11.8772 180
12.0244 217
12.0651 150
12.2368 193
12.9732 102
13.4566 215
13.4679 163
13.549 94
13.5493 172
13.8574 179
14.1139 145
14.6515 211
15.0115 214
15.1852 224
15.4262 105
15.6448 161
15.9909 192
16.987 247
17.0763 219
17.0782 106
17.6118 238
17.7189 194
18.1732 220
18.1962 239
18.2519 135
18.3553 190
18.5132 146
18.7167 245
18.7778 213
19.0681 190
19.0705 174
19.0777 172
19.2792 84
19.326 183
19.4524 130
19.6891 109
19.6977 239
19.8788 172
20.3889 152
20.3993 212
20.9106 152
20.9317 88
21.145 160
21.6339 108
21.9216 211
22.5214 201
22.6266 169
22.8926 217
23.0174 135
23.0915 121
23.1763 89
23.579 94
23.6197 243
23.7601 210
23.8037 202
24.1846 103
24.9232 116
25.0501 131
25.067 239
25.4039 207
25.455 109
25.6931 214
25.9927 244
26.373 217
26.4787 95
26.632 228
26.8031 248
26.8967 240
27.0674 235
27.8848 86
28.7667 145
29.1128 194
29.5355 121
29.7441 239
30.0267 190
30.3003 145
30.5579 98
30.6595 136
30.7345 219
31.0447 143
31.2207 117
32.0041 1
6720
2.1793 166
2.7855 210
3.6186 196
3.7308 115
4.115 225
4.2505 222
4.9555 153
6.5217 115
6.5237 134
6.8581 99
7.2383 100
7.4723 246
7.6335 98
8.0168 203
8.1638 196
8.273 171
8.7685 91
8.7708 231
9.9096 130
10.38 225
10.3903 150
10.5283 197
12.022 93
12.4723 175
12.6481 93
12.9926 228
13.1417 189
13.4137 112
13.5572 137
13.5656 191
13.8664 242
13.9672 130
14.229 197
14.3099 174
14.3247 191
14.3726 148
15.24 95
15.5946 222
16.5234 94
16.5703 115
16.7896 220
17.1051 203
17.824 193
19.2317 114
19.7581 102
20.3457 91
21.1923 113
21.2322 138
21.604 239
22.035 1
4774
3.173 154
3.6693 171
3.7665 157
4.868 184
4.9302 150
6.2614 92
6.5047 216
7.6127 173
7.8351 220
8.1976 107
8.3023 163
8.9839 228
9.4397 111
10.7907 106
11.253 195
11.329 236
11.8338 229
12.2462 214
12.5286 130
13.461 144
13.8997 189
14.1598 142
14.7119 97
15.2539 235
18.1214 165
18.4155 102
18.5149 159
18.7098 226
19.5424 93
19.5909 201
20.2408 143
20.6254 201
20.6736 138
21.5163 182
21.7399 245
23.1612 227
23.3995 139
23.7704 124
24.2346 1
11141
2.5052 94
3.5657 242
3.6242 169
3.8595 160
3.9498 201
3.9775 212
4.1001 235
4.424 197
4.4741 146
4.8632 92
5.3173 152
5.8164 99
6.2146 179
6.3702 119
6.4152 223
6.9086 178
7.06 151
7.1273 195
7.2907 247
7.3074 97
7.5044 175
7.6357 221
7.6442 199
8.0366 200
8.5488 244
8.8252 233
8.8595 218
9.0275 197
9.0388 111
9.1078 167
9.1881 93
9.1992 169
9.4355 119
9.4915 104
9.5674 85
10.082 204
10.3845 219
10.7451 197
10.9226 219
11.0709 240
11.7219 196
11.9931 117
12.3879 208
12.8609 93
13.0653 220
13.4495 169
13.9804 137
14.5977 85
14.9691 160
15.1337 111
15.4438 219
16.0692 153
16.3832 248
16.8964 171
16.9865 136
17.2969 142
17.3054 121
17.383 168
17.5247 213
17.9634 115
17.984 101
18.0046 85
18.2872 149
18.289 118
18.4392 215
18.8263 146
18.8364 222
18.8927 124
19.0999 210
19.513 216
19.7171 248
19.7513 240
20.6535 158
20.6614 96
21.0932 125
21.6174 249
21.9854 117
22.8005 207
22.988 209
23.2966 107
23.7731 183
23.7793 223
23.8265 180
23.8773 176
23.9037 124
24.0834 135
24.5469 127
24.5831 163
24.7848 209
25.2879 243
25.3245 109
25.3393 209
25.4329 134
25.5271 169
25.7641 219
25.84 109
26.2177 117
26.289 124
26.7145 182
26.8432 161
27.2704 113
27.6651 220
28.3896 125
28.6399 1
11643
2.21 236
2.7933 141
3.9352 147
4.0336 142
4.0691 210
4.2354 221
4.2976 136
4.3979 247
5.5758 98
5.7368 100
6.1837 133
6.3318 95
6.4148 130
6.4522 227
6.4989 145
6.5699 222
6.6144 231
6.6684 187
6.9641 118
7.1217 94
7.1622 188
7.2173 135
7.2581 180
7.4691 196
7.6711 113
7.6925 189
7.8608 84
7.8631 188
8.3211 93
8.3594 152
8.5186 215
8.6777 94
9.0547 141
9.0782 180
9.3854 95
10.1896 116
10.2512 235
10.9925 175
11.4466 237
11.4692 201
11.9977 164
12.1353 106
12.2857 198
12.5774 171
12.6017 127
12.7839 213
12.8857 178
13.3591 235
13.3842 215
13.4532 114
14.2983 105
14.5818 158
14.99 99
15.1262 225
15.9425 201
16.3277 96
16.3567 178
17.1606 193
17.2626 247
17.35 148
17.9538 193
18.0833 181
18.1921 219
18.3226 234
18.3605 243
18.84 227
18.8794 212
19.4366 145
19.8662 137
19.9485 156
20.1165 159
20.1524 96
20.7087 118
20.8073 107
21.1521 129
21.7815 216
21.8286 99
22.3313 109
22.4315 203
22.5521 113
22.5871 154
23.1732 106
23.1752 204
23.2366 227
23.3195 149
23.5973 247
24.0921 217
24.2091 247
24.3061 248
24.5372 126
25.8448 244
25.9265 146
26.6159 116
27.1009 157
27.1095 125
27.3005 187
27.4855 197
27.6017 157
27.6024 156
28.2245 147
28.5873 160
28.7949 246
29.14 167
29.1895 156
29.4165 199
29.9872 142
31.015 1
6338
0.5569 100
1.4546 177
1.9588 231
2.8749 208
2.9233 236
3.1324 109
3.7022 183
4.2232 243
4.2623 152
4.3507 102
4.8711 125
4.9742 99
6.3343 144
6.3635 175
6.3735 223
6.4626 135
6.9685 112
7.0541 229
7.5389 114
7.8654 241
9.6732 88
9.6758 144
9.6887 130
10.1695 111
10.3172 239
10.5617 162
11.2849 216
11.4319 226
11.6702 189
11.8555 208
11.8836 242
12.3655 178
12.4158 232
12.7803 109
13.2739 225
13.349 248
14.0586 117
14.1778 198
15.1058 166
15.6051 171
15.7337 237
15.804 216
16.5329 183
16.9208 218
18.1408 136
18.1434 166
18.2325 90
18.4158 131
19.5615 141
20.4771 1
3815
1.8459 241
2.8534 172
2.9976 207
3.4852 234
3.87 196
4.6474 87
5.8056 207
6.114 210
6.4352 209
7.5293 181
8.369 237
9.1911 102
10.9447 177
13.1365 115
13.5356 138
14.3978 244
14.8494 155
15.8066 105
16.3011 215
16.6681 136
16.8533 232
16.9052 129
16.9417 124
17.3486 156
18.1115 109
18.4412 122
19.0707 171
19.1694 144
19.8874 236
19.9966 137
20.6871 168
20.8313 91
21.24 233
21.9081 88
22.2731 233
22.4377 104
22.7781 98
23.0529 216
24.5133 1
9069
0.3853 186
1.4782 162
1.6091 204
2.4307 123
2.439 231
2.8495 193
3.1276 162
3.6959 164
4.0911 223
4.3238 141
4.3347 195
4.3866 165
4.7033 204
5.1324 85
5.3105 93
5.7237 118
5.7847 234
5.8582 127
5.8667 161
6.0387 88
6.105 154
6.106 99
6.2506 137
6.3449 240
6.6307 161
6.8341 185
7.1452 242
7.1625 162
7.1629 204
7.2112 203
7.2438 87
7.4733 227
7.9057 128
8.057 238
8.1903 200
8.5193 230
8.8095 209
8.8776 229
9.1118 187
9.2327 102
9.5089 89
9.6598 197
9.6714 176
9.7633 108
10.135 179
10.1491 244
10.4081 168
10.4444 214
10.4821 208
10.5714 155
10.6121 118
11.1772 103
11.7575 93
12.1399 91
12.3368 197
12.4354 226
12.7614 215
14.0004 194
14.2144 123
14.3804 181
14.6112 218
14.7847 205
14.9913 173
15.1399 195
15.3685 245
15.9377 152
15.9544 136
16.1215 182
16.1572 132
16.2158 200
16.2328 191
16.3559 84
16.4123 190
16.5322 84
16.9649 184
17.2059 95
17.2676 220
17.4083 132
17.9042 171
18.0781 104
19.0399 145
19.2278 231
19.7811 176
19.8549 227
19.9375 199
20.2052 142
20.5981 195
21.7186 182
22.031 86
22.0325 98
22.1132 169
22.6461 198
22.7806 138
22.8309 132
23.3962 89
23.9095 200
24.4099 135
24.4447 132
25.0374 174
25.6396 147
25.8938 206
26.071 96
26.3297 145
26.4813 1
9736
0.3245 116
2.5087 119
2.8279 222
2.8331 115
2.9043 97
2.9265 174
3.8434 187
3.9152 88
3.9244 187
4.0713 108
4.1741 170
4.1752 216
4.5612 166
4.644 203
5.1884 225
5.1928 129
5.2643 131
5.2815 101
5.9588 120
5.9928 238
6.6287 143
7.1758 210
7.3568 104
7.5764 226
7.6539 229
7.8467 127
7.9202 109
8.7001 178
8.7971 112
8.9669 239
9.0627 90
9.3661 188
10.2017 132
10.7821 87
10.9073 186
11.1081 138
11.5776 245
11.8236 218
12.0542 140
12.1067 87
12.1501 89
12.637 96
13.0589 222
13.5235 122
13.6024 95
13.8188 139
13.8487 206
13.8527 182
14.3005 136
14.7264 239
15.0033 134
15.0879 95
15.6598 230
15.7811 108
15.8295 159
16.2531 226
16.9694 115
17.22 87
17.3734 103
17.3924 111
17.6856 111
17.7543 243
17.9051 86
18.0602 237
18.104 229
18.3015 140
19.0619 91
19.0635 225
19.0733 239
19.3586 173
19.5861 186
19.6297 169
19.688 84
19.9 211
20.0153 158
20.1716 128
20.2358 212
20.3238 136
21.0554 97
21.2926 114
21.6356 94
22.0665 205
22.5016 185
22.5883 152
22.7755 88
22.7987 147
22.8212 155
22.9248 137
23.0136 156
23.1797 211
23.6477 106
24.1852 140
24.3809 153
24.5499 223
24.9298 110
24.9339 233
25.0518 204
25.0867 148
25.5584 208
25.7618 133
26.5953 84
27.2 247
27.427 156
27.9985 220
29.1604 222
29.238 154
30.4313 1
4769
3.9608 226
4.1634 147
4.2548 87
4.6209 175
4.8791 137
4.9619 236
5.0891 135
5.9997 142
6.5867 164
7.2397 176
7.2543 181
7.5492 84
7.99 188
8.2709 94
8.3726 240
9.0287 124
9.2624 153
9.8349 133
10.4017 210
11.1625 84
11.4303 173
11.5721 193
11.6625 185
11.8144 211
11.8793 85
12.0699 239
12.3476 148
12.9964 241
13.6362 180
13.6725 246
13.9335 122
13.9953 98
14.109 126
15.112 173
15.1247 129
15.222 170
16.1376 146
17.8142 205
17.8234 221
18.5445 126
19.0697 239
19.2579 229
20.0436 117
20.0772 169
20.6413 89
20.9528 238
21.0326 166
21.6231 135
21.8325 136
21.9221 1
3568
2.8803 214
3.6587 100
3.8152 231
5.0648 233
6.6562 102
7.9045 178
7.9844 89
9.8108 156
11.5077 101
11.8215 248
11.8977 127
12.9362 197
13.8208 167
13.9292 193
14.1129 176
14.1542 202
14.5347 239
14.7575 185
14.7681 158
14.8755 172
15.1194 189
15.3942 201
15.6101 108
16.0705 154
16.7621 220
18.4998 233
18.5959 157
19.3671 167
20.4766 111
20.923 168
21.122 170
21.7968 134
21.9042 163
21.9934 193
22.5771 204
22.7316 113
24.5941 170
24.752 111
24.9628 1
8057
2.4845 148
2.5389 111
2.6133 198
2.6425 173
2.8122 89
2.8704 158
3.7694 236
3.8928 126
3.9847 127
4.2143 191
4.3399 234
4.6388 133
4.6646 133
4.8036 188
4.8741 136
4.8857 94
5.0409 222
5.0593 122
5.0613 233
5.2084 111
5.9603 218
6.2373 234
6.3254 227
6.4882 126
7.1049 146
7.5261 165
7.9023 154
8.5316 123
8.7476 94
9.2372 212
9.4169 143
9.5143 111
9.6051 140
9.7575 213
10.1008 161
10.848 235
11.3219 131
12.2231 113
12.4791 109
12.6526 129
13.1825 142
13.3479 201
13.5963 181
13.9566 91
14.1883 234
14.3295 142
14.4743 233
14.6046 243
14.6816 128
15.379 218
15.4023 157
15.4883 170
15.4973 150
15.5171 153
15.6722 159
16.1187 89
16.161 144
16.4549 144
16.4912 247
16.6945 228
17.6971 157
17.9036 141
17.9288 159
17.9666 137
18.093 232
18.1783 194
18.2393 165
18.6911 121
18.7574 219
19.1139 227
19.2309 215
20.1421 205
20.7228 188
21.0528 219
21.0602 180
21.8628 211
21.9411 110
22.2689 172
22.3435 87
22.3795 191
22.7657 224
22.8048 166
23.8602 179
23.8674 218
24.0524 212
24.1886 206
24.286 207
24.5178 222
25.1199 110
25.4279 182
25.4449 106
25.486 150
25.5026 97
26.1983 110
26.2329 244
26.2972 159
26.3428 211
26.4998 227
26.5318 150
26.9376 150
27.7064 100
27.9231 145
27.9599 196
28.0168 1
8151
2.5884 161
2.7425 237
2.9949 217
3.0722 152
3.3234 226
3.3302 158
3.4746 168
3.9549 165
4.1721 167
4.6114 214
4.6812 124
4.7364 100
5.0403 94
5.0839 111
5.1848 246
5.2739 113
5.3666 102
6.4312 233
7.1209 156
7.2795 172
7.3497 90
7.709 111
7.9452 93
8.0322 170
8.3224 208
8.3361 167
8.649 91
8.7355 157
8.8833 109
8.9125 86
8.9432 103
8.9671 177
9.0108 110
9.2216 232
9.4773 155
9.6426 142
9.9438 105
9.9748 170
10.6927 133
11.0119 145
11.128 201
11.6969 173
12.1549 87
12.2347 157
12.8728 114
12.9916 149
13.1067 188
13.5982 189
13.6509 151
14.5951 210
14.5957 93
14.6602 179
14.7437 91
14.9725 224
15.1212 213
15.415 215
15.5814 120
15.708 116
15.7675 105
15.8975 204
16.3588 206
16.5273 147
16.9883 182
17.0428 172
17.5263 120
17.6805 100
18.1036 138
18.9284 149
19.0907 92
19.5547 191
19.8179 131
19.9478 158
20.2062 149
20.4233 128
20.8147 124
21.0937 83
21.5284 99
21.8789 173
22.2663 150
22.3127 133
22.666 152
22.8582 114
22.8906 141
22.9895 130
23.0033 220
23.2852 96
23.9886 241
24.267 193
24.8207 104
25.1988 234
25.7199 130
26.22 153
26.7203 173
26.9128 134
27.495 107
27.5446 177
27.8296 186
27.9937 134
28.1972 116
28.4031 179
28.5084 205
28.6144 218
29.089 201
29.3796 99
29.8267 197
30.2259 171
31.2201 1
4278
3.5293 172
3.9321 119
4.9331 146
5.0022 196
5.134 233
5.4187 187
6.388 222
7.336 132
7.6455 222
7.7621 183
7.7663 128
8.6315 111
8.8697 115
8.9214 184
9.3155 158
10.8329 182
11.7902 212
11.8774 218
12.0347 235
12.1212 213
12.3837 243
13.0245 191
13.1664 169
13.5634 103
13.7509 126
14.2724 125
14.4865 208
14.8199 196
16.0028 192
16.0764 205
16.2151 227
16.8223 245
16.9152 105
17.056 183
17.3501 147
18.5596 210
18.7604 236
18.9478 168
19.1831 119
19.8831 183
20.0396 210
20.0914 147
20.1937 156
20.625 227
21.3661 242
21.6528 101
22.6214 109
22.8213 240
23.0569 140
23.1973 1
3379
3.6837 184
6.1034 149
6.2546 163
6.3705 158
7.335 124
7.8458 195
8.0273 191
8.6665 131
9.5587 190
10.0267 135
10.629 167
11.0505 247
11.0561 213
11.2809 160
12.1608 129
13.0683 89
14.9298 148
15.0075 88
15.3904 146
15.6942 177
15.7597 172
19.0715 176
19.376 106
19.9697 168
20.2312 248
20.5671 234
20.839 148
21.3622 218
21.4374 123
21.6843 177
21.7992 183
22.6111 201
22.7342 105
23.1871 85
23.4462 90
23.5269 173
24.226 87
25.4794 220
25.9637 1
7284
4.1268 138
4.4008 90
4.5734 166
4.6993 246
5.2974 244
5.4845 197
6.1075 115
6.4333 221
6.6965 239
6.9092 206
6.9574 166
7.0196 118
7.2204 110
7.2469 113
7.5409 124
7.9636 245
8.2527 221
8.73 175
8.8727 205
8.9054 242
8.9989 172
9.0204 191
9.6754 87
9.9951 184
10.2073 167
10.4121 132
10.7996 227
11.9896 159
12.0819 213
12.1046 133
12.108 129
12.3158 182
12.8127 197
12.9797 228
13.1057 182
13.1224 204
13.1333 182
13.3862 177
13.9467 238
13.9575 89
14.1177 171
14.4417 114
14.5745 200
14.6246 232
14.6471 118
14.7472 149
14.8638 189
14.9683 227
15.0296 178
15.083 238
16.1917 141
16.2583 101
16.6035 122
16.7383 208
16.8354 188
16.9829 209
17.1599 236
17.2634 139
17.3007 102
17.3027 217
17.7749 107
17.8953 203
18.1148 94
18.3517 174
18.4792 84
18.4946 97
18.5014 184
19.0949 247
19.1857 166
19.6623 112
19.6684 119
19.7988 110
20.0171 88
20.9846 117
20.9907 180
21.0016 237
21.2791 142
21.5674 209
21.6206 111
21.9236 182
22.0811 106
22.2225 103
22.6274 236
22.9561 88
24.3058 152
24.3803 87
24.7758 213
24.8135 115
25.0195 137
25.021 207
25.1259 231
25.3786 201
25.7449 181
25.8085 118
26.2654 182
26.268 201
26.5385 198
27.4876 192
27.6531 199
27.6921 194
28.1042 223
28.9637 237
29.2776 199
29.9297 1
9125
3.7385 244
4.3312 160
4.6408 152
5.0421 91
5.077 90
5.4517 102
5.5144 199
5.6346 172
5.9037 128
6.112 204
6.1819 162
6.2359 207
6.4624 137
6.5951 183
6.7061 154
6.9301 125
7.2133 199
7.2988 224
7.4387 214
7.5192 203
7.7372 151
7.7458 145
7.8037 236
7.8119 140
8.0228 141
8.2049 114
8.2158 194
8.3363 121
8.9093 165
9.037 221
9.878 167
9.9963 237
10.3703 154
10.8082 206
10.8334 101
10.9981 185
11.1435 101
11.5143 238
11.5836 107
12.0865 170
12.3203 85
12.449 235
12.6715 183
12.9882 110
13.1318 187
14.1398 157
14.1605 144
14.2806 94
14.4327 108
15.4033 87
15.8335 101
16.0097 99
16.0592 104
16.2264 117
16.2678 165
16.6852 234
17.0049 242
17.0628 130
18.7537 183
19.8389 103
20.2522 112
20.3661 86
20.6027 164
20.8335 122
20.8422 249
20.8679 141
20.8752 201
20.9639 201
21.0199 215
21.1306 235
21.5378 154
22.531 105
22.6925 122
22.7135 219
22.9461 157
22.9653 216
23.1672 147
23.2542 225
23.622 101
23.6773 94
23.8023 117
23.9923 152
24.4477 216
24.7397 122
25.0244 236
25.1704 190
25.6819 195
25.78 159
25.9147 111
26.221 220
26.4314 224
26.5143 209
26.5926 231
26.6738 221
26.8397 221
26.8726 140
27.4082 116
27.77 160
28.3219 131
28.856 95
29.3229 188
29.468 199
30.4288 128
31.2489 134
31.2906 237
31.5682 241
31.9421 1
7565
5.1736 153
5.3491 248
5.4443 159
5.5492 95
5.7979 229
6.2543 140
7.3798 97
7.467 222
7.6613 211
7.7236 191
8.0117 136
8.1234 186
8.2194 198
8.3268 96
8.5562 97
8.9497 130
8.9743 154
9.26 140
10.6195 135
10.8063 218
10.8301 222
11.7075 90
11.9903 106
12.4728 207
13.3307 210
13.4799 104
13.6718 193
14.2755 156
14.3548 229
15.0418 143
15.1019 91
15.9879 209
16.3897 232
16.7719 220
17.4194 117
17.9496 140
17.9565 218
17.9599 142
18.6606 205
20.7388 89
20.9812 92
21.0229 87
21.1475 208
21.2927 236
21.82 198
22.0339 121
22.2523 122
22.6612 225
23.2267 162
23.3438 1
4352
4.3953 88
5.5104 178
6.4095 141
7.2597 196
7.2895 215
8.8198 173
9.5065 120
11.2702 180
11.4062 240
11.6112 208
12.1318 203
12.1365 196
12.7538 237
13.5487 232
13.5513 237
13.8953 133
13.9824 218
14.7299 215
15.4335 133
15.4527 102
17.0469 238
17.8564 234
17.8612 101
18.551 131
18.8101 245
19.6518 84
19.6698 167
19.9698 244
20.3187 101
20.765 121
22.306 136
22.4503 187
22.8096 166
22.9073 228
23.5592 111
24.0835 177
25.842 207
27.0246 174
27.1481 1
9694
3.1088 143
4.6222 215
5.0335 159
5.1363 134
5.1732 150
5.607 89
5.8124 243
6.1152 188
6.2302 104
6.4613 208
6.8489 194
7.0381 164
7.7824 143
8.2532 232
8.3866 158
9.219 94
9.2637 126
9.3477 113
9.8931 183
10.2001 189
10.2705 91
10.392 207
10.4063 87
10.457 226
11.313 151
11.614 173
11.8232 85
12.0719 96
12.3009 202
12.3256 226
12.5685 141
13.0953 109
13.1766 187
13.5209 225
13.811 174
14.2343 153
14.7648 89
14.8966 93
15.0915 203
15.6044 146
15.6588 232
15.8082 243
16.117 107
16.1552 210
16.177 241
16.2274 193
16.2634 180
16.2984 223
16.4006 175
17.2429 99
17.3945 205
17.5865 146
17.6424 172
17.7426 122
17.8036 181
17.8223 132
18.1548 222
18.364 178
18.8017 154
19.293 152
19.3309 148
19.5591 190
19.6389 86
19.7136 247
19.7729 218
20.4403 140
20.7317 158
20.9268 232
20.968 139
21.1698 109
21.5358 228
22.0055 130
22.0107 169
22.2793 195
22.3715 161
22.5124 85
22.6706 188
22.7223 85
22.8619 106
23.5522 233
23.7196 98
23.7708 239
23.7758 146
24.0415 84
24.2891 231
24.3761 241
24.6375 143
24.6512 137
25.8298 104
25.8379 157
26.265 167
26.4671 117
26.8116 190
26.8331 248
26.9895 191
27.3798 108
27.4391 237
27.4462 112
27.5416 94
28.4054 119
28.7176 204
29.2217 216
29.6165 234
30.2784 1
12783
4.1514 84
4.3659 237
4.7858 242
5.0438 158
5.1071 98
5.5668 164
5.7841 239
5.8924 127
6.0957 87
6.4561 236
6.5283 154
7.3776 151
7.4352 229
7.8638 169
7.9687 227
8.0196 93
8.0442 172
8.1022 183
8.4385 149
8.5326 217
8.6732 156
9.0753 154
9.0972 87
9.8784 153
10.2163 114
10.3322 195
10.8797 198
10.9087 117
11.1837 103
12.1197 174
12.406 192
12.571 247
12.6583 163
12.7567 151
12.9697 125
12.9704 135
12.9823 163
13.081 167
13.3629 191
13.7921 236
13.8705 182
14.3152 240
14.3905 157
14.9055 183
14.9719 98
15.244 118
15.2566 100
15.5183 157
16.034 212
16.1614 149
16.4847 128
16.503 201
16.5312 187
17.0056 166
17.2662 90
17.5895 142
17.5948 228
18.0213 92
18.1231 95
18.1303 89
18.3631 170
19.1819 186
19.3384 214
19.4652 143
20.1324 115
20.5509 190
20.592 247
20.761 84
20.9875 219
21.343 122
22.1615 235
22.259 220
22.3123 148
22.821 239
22.9232 145
23.0395 183
23.234 159
23.2383 215
23.6746 152
23.752 126
23.9149 110
24.0024 127
24.3506 213
24.589 126
25.3293 84
25.6106 181
26.0165 169
26.1172 91
26.1897 150
26.9283 238
26.933 237
26.9417 105
27.064 174
27.3147 100
27.9471 108
28.0522 118
28.0677 90
28.3656 213
28.4866 136
28.9852 232
29.4108 136
29.9027 128
30.023 193
31.0548 110
31.2114 227
31.9158 231
32.3562 1
8510
5.2363 205
5.307 162
6.0104 191
6.5521 197
6.7428 241
6.7447 237
6.9016 243
7.5445 180
8.4078 98
8.5207 214
8.7823 121
9.6094 121
10.1795 244
10.4742 165
11.0126 247
11.252 201
11.7147 103
12.4254 246
13.4141 97
13.6091 127
13.7264 212
13.9245 150
14.0273 129
14.6564 217
14.7667 157
14.8918 158
15.5371 130
16.7971 194
17.1372 139
17.9924 238
18.004 223
18.4727 165
18.6579 228
19.4124 154
19.8037 229
20.0138 207
20.77 229
21.1444 162
22.2982 199
22.3372 88
22.4164 212
22.5937 88
22.7563 172
22.8423 84
22.8957 150
22.9044 92
23.7539 144
24.0471 126
24.6558 110
25.4066 85
7277
5.1265 123
6.0053 102
6.1647 163
6.3041 233
7.0798 91
7.7127 215
8.1423 91
8.3295 219
8.7034 199
9.4775 247
11.4086 156
14.2034 242
14.4771 90
15.0794 218
15.5181 149
15.5936 143
15.8371 203
15.904 147
16.859 111
17.0508 145
17.0935 94
18.2018 206
18.2394 154
19.144 132
19.3307 220
19.4625 112
19.7924 229
20.0767 132
20.1417 147
20.1662 248
20.9752 112
21.3979 237
22.4009 119
22.4228 220
23.7838 188
23.9573 245
25.3947 124
25.7978 220
27.0735 852
15745
5.9873 155
6.2871 243
6.5042 201
6.8357 236
6.8882 200
6.9238 135
7.0335 181
7.2732 102
7.6489 123
8.6253 166
8.741 146
8.8962 123
8.975 219
8.9885 101
9.0228 206
9.2658 125
9.4675 197
9.5931 203
9.6197 177
10.0378 235
10.1133 187
10.3364 188
10.4067 188
10.5972 112
10.841 239
10.8716 96
10.9285 203
11.0869 186
11.2519 103
11.5149 122
11.5826 99
11.6987 113
12.0695 185
12.2359 112
12.5401 195
12.9716 132
12.9965 161
13.2698 242
13.2726 199
13.7593 241
13.9057 121
14.3155 192
14.3352 115
14.6277 212
14.7095 187
14.8181 110
14.893 246
15.4106 184
15.5191 152
15.534 188
15.6366 214
15.8411 162
15.9282 182
16.049 87
16.3101 228
16.8346 152
17.1066 89
17.269 197
17.2927 237
17.7156 163
17.9481 174
18.2234 168
18.447 245
18.5818 248
18.784 234
18.8935 136
18.9034 170
18.945 145
19.1986 242
19.2404 96
19.4639 245
19.5825 163
19.6103 232
20.6503 248
21.3135 179
22.1787 172
22.2145 224
22.3147 199
22.453 153
22.5454 160
23.4399 200
23.4576 113
23.9015 138
23.929 101
24.4208 134
24.5038 102
24.9337 120
25.0624 158
25.1258 89
25.8151 175
25.9906 197
26.0477 174
26.5176 95
26.8417 162
27.0609 88
28.0344 187
28.1788 132
28.2374 108
28.7534 110
28.8421 212
29.0053 170
29.392 125
29.8306 172
30.3873 1
15355
5.0743 100
5.2095 168
5.7588 162
5.7641 138
5.887 247
6.6617 126
6.8905 153
7.3998 129
7.4015 181
7.6167 83
7.9902 203
8.2486 109
8.5397 203
8.6679 117
8.7162 116
8.7662 154
8.8459 85
8.9351 238
9.0255 109
9.4508 84
9.9805 164
10.1713 100
10.4187 112
11.6819 177
12.206 97
12.7204 111
12.9954 112
13.1518 149
13.282 240
13.3082 180
13.6135 128
13.6781 221
13.8933 128
13.9833 208
14.5762 235
14.641 194
14.9203 188
15.122 205
15.7107 133
15.8665 186
16.9023 136
17.0856 220
17.3223 113
17.8467 226
18.0138 88
18.0581 105
18.0667 106
18.1098 171
18.1249 100
18.1973 194
18.4643 203
18.5194 218
18.5276 169
19.2629 185
19.5341 157
19.5709 101
20.5186 184
20.6304 142
20.84 145
21.071 238
21.2185 249
21.4253 213
21.9974 97
22.2178 158
22.4258 105
22.7192 196
22.883 101
23.2374 150
23.4631 134
23.9217 209
24.0081 242
24.1904 86
24.2786 176
24.3231 141
24.3323 134
25.1014 190
25.3963 203
25.468 202
25.5692 240
25.8134 192
25.9852 212
26.0276 166
26.5346 106
26.7251 125
26.9033 119
26.9634 189
27.1313 229
27.6847 146
28.1829 200
28.2747 218
28.5159 225
28.6071 164
28.6196 112
28.7858 218
28.8726 132
28.993 118
29.0699 216
29.1203 114
29.1996 212
29.5263 166
30.1038 193
30.4153 201
30.482 152
30.6225 126
30.6491 168
30.8332 84
32.1811 1
8879
8.1424 172
8.2931 199
9.6591 191
9.6773 169
9.9891 96
10.0109 248
10.4901 108
10.9394 146
11.376 102
12.2993 223
12.8441 123
12.9435 86
13.4387 132
13.6012 108
13.645 142
13.9507 201
14.2566 94
14.4388 191
14.5512 97
15.0396 148
15.3733 224
15.9694 183
16.1145 118
16.1849 87
16.8146 116
17.0242 129
17.1028 141
17.5952 164
17.8626 114
18.6408 129
19.1502 210
19.6084 219
19.9113 212
20.0686 179
20.2656 144
20.4005 117
22.7499 183
22.8505 165
23.8067 138
23.9355 187
25.4937 211
26.0162 238
26.4475 245
26.6443 165
26.6586 215
26.8156 187
27.2111 131
27.6266 172
27.8509 199
28.0785 982
6135
8.2256 87
8.2604 167
8.6078 215
9.369 178
10.1823 110
10.2299 193
10.5892 187
10.8647 152
10.8773 93
12.4214 184
12.7598 171
13.0861 235
13.5784 172
16.073 136
16.4235 145
16.6822 147
17.4975 178
17.55 167
18.0852 244
18.9442 143
19.068 183
19.3265 180
21.4402 198
21.9567 103
23.2884 120
23.7394 90
24.357 148
24.7125 129
25.0381 239
25.8047 220
26.495 134
26.8604 199
27.0982 134
27.1663 117
28.2497 172
28.539 153
28.8747 167
30.1714 154
31.0384 1
15729
8.184 84
8.5288 133
8.9822 185
9.2275 165
9.5761 156
10.4208 157
10.6262 162
10.8462 220
11.0803 117
11.0894 117
11.5719 208
11.6881 236
12.11 171
12.2263 186
12.2586 110
12.2763 145
13.172 85
13.2652 163
13.3413 180
13.5369 247
13.8536 176
14.0976 190
14.238 169
14.5068 201
14.5633 208
14.7173 137
15.2146 189
15.395 131
15.397 97
15.5786 141
15.6692 91
15.8879 104
15.9783 200
16.096 234
16.3094 176
17.3231 94
17.4659 205
17.5043 117
17.7855 180
17.857 100
17.8709 144
18.0056 127
18.1209 233
18.18 123
18.6749 232
18.7429 130
18.8854 115
19.2793 116
19.3718 179
19.6033 96
19.8408 242
20.1579 175
20.2686 106
20.332 125
20.661 224
20.722 110
20.8986 120
20.9304 146
21.371 205
21.6041 218
21.652 119
21.6832 175
21.6935 243
22.0389 247
22.2111 99
22.5082 182
22.5915 133
22.7511 166
22.8837 223
22.9978 100
23.1495 85
23.4936 84
23.6648 111
23.726 164
23.7425 88
23.8137 136
24.107 203
26.6314 134
26.6648 185
26.6841 95
26.9756 181
27.3891 126
27.6824 239
27.6887 193
27.7229 114
27.8228 178
28.0818 169
28.7597 248
29.0366 107
29.3976 236
29.8818 125
30.1149 224
30.2588 149
30.3726 216
31.4652 136
31.96 206
32.0028 117
32.2411 169
32.5867 103
32.8156 248
32.9511 120
33.0095 85
33.3148 152
33.8583 1
16931
7.8304 158
8.4751 211
8.5926 165
8.9315 209
8.9409 217
9.0257 134
9.2693 170
9.3358 165
9.4415 210
9.4973 113
9.9686 198
10.0247 92
10.5037 121
10.9243 237
11.0311 88
11.6281 193
11.7188 114
11.8098 87
12.005 232
12.0749 184
12.8854 102
13.3091 161
13.429 111
13.9252 151
14.5186 181
14.7665 218
15.2085 104
15.281 103
15.8986 88
16.5473 171
16.6388 142
16.8853 200
16.9456 162
17.1892 197
17.3747 163
19.0637 119
19.1274 128
19.1779 194
19.2297 152
19.4083 116
19.7843 215
19.9774 197
20.0847 246
20.1771 229
20.1899 156
20.2785 141
20.2826 165
20.5155 110
20.9253 180
21.3965 210
21.4641 85
21.6377 176
21.8102 164
22.0611 150
22.5234 221
23.0722 241
23.2477 242
23.4442 86
23.6616 239
24.0938 139
24.3353 118
24.3714 245
24.5136 230
24.5233 208
24.5921 203
24.784 227
25.1636 208
25.995 195
26.2234 246
26.3389 88
26.5705 99
26.8611 177
26.9786 94
27.2952 147
27.4105 196
27.7205 119
27.7883 191
28.2667 99
28.3956 167
28.6965 223
28.946 204
29.0901 119
29.1722 102
29.3002 159
29.3284 110
29.5222 85
30.7011 195
31.6854 142
31.7181 207
31.8093 165
31.9797 134
32.1572 207
32.7132 143
32.7278 169
32.9407 206
33.3115 172
33.4021 138
33.633 210
33.6435 91
34.1057 190
34.1245 116
34.3757 229
34.5521 145
34.6813 132
35.117 207
35.4297 237
35.9201 1
10264
9.7892 229
9.9777 85
10.0535 113
10.8681 249
11.3232 164
11.4516 106
11.8606 222
12.0668 102
12.4529 211
14.0969 201
14.6014 134
14.7613 127
14.9355 211
15.9459 133
16.0884 144
16.864 233
17.6069 205
17.6572 143
18.4982 237
19.2831 242
19.6146 108
19.8151 230
19.889 240
20.1419 140
20.2 131
20.5045 235
20.5448 211
20.94 104
21.1355 178
23.0885 243
23.7782 179
23.8315 133
24.0064 96
24.2294 119
24.332 249
24.3377 133
24.3399 149
24.7477 131
24.9643 168
25.5004 141
25.777 221
26.0079 147
26.606 164
26.798 153
26.8311 152
27.2149 216
27.6288 109
27.9569 178
28.0062 180
29.0245 1936
7556
10.5511 236
11.1471 107
11.3926 221
11.9959 162
13.3628 181
13.7879 140
13.885 145
14.1746 193
14.2105 211
14.3257 129
15.1161 170
15.1532 247
16.2214 108
16.6391 136
17.0283 131
17.6475 185
17.699 90
18.2172 125
18.3349 233
18.5467 218
20.2096 204
21.9226 147
22.307 113
22.7635 201
22.961 200
23.2367 154
24.2433 230
25.2052 220
25.8338 232
25.8375 157
26.2028 90
26.2773 189
26.347 198
27.3308 189
28.4482 187
28.7877 155
29.282 83
30.903 244
31.3502 996
13859
9.1066 236
9.8871 215
10.4378 225
10.8037 160
11.4073 102
12.037 113
12.1185 172
12.1642 152
12.1766 165
12.3191 241
12.5839 103
12.9295 198
13.3349 157
13.3672 147
14.2514 100
14.2517 128
14.4037 190
14.4063 155
14.4208 189
14.7515 200
14.888 120
15.0893 152
15.1272 174
15.1374 144
15.1601 179
15.4263 182
15.6167 205
15.8534 193
15.9986 89
16.1065 138
16.4361 181
16.862 94
16.9605 187
17.084 235
17.0936 217
17.6628 128
18.043 196
18.1998 164
18.243 127
18.3083 102
18.6649 242
18.6793 188
18.6832 227
18.8143 135
18.9552 172
19.0201 243
19.3283 140
19.3558 110
20.2526 185
20.4016 106
20.4166 94
20.7205 243
20.8262 205
20.8806 196
21.0124 152
21.0854 243
21.092 121
21.2027 213
21.2717 90
21.3237 233
21.9602 89
22.3543 238
22.4449 164
22.5811 120
22.7726 191
23.3469 163
23.5319 85
23.637 172
23.8321 161
24.1903 131
24.4234 228
24.8379 158
24.9456 235
25.0458 232
25.329 168
25.3909 126
25.709 180
25.9858 228
26.0542 224
26.1717 209
27.5012 166
27.7123 142
27.9883 97
28.0461 158
28.1678 200
28.3311 158
28.422 169
29.1448 127
29.8398 188
30.1594 83
30.1797 127
30.3951 127
30.4652 245
30.9643 130
31.0183 173
31.6287 92
31.6697 109
31.8336 183
31.9849 116
32.5266 192
32.7034 100
32.7134 203
33.2093 152
33.8291 1
15219
9.8038 247
9.8985 85
10.2079 226
10.2258 187
10.3254 91
10.8874 187
10.9973 231
11.5506 182
11.7348 96
11.7455 98
12.4893 161
12.5071 222
12.7253 205
13.0464 143
13.4943 108
13.8939 212
14.6149 197
15.0624 206
15.1622 168
15.321 165
15.3709 123
15.6074 168
15.8544 131
15.9948 163
16.2397 205
16.5109 209
16.6784 107
17.0855 152
17.5382 137
17.6645 241
18.0169 91
18.3519 241
18.4139 110
18.6953 245
18.8128 219
19.2897 161
19.5333 99
20.6028 192
20.8435 133
21.3143 223
21.3458 206
21.3906 85
21.4898 190
21.5726 230
21.7207 131
21.9449 119
22.1914 98
22.3071 86
22.3284 223
22.881 166
22.9522 221
23.3343 122
23.4195 227
23.4458 232
23.9716 97
24.2356 204
24.3026 116
24.4141 91
24.5813 230
24.7255 130
24.7916 242
24.9749 246
25.0726 230
25.0976 99
25.1618 164
25.2885 224
25.5553 118
25.7715 201
26.528 204
26.788 248
27.0833 202
27.4176 193
27.9951 155
28.0571 212
28.1926 139
28.2088 187
28.5456 232
29.344 125
29.7677 210
29.8296 235
30.0813 141
30.2424 97
30.3758 209
30.952 137
31.5298 234
31.7505 212
31.824 109
32.5573 220
32.8333 106
34.2 141
34.6154 234
34.8086 232
34.8499 222
35.0538 191
35.2365 130
35.696 244
35.8445 247
35.8668 112
35.984 131
36.029 209
36.2729 238
36.4376 215
36.5103 112
36.9442 129
37.0669 155
37.404 173
37.5984 1
8338
10.2692 175
10.3809 195
11.0889 229
11.4083 235
14.0109 104
14.0112 242
14.5869 240
14.7793 102
15.1295 145
16.0659 113
16.4572 228
16.5804 137
16.7225 125
16.7304 126
17.1225 148
17.7796 195
17.8149 100
18.5566 228
18.8279 152
18.9731 176
19.0647 248
19.133 224
19.6505 110
20.1644 172
20.3946 175
20.5476 112
20.8088 121
21.0733 239
21.261 166
22.0612 145
22.201 192
22.396 188
23.3012 90
24.1221 160
24.1375 218
24.1498 236
24.6503 83
24.654 119
25.4963 247
25.7492 235
25.884 98
26.0478 168
26.1049 242
27.0655 201
27.0731 205
27.7644 235
28.16 223
28.2588 178
28.4789 148
29.2007 1
6713
9.6961 86
11.0257 110
11.868 140
12.0324 181
12.6592 187
12.9806 197
13.1274 213
13.4699 153
14.313 92
14.8245 221
16.6406 192
16.6789 222
17.0967 100
17.4359 161
18.1333 133
18.9033 201
19.256 236
20.3511 91
21.4399 103
21.8393 155
21.9312 132
22.6099 197
23.3546 140
23.54 139
23.783 216
24.0181 215
24.1432 113
24.196 122
25.7793 113
25.9539 145
27.2814 220
27.9798 106
28.6498 140
29.0838 102
29.1726 220
30.3967 101
30.5045 195
31.0291 127
31.6738 797
16609
9.7957 134
9.9326 102
10.1343 106
10.3948 193
10.6546 87
11.1843 230
11.6383 171
11.8242 157
12.1346 201
12.2596 203
12.3876 216
12.5252 219
12.8801 115
13.3827 161
13.7419 223
13.8497 113
13.8924 161
13.9565 229
14.4946 228
14.5392 144
15.0188 156
15.3858 199
15.4188 162
15.5289 117
15.9559 126
16.6318 104
16.8047 236
16.8083 234
17.006 115
17.1134 122
17.3668 122
17.4886 129
17.7675 179
17.8146 136
18.6656 118
18.7375 99
19.0924 98
19.3228 91
19.4911 157
19.6501 186
19.716 246
20.036 149
20.1247 169
20.4712 186
20.5522 170
20.7843 105
20.8569 120
21.0417 235
21.5424 136
21.8929 210
21.9707 92
22.2057 129
22.5409 249
23.2096 170
23.3171 196
23.3442 119
23.3503 177
23.744 172
23.7965 108
23.9641 214
24.4483 89
24.5153 186
24.6828 114
24.9225 187
25.2632 187
25.3699 208
25.5091 189
25.5151 232
25.9707 224
26.728 200
26.8567 194
27.8014 167
27.9878 202
28.0641 128
28.5357 182
28.5524 98
28.5974 135
28.8968 131
29.2468 95
29.2602 91
29.2853 174
29.3455 191
29.7723 219
29.8705 88
29.9542 150
30.2713 152
30.5389 235
30.6205 247
30.6283 228
30.8419 244
30.8987 234
30.9571 188
31.0116 210
31.0745 119
31.4879 248
31.6376 167
31.8578 161
32.2742 114
32.3586 134
32.8252 227
34.0235 228
34.3527 98
34.5955 86
34.9391 1
15652
9.3351 241
10.0844 234
10.248 203
10.5682 240
10.6837 108
10.8305 219
11.1375 127
11.1869 114
12.2155 223
12.7746 245
13.4475 133
13.6001 195
13.7773 186
14.3075 138
14.3206 128
15.3458 150
15.3607 172
15.6955 105
15.7444 226
16.3692 241
16.401 185
17.0846 216
17.2057 138
17.3098 116
17.4479 195
17.5701 178
17.8738 196
18.6618 222
18.8582 189
19.238 237
19.74 184
19.754 158
19.7994 104
19.8708 115
20.0917 135
20.6729 190
20.7695 151
21.4531 135
21.605 142
22.302 142
22.4589 218
22.7403 236
22.8698 98
22.9945 120
23.0853 213
23.4622 189
23.6546 232
23.9083 229
24.07 171
24.1057 141
24.3548 214
24.3584 129
24.4149 127
24.4781 92
24.8131 118
25.1851 153
25.7209 184
26.0533 131
26.4299 114
26.5781 219
26.6194 100
26.6208 213
26.8941 213
26.987 96
27.1437 111
27.2045 194
27.7986 243
27.9852 210
28.1462 232
28.7658 108
28.7748 103
29.0998 182
29.296 131
29.4614 141
30.2306 111
30.7311 95
30.9097 127
31.2691 115
31.3321 207
31.4581 142
31.7188 216
31.8195 137
32.0697 128
32.3774 215
32.4363 154
33.1566 113
33.2298 111
33.4487 160
33.5324 197
33.7295 181
33.9246 146
33.9434 84
34.1713 225
34.2069 129
34.4136 192
35.0695 87
35.2635 207
35.3198 174
35.3828 132
35.3873 158
35.4445 131
35.6192 159
35.7235 198
35.9824 105
36.0386 168
36.0445 207
37.1226 1
8527
10.5204 106
10.6447 153
10.7516 102
10.8088 182
11.0082 205
11.111 204
11.6721 223
11.7229 156
11.9572 195
12.378 221
12.452 115
12.4655 226
13.3388 135
13.8798 121
13.8906 171
14.2934 245
14.3044 245
15.8524 238
17.1323 162
17.2149 157
17.8167 147
18.2247 118
19.2889 166
19.5827 123
19.7369 100
19.7732 130
20.0916 83
20.4685 232
20.4892 182
21.2961 165
21.3579 150
21.7364 182
22.7756 175
23.4985 225
24.2795 185
25.0077 239
25.0913 171
25.7315 91
25.9533 195
26.1837 123
26.7097 84
27.4733 127
27.479 100
27.6335 126
27.7514 174
28.5652 172
28.5663 154
28.8038 160
29.6479 188
29.743 499
6677
9.381 166
11.151 218
11.5562 111
13.1706 94
13.1973 84
13.6303 146
13.9724 217
14.5709 131
14.7105 243
14.7229 207
14.7325 237
16.0996 141
16.4816 117
17.1268 220
17.1823 220
17.4952 175
18.544 156
19.0722 194
19.635 143
19.7778 133
19.9181 242
20.6541 177
21.4562 169
22.8841 166
23.5267 189
23.539 126
24.1564 144
24.6659 227
25.4134 114
25.451 218
25.5611 87
26.2095 222
26.29 153
26.3387 122
27.1429 217
27.4427 249
28.6346 130
30.375 227
30.4269 146
15672
9.8682 224
10.0017 125
10.6877 187
10.7659 207
11.5448 115
11.5654 92
11.5816 176
11.8719 183
11.9568 138
11.9961 134
12.0689 192
12.3979 244
12.4872 121
12.7395 148
12.9984 139
13.0963 211
13.2688 156
13.3117 168
13.4483 237
13.814 216
13.886 140
14.5592 113
14.7693 240
14.8432 108
14.9259 173
15.1586 100
15.204 171
15.218 157
15.3634 120
15.4121 132
15.4652 215
15.6596 114
15.7441 232
15.7505 122
15.7672 213
16.5967 187
16.6313 135
17.3226 242
18.6271 105
18.7566 111
19.2602 175
19.4063 125
19.4303 203
19.6539 102
19.7626 142
19.8092 130
20.0131 221
20.3599 184
20.3726 110
20.441 230
20.475 107
20.5429 150
20.6883 156
20.7044 196
21.1259 161
21.4637 84
21.5949 198
22.2278 224
22.4021 98
22.778 230
22.8216 94
23.2253 227
23.2496 181
24.1679 184
24.2893 117
24.4806 215
24.7752 167
25.0544 194
25.0734 140
25.3391 166
25.695 94
25.7358 191
26.2647 107
26.3397 242
26.9061 168
27.2275 234
27.6636 101
27.8076 210
27.8407 217
27.8722 164
27.9887 153
28.0378 157
28.114 110
28.182 194
29.3141 121
29.8649 235
30.0258 151
30.3117 202
30.7839 83
30.8006 235
31.182 161
32.1864 202
32.3637 241
32.6707 109
32.8266 87
32.8365 213
32.8931 228
32.9423 148
33.436 191
33.4441 89
33.9304 116
34.0062 96
34.4569 113
34.6264 1
13345
10.1649 143
10.7828 176
11.1182 96
11.287 135
11.4013 173
11.4144 118
11.4968 178
11.8999 90
11.9397 196
12.2883 168
12.3819 213
12.4679 132
12.6862 153
12.7023 185
13.1249 167
13.7784 101
13.7982 218
14.0592 159
14.2129 158
14.3357 212
14.3919 88
14.8665 121
14.942 171
15.0592 215
15.1013 159
15.1737 192
15.2535 175
16.0407 124
16.0758 104
16.3793 231
16.4968 205
17.1846 238
17.5966 220
19.4052 179
19.6854 198
20.0688 173
20.4034 211
20.8349 226
20.9475 248
21.4869 223
21.6842 112
22.0615 161
22.2419 209
22.2668 186
22.342 189
22.4109 187
22.7229 115
22.8334 211
24.5886 110
24.6169 99
24.741 136
24.8128 98
24.9366 103
25.1012 242
25.1224 202
25.2089 248
25.2262 212
25.4817 240
25.9477 112
26.0779 192
26.1481 148
26.3169 117
26.5597 141
27.205 237
27.5786 245
27.6428 99
27.8616 173
28.5737 104
28.5853 85
28.752 142
29.2639 162
29.5609 86
29.5736 120
30.0559 241
30.3252 123
30.6986 137
30.7461 110
30.8172 231
30.8953 211
30.9647 190
31.1186 144
31.704 192
31.8472 209
32.1608 141
32.3233 146
32.9002 155
33.2834 225
33.4104 146
33.4649 99
33.6776 160
33.9805 232
34.42 160
34.4677 234
34.5992 107
35.167 228
35.4578 233
35.5333 246
35.7393 212
35.7749 187
35.9399 159
36.0537 98
36.2647 129
36.3193 131
36.4106 128
36.478 188
36.7008 198
36.7322 1
7681
10.7709 84
11.2058 223
11.3861 104
11.8303 209
12.1884 210
12.5887 211
13.2986 188
14.1037 151
14.1066 91
14.2617 175
14.8366 112
14.9665 100
15.0622 133
15.2594 209
15.4694 167
15.6568 189
16.5457 145
16.6323 199
17.1125 238
17.4154 228
17.7666 91
17.7825 113
18.5791 112
19.1016 148
19.1494 87
19.7443 122
21.6265 176
22.2226 131
22.2453 141
22.602 200
22.6776 102
23.1665 138
23.3937 176
23.4514 186
23.5498 218
23.7524 108
23.9949 225
24.2374 245
24.3822 94
24.4959 113
24.9589 209
25.4866 173
25.787 165
26.0485 150
26.4405 246
27.7717 163
27.8028 212
28.0981 167
28.46 99
29.5581 1
5673
10.0869 120
10.9174 154
10.9527 161
11.9415 145
12.7307 119
13.6579 205
13.8074 221
14.3872 193
14.3974 94
14.7624 211
15.0843 237
15.9162 150
15.9564 86
16.5917 145
18.0614 233
18.7482 158
19.0832 116
19.3896 189
19.7226 248
19.9934 237
21.3875 91
22.3346 234
23.6052 208
24.1151 139
24.1807 107
24.5291 161
25.1139 195
25.5557 206
27.267 156
27.6629 88
27.6751 157
27.9563 135
28.7163 173
28.9258 244
30.1558 228
30.9493 224
31.4263 87
31.9804 103
31.9944 1
13343
9.3743 108
9.5525 130
9.7119 229
10.0713 176
10.6301 198
11.0197 183
11.1222 178
11.142 248
11.7719 205
11.9486 92
12.0475 134
12.1249 125
12.1599 249
12.3464 162
12.3492 95
12.5206 86
12.5762 208
13.0916 133
13.4191 164
13.8149 88
13.8412 137
14.0281 168
14.5213 193
14.6744 157
14.791 130
14.9584 87
15.1094 240
15.2175 182
15.7798 174
15.9274 114
15.9331 98
16.1239 153
16.361 146
16.6153 185
16.7782 218
17.1744 239
18.0365 145
18.0488 128
18.7745 91
18.9282 142
19.0744 85
19.3232 129
19.3369 162
19.9049 192
20.4309 221
20.8321 248
20.9866 117
21.3922 131
21.5545 214
21.7056 142
21.8377 214
21.8412 101
21.9079 143
22.7842 202
22.8338 129
23.4483 93
23.8195 92
24.4389 90
24.6315 201
24.9088 143
25.2227 92
25.5113 98
25.794 136
25.8745 130
25.9362 139
26.0461 244
26.1268 169
26.5053 149
26.7574 91
26.7922 227
26.8207 97
27.056 177
27.1275 194
27.3734 126
27.9948 157
28.0232 185
28.2903 173
28.2996 231
28.3261 84
28.4162 154
28.5978 242
28.7448 180
28.7891 88
28.9996 242
29.5446 91
29.8404 186
30.7286 226
31.041 109
31.5034 161
31.5877 133
31.8276 164
32.4338 198
32.452 162
32.7516 171
33.0051 100
33.2598 140
33.2731 213
33.3914 94
33.6283 201
33.8392 229
33.8771 122
33.92 121
33.9364 175
34.2163 1
13447
9.7265 93
9.7919 176
10.1043 100
10.4987 107
10.9918 155
11.0023 244
11.8839 91
11.9093 232
12.3763 207
12.462 209
12.8753 99
13.11 167
13.1999 229
13.2082 108
13.229 162
13.2987 83
13.4251 114
13.5232 224
13.8102 164
13.8713 234
13.9135 141
14.0314 127
14.6329 150
14.6511 178
14.7206 87
14.8201 104
14.9629 236
15.2176 109
15.3033 161
15.4337 243
15.9697 224
15.9788 137
16.0422 223
16.2358 86
16.4467 131
18.2314 99
18.8948 193
21.1702 139
21.1737 163
21.2729 216
21.4276 167
21.5631 111
21.8297 121
22.0633 159
22.3671 240
22.4989 119
22.5323 162
22.6667 218
22.7168 113
23.3952 116
23.5589 149
23.7784 248
23.8123 115
23.9964 200
24.0134 192
24.0907 94
24.7002 140
24.7676 88
25.194 152
25.5109 87
25.6095 95
25.8854 175
25.9262 104
26.3644 152
26.7233 168
26.9007 207
27.402 135
27.5126 87
27.792 185
28.1145 126
28.4547 171
28.4776 174
28.8044 204
28.8284 223
29.0527 126
29.4045 216
29.5865 168
29.6928 108
30.1236 193
30.1485 248
30.2744 232
30.7354 147
31.068 233
31.3934 142
31.5568 90
31.6625 240
32.0909 111
32.3088 219
32.3499 163
32.5581 196
32.5615 179
32.589 238
32.6456 220
32.7506 244
32.7663 140
32.7677 174
33.593 192
33.8024 94
34.106 215
35.859 166
35.932 193
35.9788 231
36.0935 141
36.3348 159
36.5447 156
36.7141 157
36.7947 1
6810
9.5917 111
9.7581 96
10.1525 160
10.6565 246
10.8549 182
10.9327 177
11.6544 203
11.7901 228
12.1519 236
12.2288 120
13.1182 211
13.2157 116
13.3183 240
13.3407 158
13.5733 222
14.122 91
14.3537 95
14.4889 121
14.513 124
14.6018 120
14.6982 163
15.7943 209
16.2747 114
16.3923 234
16.8284 125
17.726 128
17.8396 205
18.9857 154
18.9975 218
19.1095 223
19.7071 239
19.9136 178
19.9568 83
20.986 199
21.6264 178
21.8153 91
21.9159 202
22.6181 144
22.6294 141
22.7715 148
24.3321 130
26.3144 100
26.4824 163
27.6012 202
28.1507 194
28.1636 169
28.8172 155
28.8552 115
28.8756 208
30.0248 1
5951
10.7311 183
11.0648 161
11.6399 124
12.5935 197
17.2642 176
17.426 175
17.8116 181
17.8343 213
17.8776 220
18.1421 211
18.8579 137
18.8764 169
19.1508 155
19.4996 165
19.8278 97
20.6239 108
20.7018 103
20.9377 115
21.0112 112
21.4431 153
22.3761 93
24.5374 216
25.4123 213
25.9713 200
26.6345 197
26.8226 98
28.3653 116
28.7316 98
29.6884 246
29.7731 195
29.7759 112
29.8337 99
30.4013 133
30.6047 143
30.8191 204
30.9858 124
31.1526 123
31.3929 86
32.453 101
12870
9.4362 182
9.9594 238
10.2811 144
10.3419 129
10.9138 153
11.4133 233
11.4826 215
11.512 189
12.2107 99
12.4437 154
12.7903 114
12.9216 110
13.2714 173
13.405 145
13.6621 148
13.6829 180
13.9042 178
13.9176 86
13.9848 114
14.3825 225
14.4268 223
14.569 202
14.8816 134
14.8818 194
14.9714 214
15.0618 84
15.5255 123
15.6001 226
15.9651 232
16.2136 172
16.3126 228
16.5634 175
16.8778 192
17.9841 141
18.6989 174
19.2673 129
19.3193 211
19.4203 212
19.5749 86
19.5892 206
19.9247 180
20.7533 132
20.8898 215
21.485 89
21.4936 116
21.6431 89
21.8041 105
22.1035 138
22.1837 141
22.2436 121
22.3564 112
23.208 146
23.3892 90
23.4013 181
23.6009 131
23.6387 93
23.8965 94
24.4318 168
24.5598 185
24.9549 224
25.3683 103
25.4332 185
25.4738 142
25.6956 143
25.8507 165
25.9635 123
26.0344 136
26.074 204
26.5691 195
26.8352 188
26.8552 162
26.9114 85
27.0717 241
27.5743 225
27.596 104
27.6188 185
27.899 103
28.1939 151
28.417 151
28.492 245
28.749 124
28.8053 226
29.006 91
29.3808 214
30.0868 152
30.1815 215
30.2114 247
30.9561 227
31.1937 220
31.412 245
31.4724 234
31.885 192
31.9057 139
31.9945 88
32.0847 240
32.8726 191
33.136 224
33.665 193
33.6894 144
33.7762 213
34.3003 245
34.4821 98
34.6668 99
34.861 1
13895
9.971 183
10.4678 209
10.6542 131
10.6676 227
11.1565 210
11.3713 129
12.0201 191
12.7588 120
13.6597 117
13.7325 172
13.946 204
13.9678 201
14.3519 178
14.3643 204
14.8803 177
15.0674 111
15.2133 160
15.2939 92
15.3856 235
15.548 151
15.5674 214
16.5433 147
17.2928 162
17.438 95
17.4586 99
17.6003 151
18.1021 169
18.3704 124
18.5381 211
18.7927 205
18.852 241
19.1488 190
20.0628 133
20.1452 216
20.1922 124
20.485 106
20.6762 246
21.0168 221
21.0378 150
21.498 240
21.631 227
21.6322 151
21.7112 215
21.9077 133
22.527 141
22.5567 222
22.755 202
22.8858 194
22.8932 232
23.1163 131
23.1867 148
23.5397 180
23.5642 232
24.1321 230
24.4033 219
24.4553 224
24.9937 146
25.4718 88
25.4812 184
25.5488 153
25.6061 156
25.6125 231
26.8861 120
26.9697 116
26.9929 90
27.0718 243
27.3763 107
27.7774 160
28.5112 105
28.8679 188
28.9818 138
29.209 244
29.4359 86
29.7203 217
29.7245 87
29.9257 117
30.2581 151
30.969 224
31.0605 212
31.1102 142
31.2938 136
31.3358 198
31.4596 242
31.9514 120
32.146 85
32.1744 86
32.703 191
32.965 102
33.955 151
34.3461 194
34.5524 249
34.9893 203
35.193 170
35.1996 233
35.2698 97
35.2902 117
35.6441 155
35.7003 193
35.7212 199
36.2624 199
36.2775 152
36.2853 145
36.3722 232
36.3981 229
36.6608 229
36.8811 223
36.9308 1
