24 300 20 4
0 1 0 1 
1 0 1 1 
0 1 0 1 
1 1 1 0 
0 1049 0 579 
1049 0 706 1625 
0 706 0 1847 
579 1625 1847 0 
64 48 97 91 
6253
10.2665 194
10.3057 206
10.8729 179
10.8797 211
11.0157 140
11.1081 172
11.9682 206
12.0967 95
12.4153 154
12.4458 94
12.6003 205
12.6829 122
13.1555 130
13.184 204
13.3695 213
13.4098 248
13.9512 233
14.9282 190
15.0264 164
15.558 154
15.7592 196
16.3134 202
17.2435 85
17.432 170
17.7958 125
18.0601 197
18.0836 219
18.3752 161
18.3895 162
18.6182 236
18.7914 153
18.9229 225
19.5097 111
19.5943 146
20.2616 85
21.2586 115
22.129 103
22.4614 167
22.465 195
22.6175 152
22.6248 178
23.0214 138
23.3658 216
23.5985 206
23.7068 169
23.9732 139
24.8344 231
25.3135 153
25.398 241
25.4223 182
25.5708 152
26.883 112
27.0344 237
27.0736 86
27.2095 203
27.4866 109
27.8245 118
27.8607 225
27.9494 88
27.9802 153
28.3795 161
28.6472 158
29.9098 85
29.9232 1
4509
9.7121 92
9.8456 197
10.1086 202
10.413 232
11.9378 92
12.1339 195
12.5322 238
12.6494 217
15.5953 203
16.2428 187
16.2601 247
16.4364 164
16.9711 139
17.5772 123
17.6598 175
17.7699 212
18.2269 117
18.2458 233
18.6527 183
19.038 233
19.3474 96
19.7156 190
19.7289 217
20.5239 179
20.9559 148
21.0625 98
21.1689 133
21.6088 167
22.4581 116
23.8937 224
25.0249 243
25.7166 247
25.7562 95
26.0697 205
26.1674 99
26.2369 210
26.4554 207
28.7044 176
29.0975 217
29.3949 152
29.6664 195
29.7508 143
29.9005 152
30.5088 208
30.7641 176
30.8688 145
31.7185 91
32.2183 1
8613
9.9408 215
10.0508 170
10.6184 216
10.6574 179
10.7245 205
10.7549 243
10.7819 97
10.8905 114
11.1372 217
11.2371 243
11.4752 187
11.6375 211
11.7633 248
11.929 160
11.9622 86
11.9743 227
12.1072 101
12.6769 220
13.0905 121
13.2272 173
13.8471 180
14.2872 152
14.4565 184
14.6643 192
14.9709 222
15.0824 149
15.2655 107
15.4341 201
15.4482 216
15.7599 202
15.932 200
16.1286 159
16.2539 115
16.2761 100
16.4015 125
16.7705 153
17.5107 231
17.6882 175
18.3002 171
18.488 209
19.4255 181
19.5946 172
20.8046 236
21.1882 143
21.323 131
21.7563 177
21.757 232
21.977 210
22.0281 115
22.2182 230
22.4657 139
22.7394 225
22.8749 124
23.1807 196
23.3845 153
23.7714 234
23.9318 214
24.0711 177
24.0815 232
24.2114 144
24.5047 164
24.8392 149
25.3175 118
25.3975 183
25.6755 182
25.7841 205
26.5864 114
26.8132 160
27.1566 135
27.3492 160
27.377 106
27.4409 124
27.4911 199
27.6598 88
28.554 205
28.704 248
29.0238 214
29.1575 136
29.7518 116
29.9439 120
30.7578 84
30.9042 101
30.9335 161
31.098 120
31.2058 226
31.2908 183
31.2918 169
31.4348 99
31.5268 86
32.2774 238
32.3927 242
32.9446 155
33.3193 107
33.5651 133
33.8524 215
33.8875 245
34.1819 1
9179
9.6921 102
10.5203 202
10.5988 242
10.9888 243
11.1792 209
11.4003 85
11.6454 211
11.7782 135
11.9204 181
12.2058 162
12.4567 137
12.5707 245
12.6116 112
12.631 164
13.1594 83
13.1768 206
13.3208 189
13.4537 101
14.6724 108
14.6756 152
15.0462 193
15.1223 88
15.1756 246
15.2205 178
15.239 90
15.5097 201
16.0064 105
16.1319 157
16.5028 202
16.5349 90
16.8063 219
17.1227 189
17.313 104
17.6971 141
18.1917 101
18.8373 195
19.0297 154
19.105 201
19.7365 157
20.0224 92
20.2737 238
21.1544 245
21.3416 201
22.0852 119
22.0934 228
22.4085 104
23.1852 240
23.5134 94
24.0727 199
24.2896 106
24.4735 202
24.5393 189
25.2078 243
25.2478 183
26.3138 159
26.7095 223
26.8981 226
26.9802 112
27.1227 230
27.5589 93
27.5891 218
28.1256 194
29.0109 168
29.2312 176
29.337 127
29.8485 196
29.8541 87
29.8793 108
29.9598 150
29.9931 132
30.0703 105
30.5286 212
30.8329 238
31.5413 86
31.5528 190
31.7047 192
32.2368 177
32.4854 217
32.6456 187
32.7679 104
32.9806 196
33.6818 96
34.2242 246
34.5626 185
34.7506 221
34.9923 85
35.0996 158
35.2984 164
35.6814 208
36.7079 89
37.2981 1
3857
9.7398 229
9.8049 123
10.1451 232
10.3112 127
10.9257 156
10.9536 220
11.1089 100
11.2526 135
11.4408 170
12.6921 231
12.9198 184
13.4096 170
13.5688 155
15.0 129
15.3257 168
16.3239 130
16.4245 94
16.5551 150
17.2095 121
17.4538 169
17.6154 104
17.6202 125
17.7042 165
17.8185 220
17.8666 217
18.3952 156
18.4669 115
18.5132 239
19.2002 188
19.4237 185
19.4286 120
19.4824 142
19.4858 222
19.96 228
20.0947 148
20.594 208
21.0192 195
21.1096 200
21.97 132
22.0178 226
22.0326 228
22.2402 246
22.8675 149
23.2857 190
23.7611 159
23.8085 200
23.9552 118
24.1027 218
24.5237 138
24.7514 196
24.8024 214
25.532 118
25.6285 143
26.2711 154
26.6336 160
26.8048 231
26.8781 234
27.9518 140
27.9925 153
28.0165 136
28.346 249
28.7478 162
28.808 216
29.1316 1
3188
10.228 132
10.356 203
10.69 119
10.7149 159
10.8546 108
12.8222 150
12.97 131
12.9916 98
13.072 183
13.1434 249
13.1971 223
13.9828 236
13.9837 181
14.8429 234
16.288 147
16.5211 118
16.5542 180
16.9417 101
17.1092 216
17.2266 163
17.4034 216
18.1964 118
18.4805 226
18.4886 201
18.5744 225
19.7301 107
21.6772 161
21.729 175
21.865 211
22.1105 225
22.2246 133
22.7938 208
22.8103 201
23.5165 109
24.2263 105
26.5057 88
26.6596 120
28.9188 105
29.1937 159
29.8681 238
30.1315 90
30.2295 207
30.3545 237
30.4378 131
30.4731 190
31.4821 163
31.8038 232
31.9498 1
7178
9.9644 210
10.2713 93
10.3415 142
10.7099 192
10.7917 245
11.0145 242
11.2048 229
11.3962 217
11.7021 101
12.0332 161
12.1866 156
12.4318 206
12.5124 114
12.9414 179
12.9859 211
13.1606 233
13.4643 170
13.6546 160
13.7227 163
13.9379 228
14.0662 214
14.3891 239
14.5333 83
14.534 212
14.8658 196
14.9062 213
15.008 167
15.0502 95
15.2969 106
15.5931 128
15.6637 130
16.0431 242
16.0776 172
16.4131 111
16.44 167
16.5639 158
16.8027 205
17.9753 93
17.9928 197
18.0419 196
18.0471 93
18.0821 159
18.1803 230
18.2915 96
18.4239 223
18.5799 130
18.9145 200
19.0029 220
19.6628 86
19.8454 128
20.0189 112
20.4253 198
21.254 117
21.9751 167
22.0464 157
22.057 214
22.0877 86
22.5334 97
22.6997 144
23.0195 198
23.6599 180
23.6905 107
23.7923 93
24.1603 158
24.2733 235
24.6577 173
25.027 248
25.5966 192
25.8865 109
26.1798 83
26.7651 164
26.8186 200
27.0749 96
27.3843 97
27.4681 159
27.6726 171
27.7559 166
28.4807 210
28.8168 102
28.8479 172
29.3224 186
29.9176 185
30.0815 222
30.325 216
31.0048 224
31.4291 104
31.7681 178
31.8013 167
32.6362 149
32.6968 119
33.5067 185
33.5185 137
33.8152 195
33.8216 178
33.8951 232
33.9369 212
34.2369 1
7289
9.266 133
9.996 212
10.2753 246
10.7598 102
11.2345 223
12.5971 247
13.1296 176
13.3256 248
13.7484 243
15.5341 192
15.8929 93
15.954 98
16.0085 197
16.5738 206
17.0809 177
17.7579 182
17.8073 208
18.0519 114
18.0887 164
18.4101 148
18.4784 192
18.5061 133
18.7812 102
19.1454 126
19.6156 124
19.6283 99
19.6311 214
20.1032 86
20.2604 159
20.6163 130
20.7993 98
21.3966 128
21.4047 192
21.8101 92
21.9883 245
22.0254 236
22.6894 101
22.7336 224
23.2675 195
23.3234 115
23.4676 222
23.7819 105
23.9167 170
24.178 189
24.2528 151
24.2924 210
24.323 163
25.4088 179
25.4519 84
25.8494 187
25.8574 237
26.5191 209
26.9425 158
26.9523 164
27.0898 220
27.107 194
27.1073 141
27.1539 183
28.173 115
28.6855 139
28.872 174
29.2765 101
29.6949 122
29.7043 83
29.8039 103
30.2143 96
30.9947 230
31.1012 235
31.2318 91
31.2836 200
31.6409 119
31.8969 235
31.9097 178
31.9916 190
32.3091 134
32.4117 181
32.5587 103
32.9278 90
33.5164 163
33.5366 84
34.1559 173
34.5009 202
34.5211 189
34.8102 122
34.8472 101
34.9267 85
35.1325 210
35.7722 248
36.0615 140
36.6699 117
37.232 1
2781
10.2116 175
10.3286 234
10.4365 129
11.0341 152
11.3661 200
11.545 200
11.9433 114
12.1227 243
12.8189 169
12.985 215
13.0605 87
13.3144 106
13.595 102
13.7377 163
14.4599 123
14.6099 234
14.836 142
14.8415 206
15.1946 181
15.6036 158
15.6039 109
15.7829 108
16.3763 199
16.7856 137
16.7955 195
18.0354 154
18.407 165
18.7983 193
18.8366 230
19.4791 214
19.7255 187
19.7751 121
20.4976 178
21.4434 240
21.5415 169
21.5745 121
21.7415 125
22.4879 121
22.5445 200
22.9286 111
23.0421 109
23.4136 146
23.6543 246
23.7421 247
23.779 211
23.7792 107
24.0162 129
24.5416 205
24.7695 246
25.0645 147
25.1605 189
25.3939 143
25.3969 160
25.4041 204
25.5018 211
26.9748 133
27.0098 149
27.1299 208
27.1875 116
27.4403 207
27.8457 240
27.9975 179
28.5798 143
29.1266 1
2232
9.4071 155
10.2222 175
10.2628 210
10.4079 151
10.9329 180
11.6396 175
11.8165 141
12.1432 140
12.3968 159
12.5138 155
13.1173 134
13.2297 195
13.9234 233
14.3659 191
15.2671 143
15.4391 226
15.9971 243
16.1784 89
16.2109 99
17.0689 130
17.7492 201
17.8099 234
18.5791 131
19.5973 103
19.7077 248
19.9914 194
20.299 152
21.388 193
21.4686 180
22.0001 162
24.2935 143
24.4611 124
25.4394 215
25.7952 144
26.1601 160
27.7686 119
28.2777 149
28.7127 207
29.7896 220
30.3532 161
30.4693 163
30.5875 123
30.8272 121
31.315 106
31.6045 179
31.6656 155
32.1928 185
32.4476 1
5764
9.7198 111
9.9102 88
10.5205 147
10.7452 193
10.9553 179
11.1039 142
11.2735 87
11.5243 142
11.7707 91
12.0255 232
12.0761 157
12.3298 174
12.8511 104
12.9548 188
13.2435 237
13.6698 120
13.9793 199
14.1616 227
14.3036 93
14.3591 208
14.6581 95
14.7434 231
15.4715 236
15.5801 199
16.0975 190
16.8932 213
17.0781 210
17.5127 232
17.5191 218
17.5275 108
17.8103 122
17.9259 216
18.0942 141
18.1682 205
18.2089 196
18.7787 126
19.1373 157
19.1637 218
19.1773 179
19.6616 233
19.7643 97
19.8837 174
19.9042 222
20.5143 107
20.644 112
20.648 230
21.0628 226
21.1213 104
21.686 100
21.806 225
21.9272 171
22.1127 219
22.4532 131
22.8478 128
23.4374 172
23.5438 189
23.6345 232
24.2477 130
24.3814 132
24.9159 105
24.9496 248
25.2412 83
25.2657 107
26.0528 108
26.3525 174
26.4054 125
26.4116 158
26.5122 191
26.8439 94
27.0765 132
27.1167 180
27.5352 125
28.0471 219
28.2458 188
28.6505 90
29.7242 93
29.9819 122
30.4842 187
30.8335 197
30.8703 239
30.9295 117
30.9455 110
31.1062 147
31.4698 242
31.6008 224
32.6207 145
32.8133 246
32.8902 201
33.1594 126
33.1957 197
33.6202 176
33.6401 190
33.6432 149
34.0412 119
34.25 143
34.4873 158
34.7436 1
5043
9.1126 122
10.3787 195
11.6986 147
12.2361 172
12.3786 152
12.7919 143
13.1299 172
13.2123 184
14.2401 86
14.7051 220
14.9723 226
15.5476 112
15.5632 199
15.566 216
15.6556 121
15.8222 225
15.8464 214
16.2096 129
16.5755 87
16.7803 243
17.1389 86
17.6366 158
18.0029 187
18.0553 114
18.0625 94
18.1612 200
18.5911 149
18.6062 124
18.6824 101
18.7508 121
19.0153 241
19.1334 223
20.3616 194
20.7176 156
20.7224 240
21.2053 95
21.5378 144
21.8711 162
22.0687 155
22.6187 210
22.7239 201
22.7498 92
22.7821 100
23.1647 164
24.0728 197
24.2552 93
24.387 243
24.4648 103
24.4854 106
24.9 124
25.0986 208
25.4232 131
25.5737 238
26.4282 198
26.4949 93
26.518 225
26.7792 192
27.4562 102
27.5629 227
28.1768 139
29.0192 152
29.214 244
29.5228 214
29.7939 245
30.219 204
30.7861 179
31.4961 162
32.006 242
32.0925 101
32.2814 164
32.2952 86
32.8253 173
33.139 156
33.5589 112
33.9527 178
33.9814 215
34.4034 166
34.5015 159
34.61 234
34.6779 158
35.1317 88
35.2647 95
35.6134 104
35.7505 193
35.9009 102
36.3014 129
36.3656 126
36.3948 128
36.9789 133
37.0351 225
37.0464 1
3936
9.7482 187
10.269 150
10.4776 191
10.9077 179
11.2426 187
11.4312 116
12.2337 181
12.4772 107
12.8107 124
12.9946 208
13.0452 226
14.0247 140
15.0407 101
15.1167 224
15.166 234
15.4254 226
15.447 137
15.5892 104
15.8161 85
15.8864 211
16.0015 167
16.0935 201
16.3123 195
16.4132 211
16.4271 166
16.4499 91
16.5629 93
16.8708 222
16.9332 182
17.0277 119
17.1135 157
17.2036 107
17.3761 171
17.4318 193
17.5584 105
17.7137 185
18.2543 157
19.156 203
20.4823 147
20.6946 116
21.7555 119
22.0358 233
22.0703 204
22.4289 170
22.6614 117
23.663 245
23.8508 96
23.8916 117
23.9372 160
24.5517 230
24.6586 178
24.6936 179
25.4414 101
26.135 187
26.3989 187
26.6837 130
26.8931 140
26.9694 124
26.9746 207
27.0979 101
27.343 126
27.7727 85
27.8367 90
27.9492 1
2480
10.3275 212
10.616 165
11.4284 88
12.1542 232
12.7327 154
15.1319 97
15.2696 193
16.4584 190
17.0276 157
17.3223 108
17.8745 229
18.2829 182
18.363 235
18.51 102
18.8221 213
19.1866 165
20.109 221
20.2198 229
20.9024 210
22.0356 125
22.1159 156
23.0902 215
23.4378 234
23.937 114
24.3868 84
24.4988 147
24.6716 112
24.7901 154
24.9901 241
25.4838 122
25.6071 147
25.8547 142
26.1268 130
26.2669 198
26.9622 107
27.9037 232
28.274 102
29.0061 214
29.1033 83
29.211 246
29.2819 182
29.4656 243
29.6971 211
30.1517 113
30.9494 205
30.9783 204
31.523 152
31.8093 1
5768
10.009 126
10.0689 103
10.1597 92
10.3497 205
10.5607 100
10.9509 234
10.9612 156
11.9971 188
13.6159 246
13.7013 157
13.9217 144
13.97 167
14.1716 240
14.2434 214
14.7923 205
14.9701 105
15.2166 241
15.3142 227
15.8916 194
16.2454 148
16.5581 217
16.7412 171
16.8617 176
16.8905 119
17.1101 126
17.1752 104
17.8234 107
17.8725 190
17.9958 128
18.0278 88
18.0685 228
18.1385 176
18.5635 148
19.2146 183
19.3759 139
19.4732 154
19.8104 129
19.9353 92
20.0958 101
20.1319 125
20.4898 242
20.6758 114
20.7505 222
21.8299 185
21.9795 201
22.2239 146
22.3721 247
22.5001 220
22.5247 227
22.7775 226
22.9456 111
22.9506 123
23.1955 115
23.2072 91
23.7265 96
23.7332 93
24.246 242
24.4566 231
24.5348 226
24.9002 140
24.9513 192
25.2982 187
25.9349 117
26.9236 204
27.2084 187
27.4141 179
27.555 215
27.6429 132
27.9084 180
28.2757 127
28.3351 123
28.5568 247
28.7405 179
29.2128 213
29.5903 101
30.7194 85
30.9508 96
31.0912 171
31.4036 222
31.6746 208
31.8436 190
31.8679 132
32.0913 233
32.3912 169
32.6047 156
32.6186 176
32.6677 150
33.0009 241
33.0197 118
33.1157 211
33.2943 101
33.5264 224
33.5269 234
33.6847 176
34.0852 156
34.3682 193
34.4209 1
7093
10.4892 213
10.5341 211
10.9616 196
10.9654 138
11.1844 181
11.1948 145
11.3901 207
11.4294 133
11.6464 199
12.1387 98
12.396 179
12.5024 108
12.6227 158
12.7594 147
13.9555 104
13.9674 194
14.1773 86
14.2608 140
14.4487 114
14.5363 227
14.6735 131
16.3294 89
16.9016 173
16.9099 126
17.1348 133
17.1612 189
17.3605 159
17.5158 137
17.5694 181
17.7696 121
18.1329 173
18.1943 111
18.269 237
18.3454 219
18.402 115
18.4773 215
18.691 84
19.306 119
19.4201 201
19.6385 141
20.0619 92
21.2167 242
21.2851 171
21.6097 110
22.5149 242
22.6479 112
23.0372 95
24.1717 199
24.1774 110
24.5704 240
24.879 131
24.9269 142
24.9945 102
25.6036 235
25.747 144
25.8753 112
27.0522 209
27.3462 192
27.4881 214
28.3041 194
28.9182 95
29.2687 154
29.7572 115
29.8355 214
30.1741 89
30.3547 203
30.707 90
30.8587 225
30.9448 129
31.2894 218
31.3756 230
31.4375 243
31.5852 200
32.1228 238
32.6154 172
33.5201 239
33.7264 155
34.0129 191
34.3086 156
34.4243 192
34.4263 128
34.458 248
34.5961 195
34.9651 209
35.2924 151
35.6775 223
35.7207 128
35.891 209
36.4156 154
36.6855 111
37.4606 1
4957
9.8429 138
9.885 161
10.118 233
10.3335 100
10.7805 132
10.8288 147
11.1662 116
11.4757 110
11.4912 177
11.5223 246
11.9583 136
12.0733 131
12.2507 225
12.6084 247
12.6624 103
12.8342 159
13.2326 236
13.447 139
13.7725 166
13.8118 110
15.088 154
15.1703 175
15.3908 94
15.3928 118
16.1088 184
16.5299 140
16.5676 174
17.0272 123
17.3424 202
18.4042 204
18.619 157
18.9532 101
19.4583 87
19.5114 97
19.5693 90
19.8726 196
19.9476 195
20.4353 94
20.5275 114
20.8112 169
20.96 233
21.3631 212
21.6757 122
21.8707 91
21.9667 247
22.2153 110
22.3279 214
23.1946 164
23.5592 215
23.5607 120
24.4795 232
25.3022 153
25.5119 183
26.5663 161
26.7451 239
27.4299 183
27.7597 198
27.8333 128
28.2122 190
28.5 210
28.5907 120
28.8711 198
29.1061 146
29.5083 1
2965
9.3417 228
9.919 210
10.0075 97
10.07 221
10.4082 140
10.7727 244
11.4053 104
11.7081 130
12.4213 165
13.4757 195
14.0172 150
14.4434 242
14.8434 237
16.4884 142
16.7483 93
16.9812 190
17.7929 200
17.908 189
18.0209 142
18.5218 227
18.5782 174
19.4808 84
19.8438 193
19.886 151
20.212 145
20.4982 129
20.5225 187
20.7144 235
20.8957 173
22.2033 137
22.5462 102
22.6219 206
23.9293 113
24.9246 145
25.61 179
25.7772 116
26.6387 246
26.7918 161
26.9827 184
27.0362 185
27.0425 140
27.3455 134
28.2014 99
28.368 165
28.7241 101
29.9214 92
30.6315 137
30.809 1
6391
9.3888 227
9.5244 142
10.0806 192
10.3849 167
10.3896 189
10.6452 104
10.6862 191
10.8645 207
11.5282 204
11.698 114
11.8934 171
12.0427 133
12.1782 246
12.9444 140
12.9852 142
14.6016 110
14.9281 228
14.9733 166
14.9952 206
15.1491 98
15.5066 197
15.7406 87
15.9401 112
16.075 133
16.1873 99
16.5226 173
16.6813 194
16.7944 227
17.1963 242
17.2344 141
17.5186 234
18.0075 158
18.0431 170
18.0789 122
18.124 222
18.4215 90
18.5214 203
19.0868 90
19.1808 183
19.6414 115
19.677 103
20.0564 124
20.2892 248
20.7031 126
21.5845 121
21.6663 226
21.9695 169
22.6192 223
23.1564 214
23.2274 108
23.666 131
23.7198 101
23.7256 197
23.8183 207
23.8387 161
23.9253 97
24.6911 198
24.9439 192
25.0616 92
25.1524 114
25.672 113
25.6739 196
26.5333 88
26.6902 111
26.8526 215
26.879 157
26.9413 156
26.9695 221
27.1623 88
27.2918 218
29.0267 168
29.049 241
29.1656 163
29.6847 242
29.6929 145
30.4715 242
30.626 134
30.6351 222
30.9568 231
31.2728 93
31.4226 167
31.5616 172
31.7252 217
31.7303 97
31.7408 245
31.9543 110
32.2137 234
32.3063 149
32.4274 123
32.7851 187
32.8889 208
33.0417 126
33.478 208
33.5161 245
33.721 100
33.7232 185
34.5957 1
9219
9.4848 191
9.6196 119
9.8151 208
10.0498 226
10.1989 239
10.6339 144
10.7764 119
11.0664 227
11.7501 112
12.3305 84
12.5342 114
13.1993 189
13.4165 217
13.7589 158
14.0154 167
14.3265 126
14.5313 126
16.2647 198
16.672 138
17.3752 236
17.5433 181
17.6461 143
18.0962 155
18.1315 100
18.1901 129
18.3989 97
18.5202 85
18.7364 166
18.9102 86
18.9216 94
19.0539 85
19.5065 216
19.9932 173
20.0191 105
20.0345 224
20.2537 173
21.0433 146
21.0991 138
21.2054 164
21.2976 202
21.6654 231
21.6708 129
21.7617 169
21.8178 195
21.8236 216
21.8241 135
21.9276 120
22.5803 201
22.9746 169
23.1368 210
23.6512 230
23.8094 206
23.9182 154
24.9445 176
25.3377 181
25.9434 86
26.1822 208
26.1914 218
26.9936 151
27.2435 178
27.7868 228
27.807 122
28.1878 145
28.8192 248
28.865 146
28.9544 169
29.1733 120
29.2298 180
29.3259 133
29.8074 84
30.1232 119
30.6702 131
30.6844 211
31.0114 171
31.3642 115
31.7099 224
31.7939 221
31.8495 243
32.774 110
33.0224 96
33.3743 87
33.7403 176
34.7084 97
34.7411 175
34.8169 133
35.0702 145
35.4559 175
36.1779 172
36.6687 162
37.265 222
37.4726 1
4908
9.8625 214
10.5899 133
11.0488 245
11.1038 92
11.7093 219
12.2718 227
12.5449 189
12.5553 144
12.9287 147
12.9716 106
13.4052 172
13.4207 134
13.6635 86
13.9229 126
13.9517 100
13.9966 243
14.5079 104
15.0137 89
15.7944 240
16.2644 159
16.6397 192
16.6706 107
17.0928 195
17.3793 97
17.7418 139
17.8671 156
18.0243 242
18.1951 195
18.2476 221
18.4747 244
19.0797 158
20.1774 203
20.1855 157
20.3787 169
20.4083 193
20.8542 130
21.0711 177
21.272 97
21.3426 111
21.3819 116
21.5303 84
21.7021 185
21.8612 101
22.2773 172
22.5738 198
23.4835 199
23.4943 154
23.5373 189
23.9292 122
23.939 209
24.9747 224
24.9792 174
25.0091 173
25.5195 222
25.5856 215
26.2876 237
26.3325 177
26.5156 113
26.9005 126
26.9221 207
27.3432 117
27.3741 84
27.4241 175
28.9428 1
3612
9.765 143
10.5563 213
11.2332 87
11.6127 136
11.7301 144
12.266 169
12.3502 236
13.0327 138
13.2343 131
13.9825 87
15.2659 112
15.3505 160
15.6654 96
15.7171 193
15.9482 175
16.9883 213
18.331 118
18.5336 201
19.0546 99
19.0866 126
19.3113 109
20.2366 111
20.3186 198
21.2904 137
21.7988 233
21.8229 90
21.89 148
21.921 172
22.0283 149
23.6623 217
24.2253 201
24.3463 230
24.41 85
24.5404 158
25.2601 180
25.6622 94
25.9086 219
25.9625 134
26.5686 130
26.82 218
27.9306 103
28.0485 122
28.3366 155
28.5786 120
28.9677 240
30.2569 182
30.45 166
31.2785 1
10071
10.9552 138
11.14 94
11.2841 244
11.5394 213
11.607 248
11.7489 247
11.9173 142
12.0913 212
12.4652 125
13.1988 137
13.2522 102
13.324 199
13.4285 213
13.4406 150
13.4716 127
13.6115 199
14.4332 130
14.5958 167
14.7549 243
15.0161 240
15.0346 182
15.1015 103
15.6022 224
16.0637 121
16.1848 106
16.3215 168
16.3426 134
18.0792 220
18.3025 102
18.3661 119
18.4393 91
18.4658 232
18.6193 193
18.6202 197
18.669 172
18.6872 177
19.152 159
19.1689 119
19.17 230
19.6109 149
19.7928 215
20.0522 114
20.3722 108
20.3904 125
20.5754 144
20.6162 132
21.2486 133
21.4498 248
21.4585 169
21.7674 114
22.0272 185
22.5791 132
22.6928 126
23.0715 129
23.1776 159
23.7191 167
23.8456 199
23.8564 220
23.9213 204
24.0042 125
24.3308 230
24.4544 141
25.0303 118
25.155 126
25.2648 103
25.6844 148
26.1019 161
26.3356 101
27.1156 176
27.2899 210
27.9301 182
28.2363 191
28.5209 240
28.5633 238
28.6773 155
28.7775 220
29.0404 135
29.3974 164
29.5748 232
30.8571 168
31.0169 163
32.1386 96
32.3067 112
32.629 217
33.0198 96
33.0934 233
33.371 145
33.7428 137
33.8392 240
34.0047 85
34.0103 115
34.1123 185
34.1877 138
34.2327 214
34.2541 106
34.7038 226
34.8356 1
11755
10.0295 92
10.1317 207
10.399 195
10.7082 247
11.7272 116
11.8955 249
12.0614 199
12.6451 202
13.5474 203
14.3213 245
15.196 144
15.4147 86
15.4928 96
15.6888 98
16.6021 239
17.1834 166
17.1948 121
17.8692 103
17.9163 212
17.9751 248
18.529 95
18.5544 97
18.8299 141
19.2754 156
19.3968 183
19.5529 162
19.5802 189
19.6715 205
19.762 150
20.0792 201
20.3062 221
20.4008 247
20.5605 192
20.668 226
20.7775 109
20.9642 144
21.2719 97
21.5923 126
21.6148 221
21.8906 242
22.0791 172
22.5544 192
22.7308 247
22.8365 199
23.1436 195
23.7379 156
24.0719 163
24.4556 136
24.5684 120
25.2056 90
25.245 243
25.4185 104
25.5687 209
25.602 97
25.6539 101
26.5202 192
26.8196 140
26.8234 127
27.1812 224
27.2795 92
27.4846 109
27.5886 221
28.1483 89
28.4513 116
28.6171 227
28.7993 158
29.7398 171
29.8129 214
30.6512 234
31.2906 108
31.422 89
31.6948 249
31.7823 100
32.2087 239
32.4146 136
32.4496 196
32.9233 109
32.9594 166
33.9391 119
34.053 109
34.2186 181
34.268 244
34.3379 111
34.8705 234
35.0429 227
35.3087 88
35.8376 179
36.2221 159
36.2883 121
36.4828 95
36.8665 1
7561
9.2622 202
9.7812 117
10.0959 142
10.19 227
10.7891 92
11.0301 148
11.2197 121
11.6941 177
12.1746 120
12.7031 178
13.2593 215
13.3854 220
13.7827 202
13.8991 137
14.546 220
15.0749 212
15.3857 151
16.9156 245
17.296 236
18.7027 132
18.776 95
18.9463 249
18.9842 149
19.3626 201
19.8923 178
20.0498 85
20.5551 139
20.5648 116
20.8815 226
21.22 119
21.4671 146
21.4756 175
21.8276 162
21.8646 197
22.0482 206
22.2215 158
22.3396 134
22.7462 200
23.1662 141
23.3544 125
24.1074 156
24.2274 145
24.5417 176
24.792 157
25.9849 216
26.5116 90
26.5499 235
26.6555 140
26.7985 222
26.8362 146
26.9532 170
27.0015 140
27.0237 103
27.4931 84
27.5089 193
27.5412 145
27.7683 173
27.905 150
28.1741 124
28.3358 147
28.3628 138
29.0709 215
29.0755 222
29.9848 1
4898
9.5126 244
9.6306 141
9.7955 130
9.9854 135
10.3412 197
10.6164 110
11.4395 88
11.9548 127
13.4523 163
13.7368 209
14.3844 234
14.4423 99
14.5163 148
14.6985 140
15.0228 111
16.1341 208
16.4703 145
16.9081 125
17.0831 137
17.1853 102
18.2653 153
18.5183 198
19.4527 210
19.7288 99
20.9319 118
21.7372 247
21.9334 145
22.1022 149
22.1687 160
22.335 215
22.6157 192
23.6772 196
24.5062 227
25.2666 143
26.1008 150
26.5803 218
26.9254 221
27.0277 142
27.0471 111
27.8345 194
27.9411 84
28.3982 131
28.8012 212
29.151 108
30.0602 114
30.3094 192
31.4814 219
32.5668 1
12398
9.6723 220
9.8746 180
10.0912 88
10.2345 240
10.2841 188
10.5913 166
10.6183 141
11.1321 213
11.7214 123
12.3935 140
12.8292 159
13.0121 106
13.2722 165
13.2937 208
13.3825 197
13.8569 161
14.3869 162
14.4006 96
14.6828 235
14.9669 116
14.9729 178
15.5433 160
15.9934 96
16.4804 178
16.8528 85
17.4803 113
17.6551 198
17.7072 137
18.3884 116
18.4743 235
18.9922 193
19.3635 219
19.6578 188
19.9404 236
20.313 92
20.8357 127
20.8616 137
20.8713 85
21.0333 147
21.1377 176
21.528 117
21.5434 93
21.7053 246
21.93 141
21.9765 230
21.9962 243
21.9999 204
22.435 205
22.9132 117
23.1788 178
23.769 112
23.94 115
23.9896 119
24.1322 127
24.2564 164
24.9406 226
25.0168 139
25.3151 112
25.3793 216
25.685 248
26.5963 92
26.6913 106
27.5929 154
27.753 209
27.9002 103
28.0635 144
28.081 90
28.6028 214
28.8259 137
28.9159 136
28.9909 157
29.1166 119
29.744 136
30.1714 222
30.7204 100
30.9232 154
30.9409 176
31.3154 119
31.3926 120
31.4843 217
31.4858 119
32.3359 105
32.5839 139
32.6847 216
32.806 90
32.9932 155
33.124 220
33.2484 222
33.7105 124
33.9733 246
34.0821 160
34.089 100
34.125 134
34.3815 142
34.524 207
34.5382 149
34.8107 1
12100
10.0095 182
10.302 190
11.4109 233
11.9924 186
12.0241 196
12.1241 149
12.6369 141
12.7302 175
13.0319 155
13.1407 197
14.4994 129
14.9738 102
15.542 167
15.5739 245
15.8656 228
15.9142 164
15.9327 184
16.1109 232
16.2061 118
16.4929 147
16.6222 151
17.0684 234
17.8394 182
17.9434 212
18.4193 87
18.4365 199
18.5272 144
18.7961 87
19.1132 102
19.6267 203
19.6999 120
19.9398 211
19.9867 170
20.1436 231
20.325 94
20.3772 240
20.4992 187
20.5923 90
20.6018 163
20.8341 126
21.0197 130
21.4083 201
21.5216 229
21.5703 231
21.6356 87
21.6969 222
21.9393 230
21.983 137
22.2285 129
22.9489 225
22.9946 185
24.076 109
24.1866 201
24.214 151
24.354 236
24.8318 96
25.0131 244
25.1794 91
25.211 175
26.0847 222
26.2637 155
26.7259 161
26.7866 214
27.0742 227
27.2458 96
27.3175 188
27.36 204
27.6428 148
28.7715 220
28.8742 241
29.544 188
29.7818 191
30.1487 163
30.8004 219
31.1297 217
31.4922 115
31.5087 95
31.7275 149
32.151 183
33.2944 157
33.4156 190
33.7583 163
33.8098 170
35.3281 119
35.4342 192
35.6947 156
35.7524 191
36.4655 145
36.4964 247
36.6344 117
37.5777 1
8942
8.8322 94
9.6974 137
9.8324 131
10.0477 187
10.1153 158
10.1544 196
10.7602 137
10.9537 222
11.0289 189
11.3217 244
11.6051 94
11.9777 165
12.084 170
12.7405 131
12.9849 193
13.2602 176
13.3821 193
13.9107 229
14.0369 148
15.3539 210
15.4012 170
15.4771 197
16.6708 241
16.8568 86
16.8802 149
16.9328 163
17.4342 233
17.5462 182
17.7166 155
17.7351 239
18.0862 203
18.102 143
20.186 106
20.273 235
20.7737 125
20.7836 152
20.8754 98
21.0724 194
21.3983 150
21.8628 123
22.0518 86
22.2481 167
23.0279 137
23.1236 191
23.2968 103
23.5931 214
23.7457 199
23.8801 222
24.0386 107
24.7522 150
25.0754 198
25.1986 243
25.2272 217
25.3052 140
25.9149 151
26.5446 176
26.8016 244
27.3238 191
27.5674 190
27.6133 107
27.7233 190
27.7933 243
28.0156 188
28.0257 1
5657
7.8805 94
8.0135 91
9.3119 125
11.2611 158
11.32 168
12.7487 104
12.838 189
12.9565 196
13.0395 247
13.6523 229
14.144 191
14.2491 166
15.1869 121
15.4795 101
15.5161 89
15.7147 230
15.7782 123
16.6025 174
18.4459 156
19.0064 128
19.1784 211
20.0613 152
20.1439 215
20.4842 211
21.1244 140
21.1581 148
21.3769 138
21.3802 152
21.5072 232
22.7264 220
23.2815 219
25.3662 204
25.4162 189
25.6083 177
25.9364 99
26.2136 97
26.3636 199
27.2615 208
27.3168 242
27.4017 121
27.5059 131
28.0 145
28.0404 131
28.2874 177
29.3514 240
30.2595 222
31.0215 185
31.1833 1
13829
8.0287 151
8.0751 222
8.1021 97
8.3569 133
8.6288 222
8.7496 117
10.4809 246
10.8619 99
11.2488 122
11.3233 148
11.4326 138
11.7625 216
12.6202 137
12.8691 154
12.9027 95
12.9174 159
13.0761 85
13.3924 206
13.4875 137
13.5389 171
13.8149 240
13.9574 207
14.4084 233
14.5623 129
15.5389 109
15.9955 174
16.0809 98
16.381 127
17.3063 172
17.6641 136
17.8036 184
17.8589 239
17.9628 122
18.1285 219
18.2032 132
18.5113 178
18.5695 225
18.7279 218
19.083 213
19.5306 158
19.5348 105
19.7923 134
20.3151 117
20.7865 193
21.4281 162
21.5272 148
21.5384 100
22.3786 102
22.4966 102
22.7055 170
22.9185 129
23.0385 245
23.2101 208
23.4911 223
23.9718 160
24.0388 243
24.6829 222
25.21 231
25.3725 132
25.8429 227
26.0336 205
26.0871 105
26.2588 221
26.2922 216
26.3468 215
26.6867 199
26.8092 215
26.8988 112
27.0391 193
27.1189 222
27.3119 150
27.7673 161
28.0751 114
28.1979 109
28.6375 222
28.7197 136
29.0948 88
29.1883 200
29.1997 122
29.218 169
29.258 198
30.533 103
30.9275 198
30.977 219
31.3937 242
31.5214 126
31.5338 178
32.0826 136
32.1441 199
32.3772 198
32.4635 137
32.5653 119
32.7627 144
32.9662 188
33.3017 115
33.5744 192
33.7146 1
17185
8.4674 174
8.6784 98
8.9869 95
9.4248 163
9.6438 102
9.7488 88
10.5692 116
10.5875 188
10.63 196
11.4466 221
11.6195 177
11.8201 86
12.2065 175
12.885 244
12.9093 124
13.116 185
13.1329 163
13.2306 160
13.2811 190
13.5983 217
14.2108 183
14.2649 167
14.4238 141
14.7084 226
15.1383 206
15.1996 199
15.5955 145
15.661 222
15.823 212
16.2489 120
17.004 195
18.6835 203
18.7851 238
18.9911 160
19.1472 177
19.6162 146
19.8502 203
19.9576 99
20.2368 243
20.6705 201
20.6908 134
20.8261 195
21.5664 188
21.6348 166
22.3601 244
22.6386 125
22.9255 90
23.2696 193
23.2848 201
23.4797 225
24.3495 157
24.3536 170
25.3777 150
25.8871 176
26.108 189
26.6592 131
26.7189 102
27.2478 100
27.8935 210
28.9765 184
29.5039 147
30.0207 214
30.1087 119
30.1341 135
30.2586 143
30.6216 228
30.8006 208
31.0018 156
31.0372 89
31.0893 222
31.5662 248
31.7348 178
31.7956 126
31.9204 183
32.1214 242
32.2225 142
32.4338 224
32.9112 92
33.083 103
33.3952 186
33.4328 195
33.7469 188
33.791 216
33.8362 96
33.8851 215
34.5386 118
34.7642 141
35.0313 102
35.8146 240
35.8787 215
36.0964 1897
7977
9.2924 173
9.3003 126
9.4315 176
9.9555 231
10.8853 202
10.9795 85
11.0359 208
11.1782 90
11.413 119
11.4555 158
11.7998 120
12.1595 103
12.1705 245
12.3712 128
12.3843 218
12.5793 99
13.0602 190
13.6948 106
13.7213 181
13.9183 185
14.5469 113
15.3058 88
15.3074 234
15.5212 106
16.0793 243
16.6128 231
16.8885 206
17.2882 103
17.5023 83
17.5451 87
18.2564 178
18.6248 224
19.2792 172
19.6665 126
19.6701 156
19.7303 86
20.3301 155
20.4913 199
20.804 178
20.9631 153
21.0514 106
21.0764 212
21.1988 110
21.2339 190
21.2402 185
21.2553 196
21.3573 235
21.5141 159
21.8688 108
21.8869 186
22.0523 110
22.2596 160
23.148 96
23.7961 195
24.6241 190
24.9625 196
25.3413 156
26.2049 89
26.2141 106
26.3039 181
27.6194 128
27.6307 132
27.8987 124
27.9379 1
7576
9.1794 134
10.3223 119
10.6664 161
10.824 202
11.4249 126
11.8135 174
11.9607 215
12.6609 230
13.4766 210
13.7904 152
13.9897 234
14.3241 127
15.2937 175
15.3034 87
15.6558 93
15.863 166
16.061 110
16.5172 240
16.7398 92
17.1696 128
17.564 107
17.8186 145
17.8822 126
17.8882 181
17.9788 221
19.1405 184
19.8828 213
20.1612 167
21.2394 212
21.7735 242
22.3979 186
23.4555 205
24.592 174
25.1289 120
25.625 129
26.6749 110
26.7298 156
27.1645 220
27.4895 233
28.4695 187
28.73 220
28.7834 147
28.9974 117
29.3233 160
29.7632 147
30.0606 181
30.3831 178
30.5267 1
16462
8.0982 196
8.5095 240
8.7082 103
8.8172 104
10.2362 84
10.2626 139
10.4108 193
11.0148 83
11.1715 224
11.3072 109
11.4206 204
11.4573 180
11.6873 212
12.023 158
12.034 145
12.3693 171
12.4796 168
12.6121 207
13.1097 164
13.4042 156
13.4947 97
13.7849 116
14.5187 205
14.9707 201
15.0807 246
15.9838 238
16.2229 91
16.4694 90
17.0597 142
17.111 155
17.4114 98
17.4699 230
17.6066 144
17.7415 195
17.9147 226
17.9275 231
17.9482 83
17.9927 172
18.0671 129
18.5666 197
18.7898 142
18.9914 181
19.1348 98
19.3902 97
19.395 249
19.6926 180
19.8786 89
20.2268 236
20.4796 248
20.7093 235
20.7777 111
20.9776 132
21.007 202
21.138 107
21.4831 155
21.5986 168
21.7872 130
21.7949 201
21.8361 110
22.0922 193
22.4155 142
22.7052 109
22.7408 156
23.0456 224
23.4876 204
24.043 240
24.6081 188
25.17 226
26.1387 220
27.1861 178
27.231 224
27.2356 229
27.7075 218
27.7974 147
27.8026 110
27.9602 155
28.0934 237
28.1981 154
28.5185 229
28.7868 151
29.1672 165
29.1967 164
29.3498 181
29.4593 131
29.9718 129
30.3068 237
30.3177 181
30.355 193
30.5799 124
31.4147 152
31.4938 233
31.5137 205
32.2372 206
32.46 142
32.8312 240
33.1269 121
33.551 128
14863
8.4184 149
8.4613 116
8.8115 224
9.363 207
9.4796 100
9.5235 86
11.1857 120
11.2561 130
11.4702 113
12.4106 173
12.6015 90
12.8786 177
12.9031 146
13.3316 113
13.3516 166
13.3704 117
14.8254 136
15.085 112
15.1588 197
15.1831 98
15.2238 140
15.338 150
15.4542 118
15.5271 218
16.747 229
17.2941 164
17.3308 246
17.3629 191
17.5596 202
17.6976 91
17.8468 248
18.1155 139
18.3086 138
18.6526 138
19.0258 115
19.1783 94
19.5592 117
20.0457 171
20.383 99
20.9311 121
21.1558 141
21.169 130
21.4061 126
21.5506 110
22.2913 158
22.8513 228
23.187 205
23.4563 209
23.5063 138
23.6146 85
23.7106 193
24.0263 105
24.0856 124
24.2278 241
24.629 215
25.0399 202
25.4466 176
26.0225 141
26.0822 118
26.253 230
26.2795 88
27.5348 217
27.9324 232
27.9936 211
27.9939 128
28.1822 242
28.9783 158
29.1544 107
29.265 86
29.5484 238
29.7753 202
29.8131 136
29.9771 151
30.6849 151
30.7256 171
30.7626 215
30.8045 220
30.8222 231
31.0406 92
31.2327 98
31.2469 166
32.3018 110
32.3715 128
32.6743 221
32.6813 146
32.9649 99
33.1156 109
33.2191 242
33.7032 129
34.5776 239
35.4468 727
9797
8.5123 84
8.9675 104
9.0108 128
9.0562 193
9.5567 159
10.0847 243
10.4941 209
10.5463 232
11.7112 122
11.8805 176
12.0328 220
12.2472 216
12.4577 229
13.7964 246
14.2895 176
14.7071 179
14.8466 200
14.8981 228
15.4338 184
15.711 167
15.8681 198
16.3705 129
17.0602 135
17.3281 181
17.4267 166
17.4744 228
17.7087 235
18.3317 89
18.6707 235
18.6841 139
18.6883 131
18.7795 89
19.3493 105
19.3639 182
19.4545 150
20.0405 217
20.5168 178
20.9399 248
21.2797 100
21.2877 150
22.3301 239
22.8268 85
22.9363 204
23.25 216
23.4821 161
23.6046 187
23.7149 131
24.0519 172
24.1622 216
24.2613 217
24.4559 90
24.4908 217
24.604 126
24.9631 181
26.3725 132
26.4434 157
27.1783 144
27.6415 119
27.855 93
27.9812 90
28.1943 130
28.3597 83
28.379 167
28.4827 1
7507
7.8285 169
12.4472 105
13.1058 239
13.1629 145
13.5733 143
13.844 141
13.9215 206
13.9361 120
14.3312 133
15.22 181
15.2642 93
15.345 126
15.6845 200
16.2042 187
16.2142 229
16.6922 180
17.6472 185
18.0449 189
18.2419 143
18.2832 183
18.3686 214
18.5892 193
18.6005 129
18.7306 175
18.77 111
18.8146 125
19.3927 120
19.685 237
20.1851 189
20.238 120
20.2819 143
20.4699 111
21.0054 86
21.7219 159
22.44 193
22.5475 97
22.7217 105
22.7959 243
22.9797 119
23.9453 134
24.9438 150
25.6551 140
25.9591 89
26.0034 154
28.0321 167
28.1467 160
29.0009 133
29.9237 215
16042
9.1721 180
9.7553 206
9.77 214
10.0276 102
11.1148 129
11.2846 149
11.3815 241
11.9363 184
12.0447 183
12.1264 83
12.4199 123
12.4487 119
12.6262 241
12.8094 108
12.9182 152
12.9377 135
12.9399 102
13.1021 96
13.2696 231
13.2841 141
13.4915 232
13.507 174
13.733 137
13.898 89
14.3297 151
14.9267 84
15.1863 150
15.4502 119
15.6059 87
15.772 226
16.4834 164
16.5344 97
16.8431 150
16.8585 233
16.9534 233
17.0452 136
17.5274 85
17.8044 92
17.9501 226
17.9932 102
18.0704 174
18.2376 113
18.8346 142
19.2587 87
19.4381 95
19.6023 85
19.6305 165
20.4043 197
20.6818 156
20.7628 89
21.187 204
21.6188 106
21.7688 121
21.8549 209
22.1649 229
22.2795 161
22.5306 126
22.5786 186
23.0482 84
23.1591 88
23.2093 95
23.2619 217
23.378 129
23.5325 157
23.7945 129
23.855 160
24.0464 175
24.3491 205
24.8312 199
25.2944 208
25.6294 204
26.4072 215
26.8962 88
26.8998 127
27.27 156
27.3471 243
27.5634 183
28.0622 204
28.2543 207
28.2641 108
28.5887 220
28.6163 114
28.6239 233
28.7447 240
29.0568 183
29.2358 189
29.3477 169
29.4777 141
30.5015 122
30.911 153
31.1784 178
31.258 183
31.2979 197
31.3305 178
32.0675 102
32.3143 246
33.5437 883
15096
8.6977 154
9.2242 195
9.88 147
10.2008 182
10.7133 145
10.7185 238
10.7429 199
11.0699 195
11.6203 205
12.1968 248
12.3778 171
12.4425 173
12.7494 207
12.8002 175
13.0186 155
13.2128 108
13.5482 189
13.5734 234
13.5984 213
13.9637 108
14.1562 197
14.6515 183
14.9131 180
15.9225 139
16.644 139
16.9916 207
17.2834 234
17.3301 225
17.3356 221
18.2966 155
18.3729 194
18.8014 225
18.8139 194
20.5291 116
20.8405 211
20.9629 164
21.0574 188
21.2121 136
21.6379 122
21.9274 163
22.2896 183
22.6195 177
22.7147 94
22.8853 165
22.981 165
23.5665 205
23.683 155
23.8306 230
23.851 146
23.9452 233
24.0866 155
24.132 191
24.5576 123
25.2305 246
25.8352 223
26.1389 188
26.573 180
26.5748 116
26.6162 187
26.6275 223
26.963 220
26.974 140
27.1392 157
27.1801 175
27.261 193
27.6664 100
28.2209 246
28.2634 122
28.5211 242
28.6674 155
28.7968 212
28.9635 232
29.4744 93
29.9522 142
30.3133 188
31.0284 173
31.539 99
32.0027 179
32.1832 165
32.2152 89
32.5955 179
32.9581 155
33.1398 178
34.0833 127
34.1843 112
34.4312 193
34.6317 112
34.7342 172
34.823 169
35.3511 147
35.9227 1
9202
5.2732 131
6.1095 153
6.4636 178
6.5923 128
6.6083 139
6.9983 226
7.6986 208
7.8645 150
8.0249 187
8.1053 108
8.3877 220
8.7031 91
9.2802 86
9.717 245
9.8679 199
9.9409 129
10.7955 204
11.2258 100
11.5461 96
11.7494 224
12.2212 247
12.6174 91
12.6363 147
12.667 226
12.6899 212
12.8631 137
13.3016 126
13.5468 240
14.0524 174
14.1593 173
14.2466 179
14.2673 110
14.6371 123
14.6722 173
14.6767 112
14.8426 132
14.9717 193
14.9807 231
15.2881 120
15.2966 186
15.3635 126
17.4553 228
17.745 187
18.2244 193
18.3022 86
18.5804 239
19.5263 86
19.701 127
20.8002 157
20.8678 188
21.9928 223
22.647 194
22.7846 209
22.8032 210
23.5465 212
23.7424 197
23.8048 146
24.0863 114
24.3337 87
24.6534 201
24.9799 213
25.1304 141
25.2671 236
26.0599 1
5331
5.6749 114
6.9822 114
7.4109 184
7.7388 157
8.0042 225
9.062 204
10.1444 217
10.4027 196
11.7374 220
13.2494 212
13.8327 119
13.9788 94
14.0385 225
14.3221 133
14.5785 127
14.9582 244
15.237 153
15.461 126
15.5344 105
15.6401 187
16.7838 194
18.4822 187
18.9508 216
19.6117 221
19.6228 230
19.8623 121
19.9604 112
20.0663 194
20.7215 185
21.4182 130
21.9004 110
21.9836 205
22.5098 115
22.6004 145
22.7048 187
23.3117 185
23.3241 231
23.7033 202
23.928 229
24.2911 225
24.4249 244
25.6361 187
26.4826 150
26.7239 108
26.8729 125
27.0198 128
27.1555 156
27.2639 1
12572
5.4385 239
6.006 139
6.2069 110
6.2345 158
6.2367 217
6.4139 148
6.919 228
7.1138 123
7.5752 189
7.6795 225
7.7116 235
8.2046 218
8.476 201
8.6884 168
9.0148 237
9.3711 108
9.7534 157
9.7828 155
9.7854 232
9.8991 168
10.4331 215
10.8274 207
11.0579 118
11.0991 150
11.6242 201
11.8483 224
12.2071 196
12.3126 211
12.7228 116
12.7761 184
13.0565 213
13.3102 180
13.4869 109
13.55 88
13.8572 185
13.9546 164
14.1207 176
14.1401 221
14.2716 153
14.5305 130
14.6727 99
14.823 163
15.1018 143
15.2064 115
15.3392 146
15.3605 187
15.3989 212
15.7176 133
15.8779 204
15.8805 118
15.967 238
16.3103 226
16.577 108
16.9064 240
16.9317 156
17.9851 120
18.336 178
18.3433 246
21.2011 135
21.877 178
22.0398 115
22.3632 197
22.9928 131
23.0381 187
23.5279 234
23.608 201
23.9197 239
23.9592 190
24.0899 220
24.1468 130
24.3391 110
24.8709 240
24.9798 237
25.142 174
25.4172 200
25.644 204
25.6548 202
25.8571 90
25.9452 219
25.9729 219
26.1736 169
26.6012 219
26.629 83
26.8552 209
28.1289 190
28.3326 100
28.4192 143
28.5428 160
28.5509 237
28.5828 246
28.6847 166
28.993 233
29.1608 243
29.4042 241
30.0806 177
30.206 195
30.3403 1
14075
5.9863 131
6.6268 206
6.6442 107
6.8353 234
7.6681 96
7.7869 246
7.9423 94
8.2544 177
8.4128 229
8.4369 210
8.4929 143
8.7345 190
9.2358 212
9.3347 238
9.5816 140
9.923 182
10.2867 167
10.4678 233
10.9862 89
11.3926 92
11.4219 193
11.5996 124
11.6549 151
12.014 153
12.1239 229
12.6405 215
12.7409 100
12.8369 195
13.1016 84
13.2305 154
13.3476 177
13.6932 227
14.6528 130
15.3844 179
15.512 151
16.1893 108
16.4421 244
16.5053 90
16.7372 188
17.3007 140
17.4477 192
17.8783 201
18.3436 226
18.812 244
18.8952 227
19.5276 120
20.0504 220
20.2953 117
21.265 169
21.3854 90
21.4019 220
21.9607 227
22.4259 221
22.9801 241
23.3262 201
24.1022 242
24.519 209
24.8116 84
25.0469 108
25.5828 221
25.6675 190
25.7843 155
26.1723 104
26.559 168
26.7783 108
26.9 142
27.4245 188
27.6092 123
27.698 109
27.6992 234
27.7302 230
28.679 92
28.6846 196
28.7411 210
28.9694 123
29.0505 210
29.3689 221
29.735 204
29.895 204
30.1652 243
30.526 106
30.5599 154
30.6398 108
31.5833 240
31.5886 236
31.7861 218
31.8159 198
32.028 178
32.2914 103
32.8608 145
33.1023 1
6356
4.9387 84
4.9494 247
5.0128 147
5.4963 161
5.6037 156
5.9502 88
6.3481 232
6.4718 165
6.5741 245
6.7822 84
7.1051 246
7.77 222
7.8152 219
7.8692 179
8.1363 234
8.1687 161
8.9743 106
9.2927 89
10.7445 168
10.9745 149
11.163 86
12.4792 177
13.102 224
13.2774 185
13.5929 135
13.6674 190
14.4417 162
14.7791 172
15.0454 197
15.2652 150
15.3361 161
15.6599 94
16.0931 111
16.0936 199
16.0942 161
16.3622 143
16.4406 186
17.0589 88
17.7607 245
18.0068 172
18.1021 168
18.1028 162
18.4765 120
18.53 226
18.5748 137
18.7315 195
18.9674 139
19.3367 118
20.2875 207
20.2962 171
20.8197 138
21.0993 170
21.1 102
21.2337 201
21.3558 151
21.5942 229
21.7659 97
21.8945 209
22.0128 212
22.6558 214
22.6953 157
23.1385 187
23.4411 240
23.4969 1
4939
4.7272 129
5.1757 211
5.2943 153
5.6973 148
5.7963 176
5.9611 156
6.0664 140
6.3117 202
7.1602 133
7.4841 132
7.7003 126
7.869 86
8.8723 104
9.8077 154
10.0986 107
10.8361 227
14.2017 230
14.2391 248
14.723 166
15.448 206
15.6138 123
15.9435 212
16.1809 108
16.5761 211
16.7101 107
16.9725 149
18.5089 127
18.6006 175
19.7247 217
20.5915 146
21.3421 174
22.4794 220
23.0636 130
23.108 181
23.2172 180
23.2292 190
23.7042 203
23.7623 84
23.9251 99
23.9479 145
24.1442 191
24.4598 247
25.051 129
25.8994 104
26.1023 141
26.1288 118
26.3809 228
27.0224 1
11927
3.458 185
3.5532 184
4.3974 221
4.9311 145
5.2537 98
5.3171 123
5.483 171
5.7136 210
5.7492 213
7.2858 110
7.3241 91
7.3619 209
7.542 115
7.9096 171
8.1083 203
8.2579 185
8.4676 98
8.8293 246
9.2837 209
10.338 221
10.3951 153
11.0556 242
11.2096 124
11.4139 184
11.5491 125
11.9835 186
12.3216 112
12.5253 196
13.3113 128
13.5835 149
13.7372 133
13.7898 209
14.009 208
14.3865 152
14.7709 236
14.831 238
14.9079 186
15.2034 237
15.3098 98
16.3348 147
16.4999 152
16.5055 164
17.1777 106
17.4173 119
17.6051 152
17.7827 198
17.9624 143
18.183 189
18.5349 208
18.6234 161
19.0095 186
19.0236 126
19.2866 84
19.4344 85
19.7531 209
19.887 93
19.8896 173
20.4883 206
21.0698 97
21.1671 155
21.2681 110
21.6011 211
22.1139 133
22.2509 243
22.2779 247
22.3845 156
22.7497 231
23.0672 129
23.1853 124
23.2194 214
23.4814 187
23.5659 172
23.5834 109
23.9527 184
24.874 179
24.8899 184
25.3429 215
25.3946 162
25.5476 169
25.5826 95
25.9792 106
26.2645 96
26.3868 176
26.5187 120
26.7256 129
26.9067 178
26.9783 169
27.2433 210
27.7333 122
27.8599 170
28.1554 209
28.283 199
28.3248 167
28.3951 215
28.5573 211
29.0146 117
29.4177 1
13122
4.0163 118
4.321 153
5.1109 236
5.1329 183
5.64 191
6.1042 185
7.3003 219
7.3053 194
7.353 185
7.4964 183
7.9136 182
8.0854 155
8.1027 154
8.7428 187
8.8711 169
9.1198 125
9.4499 107
9.9423 207
10.0457 220
10.2353 139
11.8599 135
11.9189 85
12.004 230
12.0528 105
12.2966 231
12.5112 149
12.5784 244
13.0175 127
13.4512 106
13.8339 181
13.9607 99
14.6217 124
14.7982 186
14.8146 83
14.8559 139
14.932 243
15.3298 143
15.3559 244
15.4629 176
15.9056 224
16.2628 106
16.3862 210
17.0323 143
17.8653 129
17.968 213
18.1474 226
18.1879 225
18.5749 105
18.7277 101
19.2371 181
19.2507 131
19.5628 146
19.7008 151
19.7864 217
20.0338 156
20.1039 162
20.4632 166
21.0274 176
21.1081 114
21.4273 172
21.4749 174
21.6619 241
21.8782 228
21.996 227
22.4303 99
22.5727 110
22.7825 194
23.6477 156
23.6832 176
23.7172 119
23.9001 208
24.1974 229
24.5485 217
25.2573 123
25.6484 111
25.7204 104
26.6844 233
27.6348 110
27.6489 181
27.9631 124
28.1512 129
28.3821 92
28.6838 182
29.3387 100
29.4183 103
29.5383 194
30.4519 146
30.5519 241
30.7779 182
31.6384 112
31.8406 1
6720
3.6376 167
4.003 106
4.0888 132
4.9109 182
5.0121 235
5.1234 176
5.629 115
5.8352 242
6.2485 175
6.4436 92
6.4669 167
6.493 122
6.7543 172
7.0269 183
7.0597 138
7.2468 121
7.3252 166
7.3299 199
7.6063 93
7.6081 191
7.6937 150
8.5587 137
8.7293 190
8.9629 141
8.9762 91
9.5993 247
9.653 145
10.4044 119
10.8998 208
12.1581 174
12.4985 135
13.3573 188
13.5084 114
13.7858 182
14.0919 157
14.5988 144
15.0914 155
15.2763 209
15.3489 240
15.3542 227
15.4993 195
15.6998 153
16.3479 181
16.3796 124
17.1303 139
18.3247 125
18.5608 114
18.6209 203
18.999 208
19.0382 113
19.7401 192
19.8942 93
20.4769 155
20.5104 167
20.5386 120
21.0496 174
21.2439 203
21.3699 108
21.7637 144
21.9475 127
22.3202 233
22.3898 144
23.5274 130
23.8113 1
4774
3.5578 109
3.8965 242
4.5847 135
4.8528 96
4.9263 131
5.0548 107
5.0785 174
5.2169 146
5.4725 119
6.2175 226
6.5544 247
6.5986 90
7.4466 221
7.7791 184
8.4303 102
9.0365 144
9.0712 244
9.4227 121
9.4983 248
9.5426 192
10.7556 152
10.7939 240
10.8622 213
11.2566 107
11.4227 105
11.4718 174
11.7978 141
12.1509 160
14.4167 206
14.946 131
14.9552 207
15.6784 235
17.6919 237
17.8668 172
18.6015 112
18.6323 155
19.1437 249
19.9125 95
20.5956 234
20.8346 208
20.908 233
21.4696 141
21.8222 149
22.4004 188
23.2904 246
24.5083 142
24.633 158
24.7371 1
11141
2.5525 163
3.0522 130
3.0572 170
3.5202 105
3.5668 122
4.2218 144
4.3705 181
4.4796 108
4.5856 133
4.9462 172
5.0105 236
5.0713 88
5.4861 168
5.6668 125
5.7141 179
6.0687 178
6.148 177
6.7811 145
7.608 95
8.084 86
8.2382 111
9.0023 179
9.2056 168
9.8323 165
9.8836 147
11.0752 135
11.1338 160
11.4453 149
11.5866 169
11.5954 236
11.8492 187
12.1758 179
12.3524 188
12.9864 107
13.1645 165
13.1976 144
13.2309 135
13.3321 212
13.5803 127
13.7324 100
13.841 194
14.0399 213
14.1601 208
14.1901 188
15.1617 107
16.0324 102
16.0504 240
16.5425 226
16.6469 218
16.6997 197
16.8343 230
17.771 224
17.9093 246
18.7658 130
19.1486 244
19.3341 220
19.6651 155
19.8255 145
20.1291 210
20.3052 168
20.3221 218
20.5167 113
20.6588 192
20.9906 227
21.0891 216
21.1214 186
21.1565 221
21.2416 246
21.328 209
21.5567 235
21.6396 215
22.1579 88
22.2104 179
22.467 237
22.8794 153
22.8857 155
22.9901 228
23.1189 166
23.335 202
23.3688 209
23.412 169
23.4144 246
23.4515 192
23.5634 145
23.5675 126
23.7859 122
24.0683 176
25.2227 118
25.2817 132
25.6625 95
25.9576 202
25.987 220
26.1847 240
26.2992 144
27.1641 115
27.8037 148
27.9981 1
11643
2.2826 153
2.7594 243
3.2641 203
3.3801 89
3.7379 104
3.7861 114
4.4201 209
5.6073 247
5.6932 146
5.7013 217
6.5703 136
6.5704 243
6.7432 199
7.3535 158
7.4785 174
7.4895 128
7.7219 134
7.937 89
8.8043 212
8.8888 141
9.0102 195
9.0162 225
9.3263 212
9.6187 169
9.6585 249
10.5192 109
10.566 194
11.5496 134
11.6016 213
11.6407 224
12.5746 173
12.9529 200
13.0118 244
13.1109 187
13.2083 188
13.4796 203
13.6267 116
13.9076 84
14.0739 166
14.407 192
15.5694 239
15.5927 229
15.8251 139
16.7893 214
16.9748 225
17.0851 156
17.4571 105
17.5188 238
17.5635 151
17.9652 221
18.1053 182
18.7621 98
19.1441 125
19.3254 220
19.4839 87
19.7667 178
19.8943 180
19.9828 140
20.1367 113
20.2021 166
20.8117 186
21.7145 241
21.8932 217
22.368 132
22.5145 161
22.7319 236
23.0674 137
23.1458 140
23.9828 107
24.2844 96
24.4183 133
24.8946 201
25.06 127
25.0862 131
25.2512 207
25.9553 143
26.0041 85
26.2418 156
26.4934 152
27.0172 133
27.5882 221
27.678 218
27.8317 239
28.0218 86
28.1782 120
28.3845 182
28.8102 105
29.0748 248
29.1228 169
30.3594 112
30.7005 1
6338
1.3841 218
1.4695 101
2.8678 202
3.261 215
3.3521 121
3.366 104
3.5768 150
3.5965 128
3.952 248
4.1091 158
4.4623 109
4.7099 151
4.7497 238
4.7859 129
5.2507 217
5.8295 239
6.5249 245
6.7246 232
6.8698 248
6.9559 227
7.1668 108
8.1526 91
8.4302 127
8.6849 129
8.9042 141
9.2357 222
9.2428 121
9.7911 216
9.8907 154
10.2921 172
10.4038 241
11.2376 150
11.2667 157
11.7596 190
11.9198 169
12.1869 111
12.3455 173
12.6311 109
13.0144 187
13.2601 120
13.3875 96
13.6441 104
14.3764 137
15.0499 224
15.4652 110
15.6225 164
15.7503 181
16.3523 144
16.4121 140
16.825 170
16.9077 95
17.3412 199
17.4289 120
17.4906 108
18.1923 129
18.6571 215
18.9687 244
18.9812 139
19.434 198
19.5464 144
19.5838 215
21.0161 183
21.3325 207
22.1528 1
3815
1.0578 103
1.497 223
2.097 241
2.2118 165
2.5908 112
2.6799 201
3.4396 221
4.28 238
5.6594 114
5.7643 156
5.7977 113
6.284 134
6.3015 225
6.686 172
7.1325 115
7.3387 234
7.544 121
8.4756 156
10.4757 168
11.0853 128
12.2765 241
13.201 113
13.8473 154
14.1739 117
14.3481 142
14.4432 156
14.5797 99
14.7816 214
14.857 236
14.9365 209
15.2703 198
15.2901 137
16.891 241
16.9489 120
16.9897 170
17.3001 116
18.1851 157
18.3115 92
18.686 183
18.8028 128
19.0384 186
19.5362 144
20.9492 172
22.1197 126
22.3035 115
22.6987 109
22.7886 98
22.7986 1
9069
1.5306 185
1.7477 129
1.8281 94
2.0649 219
2.1305 209
2.1337 87
2.5128 205
2.5942 139
3.0109 151
3.4717 142
3.8645 146
4.3488 227
4.5379 175
4.6765 91
6.2403 234
6.3314 200
6.732 170
6.8574 218
6.8937 87
7.262 123
7.5885 129
7.717 84
7.992 243
8.0685 238
8.073 97
8.083 229
8.1829 134
8.6522 120
9.0049 148
9.0153 107
9.9465 224
10.0432 97
10.1473 103
10.4938 130
10.5985 110
10.6235 218
10.7051 95
11.0337 162
11.1351 165
11.2312 128
12.0504 229
12.0789 94
12.1397 218
12.2737 217
12.4828 206
12.9857 235
13.0358 103
13.3245 140
13.3383 213
13.6923 139
14.0403 112
14.1737 107
14.3021 151
14.3026 249
14.3158 189
14.4342 162
14.7405 191
15.7963 129
15.8517 111
15.8653 244
16.0511 144
16.177 232
16.925 103
17.2657 206
17.5867 244
17.8222 231
18.9946 101
19.1971 227
19.3109 130
19.3391 187
19.3628 109
19.6312 134
19.8613 243
20.0635 163
20.2536 186
20.6219 162
20.6825 234
21.0335 136
21.4011 178
21.4099 207
21.4512 87
21.784 191
21.8716 173
22.1732 168
22.2536 158
22.4168 101
22.915 140
23.1625 186
23.4863 248
23.4917 174
24.2608 94
24.8779 224
25.0076 243
25.1174 241
25.494 128
26.255 188
27.3909 1
9736
1.0612 113
1.6869 97
2.4416 132
2.9886 184
3.1586 150
3.1609 220
3.3346 172
3.382 147
3.5929 121
3.7386 222
3.7739 171
3.8491 188
3.9931 149
4.4939 192
4.8829 199
5.0837 100
5.4896 153
5.7699 248
5.8011 111
5.8279 245
6.2013 202
6.4204 180
6.5057 172
6.5803 210
6.7061 160
6.9353 142
9.3663 135
9.3865 122
9.3889 129
9.6955 181
9.7088 105
9.7543 160
10.1708 144
10.6045 226
10.8006 171
10.8715 127
11.2327 149
11.4961 93
12.1133 241
12.7016 110
12.9709 165
13.1989 103
13.4511 133
13.8509 187
13.8776 217
14.1579 203
14.7327 153
14.8809 206
15.064 198
15.51 209
15.7031 116
16.0652 238
16.2827 184
17.2568 108
17.2931 219
17.7644 103
17.9822 146
18.8963 141
18.9912 247
19.029 218
19.428 235
19.554 157
19.8091 92
20.4637 90
20.5486 116
20.5801 132
20.7051 218
20.9477 221
21.0146 201
21.6818 237
21.7985 225
21.992 238
22.1447 203
22.152 128
22.9631 105
23.5655 201
23.7693 171
24.533 229
24.8588 227
25.0077 167
25.1233 238
25.3616 185
25.4772 139
26.1872 103
26.1986 164
26.438 229
26.7056 175
27.0055 93
27.6887 221
28.6434 157
28.8651 1
4769
2.2557 248
2.2656 216
3.1405 157
3.436 208
3.5706 89
3.9528 96
4.7207 118
4.8189 228
5.1474 95
6.1551 110
6.423 100
7.1655 128
7.1692 86
7.2483 127
7.3055 211
7.518 195
7.8507 141
7.8734 154
7.8749 94
8.0526 236
8.2925 121
8.5685 85
9.4515 92
9.7917 186
9.7975 195
11.3179 144
11.7765 182
11.8954 209
12.3808 108
12.787 113
13.112 209
13.2041 170
13.2042 237
13.2891 219
13.4203 157
13.5135 100
13.6598 117
14.0182 243
14.0447 199
14.8194 222
14.9124 166
14.9881 230
15.4126 109
15.5329 120
16.0003 155
16.2611 141
16.5345 229
16.5829 85
16.9355 102
17.3934 106
17.6523 155
17.7586 160
17.8337 158
18.6585 242
19.7031 167
20.8604 189
21.0687 246
21.3901 219
21.7532 188
21.7892 204
21.8536 199
21.9265 100
22.8696 95
22.8978 1
3568
2.0055 193
4.2152 148
5.0173 147
7.7109 217
7.7815 217
8.5107 149
9.244 214
9.5724 126
9.8779 190
9.9978 116
10.2205 221
10.3877 211
10.8655 156
11.0798 112
11.1071 203
11.4114 95
11.5444 187
12.0996 132
12.2124 124
12.2518 191
13.3569 188
13.3644 229
14.0276 105
14.3733 201
14.9223 223
15.133 237
15.8526 84
15.9379 143
16.9884 215
17.1395 107
17.6211 187
18.2442 202
20.1259 96
20.1262 98
20.5347 203
20.9032 144
21.7486 151
22.2304 189
23.2724 109
23.5052 165
23.5262 155
23.6766 145
24.029 128
24.3602 178
24.9031 195
24.9939 141
25.12 176
26.3452 1
8057
2.3304 211
2.7864 165
2.8199 162
2.9352 162
3.8045 96
3.8134 88
3.9737 84
4.2568 224
4.4007 95
4.7919 245
4.9745 196
5.2959 232
5.6129 238
5.8144 105
6.1793 136
6.3465 208
6.7955 174
7.5641 248
7.7731 213
7.8274 161
7.8712 181
8.2805 219
8.4164 197
8.4256 174
8.6457 116
8.7542 98
8.7818 145
8.8099 227
8.9448 131
9.2913 192
9.7 145
10.079 95
10.5081 187
10.5152 199
10.9091 224
11.1617 103
11.3231 135
11.438 128
11.8064 193
12.0367 184
12.4411 179
12.5835 158
12.8566 93
13.1095 214
13.3131 158
13.3601 246
14.0056 139
14.7961 124
14.8132 214
15.0904 165
15.3445 151
15.368 136
15.5531 211
15.6482 183
15.8753 119
16.1193 136
16.8749 127
16.9542 124
17.1774 118
17.1964 141
17.6562 130
17.8475 150
18.4004 100
18.5778 110
18.6054 152
18.8751 141
19.2197 103
19.2552 142
19.6085 89
19.9192 167
20.3628 189
20.4031 89
20.7705 104
21.085 182
23.0733 220
23.4759 157
23.5862 233
23.6263 85
23.7425 144
24.1473 213
24.8478 94
25.2275 99
25.7746 127
25.9269 126
25.9683 165
26.0114 236
26.052 184
26.4274 150
26.6249 239
26.6607 243
26.8054 141
26.8759 182
26.9246 161
27.1894 114
27.2976 249
27.3572 162
27.5095 1
8151
2.4583 145
2.4868 230
3.8784 169
4.1306 95
4.1559 170
4.2701 171
4.3889 92
4.3899 108
4.7085 243
4.9489 171
4.9844 93
5.5078 211
5.6472 195
5.7933 124
6.5646 239
6.6591 106
6.662 197
6.6738 156
7.2978 192
7.6785 156
7.9663 221
8.4006 154
8.56 88
8.618 233
8.8198 166
8.9462 188
9.1363 187
9.4169 105
9.9875 89
10.5089 247
10.6799 167
11.7546 136
11.7918 126
12.6133 165
12.6502 197
12.9806 194
13.0657 109
13.5393 195
14.69 101
15.1727 84
15.3002 148
15.4153 161
15.7271 84
16.1783 186
16.2895 149
16.3289 106
16.6186 199
16.6324 164
16.8476 202
16.8673 221
17.6394 115
17.807 227
18.0298 197
18.4361 163
18.7331 194
18.8929 100
19.0501 87
19.0672 179
19.2432 216
19.9059 103
20.2631 204
20.929 182
20.9782 230
21.0613 146
22.6801 136
23.5379 239
23.8164 87
23.8625 85
24.1047 213
24.1251 192
24.4469 168
24.486 138
24.7151 140
24.9054 137
25.5711 113
25.7845 191
25.8647 112
26.6863 222
27.0773 88
27.2144 177
27.2621 224
27.3311 241
27.8219 232
27.8811 92
28.0882 110
28.706 234
29.7949 187
30.2634 232
30.7098 213
31.3869 164
31.4749 1
4278
3.3327 90
4.9235 215
5.1564 161
5.2899 96
6.3757 232
6.5273 121
6.7002 223
7.0516 117
7.5437 136
7.6517 209
7.8984 178
8.0364 205
8.2299 100
8.4714 98
8.8208 229
8.9468 185
9.0432 226
9.1769 235
9.3957 174
9.7691 244
9.9543 136
9.9778 95
10.7802 225
10.8727 171
11.2837 109
11.9585 154
12.059 124
12.0778 249
12.0928 138
13.0338 196
13.0742 151
13.0868 158
13.5506 167
13.8696 196
13.89 129
14.0836 84
14.2193 221
15.2692 160
15.2905 245
15.8484 120
15.9512 111
16.0463 242
16.4904 168
16.833 155
17.0712 234
17.2643 198
17.6454 164
18.9348 229
19.1401 214
19.374 129
19.5207 191
19.6938 196
19.9782 165
20.4716 92
20.7592 125
21.4543 188
21.5024 171
21.7795 204
22.5643 148
22.6118 118
23.1399 202
23.6889 96
24.7213 220
24.8397 1
3379
3.3647 210
4.5176 235
4.9805 133
5.733 222
5.8485 205
7.1189 185
8.2079 94
8.3592 87
9.4204 142
10.2531 171
10.393 209
10.4622 200
10.478 129
10.5022 127
10.6138 123
11.3414 144
11.6118 99
11.9911 141
12.4313 191
12.9761 218
13.0687 175
13.2316 119
15.6115 93
16.0494 107
16.1263 190
16.3102 119
17.6013 125
17.6861 116
19.1387 196
19.1505 219
19.2362 142
19.2825 163
19.3269 161
19.4423 92
19.5523 137
19.7108 158
20.4153 143
21.0159 87
21.7748 189
22.0185 219
23.4574 188
24.1538 238
24.5189 130
24.883 231
25.0939 115
25.1969 211
25.3678 103
25.961 1
7284
3.3157 128
4.1402 235
4.7338 187
5.3929 97
5.5503 203
7.1177 142
7.239 208
7.3973 92
7.9836 186
8.0329 115
8.3875 188
8.6024 113
8.6371 191
8.6622 89
8.7384 245
8.8856 178
8.9786 223
9.0889 192
9.8595 114
10.0827 141
10.224 193
11.0775 206
11.2557 184
11.393 83
11.4293 231
11.6898 228
12.0321 205
12.4852 188
12.8192 167
13.3576 194
13.3656 135
13.3965 143
14.0191 134
14.3274 125
14.3773 227
15.4148 162
15.4512 136
15.5941 219
15.8382 162
16.3542 190
16.8808 235
17.0387 177
17.2137 105
17.4007 135
17.5475 113
18.0031 177
18.2379 205
18.4508 146
18.6439 131
19.1891 192
19.8767 221
20.5024 165
20.6581 157
20.8689 89
20.8831 127
21.6672 96
21.8745 207
22.1304 153
22.1935 132
22.2862 185
22.3568 233
22.7464 207
23.0314 94
23.3341 149
23.7433 201
23.999 200
24.2328 127
24.3511 222
24.4511 124
24.7217 184
24.7565 146
24.8288 175
25.2806 188
25.3122 124
25.5108 141
25.6182 103
25.6747 215
25.706 131
25.7656 139
25.7928 99
26.0715 229
26.0796 223
26.0978 179
26.2763 90
26.8557 140
27.4892 211
27.5262 86
27.5373 113
27.7805 208
27.8296 121
28.0964 142
28.1085 145
28.2322 233
28.2666 112
28.5158 98
29.143 149
29.3905 1
9125
4.8696 136
5.1452 107
5.3684 125
5.4036 116
5.5312 169
5.5577 144
5.6069 211
5.7524 242
5.7667 88
5.9533 160
5.9903 208
6.4484 108
6.629 229
6.8364 125
7.0458 163
7.156 93
7.609 248
7.8767 142
8.3267 163
8.3642 170
8.7647 222
9.1853 221
9.2418 111
9.2922 175
9.8004 94
9.9676 161
10.2375 189
10.884 96
11.1624 226
12.3684 113
12.7021 113
12.9416 127
13.1137 217
13.7787 227
14.5742 166
15.1203 177
15.2709 243
15.5484 113
15.6966 192
15.7764 241
15.8103 176
15.8998 112
16.0526 201
16.2009 184
16.6757 167
17.7516 157
17.8977 118
17.9089 126
18.1043 184
18.1209 229
18.1769 98
18.5735 233
18.7864 235
18.8394 198
18.8535 233
19.133 151
19.1786 92
19.4005 98
19.7313 203
21.1048 158
21.1511 193
21.9417 181
22.0201 240
22.2256 166
23.0074 175
23.2044 133
23.2244 83
23.5808 202
24.0393 127
24.4113 163
24.609 153
24.89 233
25.1935 231
25.3355 166
25.5465 138
26.0451 135
27.5846 116
27.9673 225
28.2779 94
28.5858 132
28.7708 158
28.8961 190
29.0849 198
29.3204 129
29.7821 169
30.1057 230
30.2552 169
30.6347 103
30.6497 221
30.781 178
32.4129 1
7565
4.3168 144
5.4496 97
5.4853 112
5.501 189
5.8098 195
5.8976 238
6.0104 194
6.618 233
6.827 238
7.0734 188
7.732 117
9.223 143
9.492 176
9.5157 248
9.5941 172
9.7254 198
9.7665 151
9.9928 206
10.1323 231
10.3419 186
10.4685 199
11.5722 131
11.6066 132
11.8186 149
12.0249 244
12.1699 143
12.3465 191
13.0109 222
13.1699 240
13.5641 177
13.8192 130
13.92 245
14.1148 127
14.2651 206
14.6045 100
14.7518 193
15.1527 99
15.4983 173
16.3647 149
16.4912 98
16.5203 219
16.887 101
16.9406 145
16.9602 96
16.9973 156
17.1768 227
18.4202 100
18.4455 131
18.6775 125
18.9189 244
18.9366 231
19.2684 108
19.361 92
20.3443 107
20.5416 232
20.7498 228
21.0918 217
21.1388 183
21.4202 114
21.6335 177
22.3535 189
22.925 164
23.4175 168
24.7195 1
4352
3.4777 153
5.5877 125
6.1369 140
6.7444 171
7.5853 113
7.8085 217
7.8193 181
7.8531 109
8.0459 190
8.9964 181
9.6295 180
9.6405 85
9.6728 151
10.6932 170
10.8007 105
11.5725 89
13.1161 130
13.9562 98
15.0788 207
15.4448 135
15.9197 87
16.3814 194
17.0762 135
17.4276 103
17.7009 219
18.5164 100
18.5252 126
19.2797 244
20.0507 238
20.6704 132
21.0225 122
21.1977 118
21.3191 135
21.6893 189
22.2117 176
22.5537 127
22.6295 191
22.9941 207
23.0528 144
23.7094 144
23.8705 119
24.9707 117
25.2373 111
25.3038 133
25.4043 130
25.8595 237
26.5872 103
26.8745 1
9694
4.4124 104
4.831 249
4.864 243
4.899 194
5.0195 89
5.4604 160
5.7767 166
5.8452 85
6.2391 243
6.4064 196
6.4944 153
6.5771 113
6.6424 152
6.7663 141
6.9977 139
7.1827 242
7.5711 157
7.6617 139
7.7114 139
7.7555 135
8.5361 117
8.867 164
8.8685 167
9.1603 242
9.3 170
10.1386 96
10.3195 181
10.4969 138
10.5905 153
10.6913 147
10.8051 231
11.1967 194
11.605 185
11.8368 106
11.8765 148
12.0153 88
12.0462 242
12.8452 200
13.1227 211
13.16 97
13.4668 137
13.6225 108
14.1757 163
14.2072 196
14.2374 209
14.404 205
14.6965 132
14.8974 183
15.0908 121
15.2026 131
15.3291 126
15.5823 140
16.0878 219
16.12 111
16.6499 218
16.797 163
16.8526 219
17.0324 209
17.5049 188
17.56 100
17.9381 192
18.0991 215
18.2556 237
18.8523 187
19.1649 185
19.4159 248
19.4174 91
19.4242 127
19.5469 110
19.6579 173
19.8867 108
20.4466 192
20.8153 194
20.8478 142
21.2466 206
21.6417 113
21.7728 112
21.8416 125
21.8865 166
21.9178 84
22.0894 231
22.839 114
22.864 148
24.924 112
25.3159 224
25.5631 116
25.8785 134
26.6077 208
26.609 201
26.6116 169
26.712 85
26.7946 115
27.2036 111
27.581 201
28.957 150
29.0837 213
30.0234 1
12783
4.3375 145
4.3568 135
5.5846 157
5.7124 101
5.8789 194
6.1477 87
6.3691 175
7.3644 89
7.4468 88
7.8261 195
7.9823 105
8.04 161
8.488 189
8.5151 192
8.5498 182
8.6787 223
8.9969 229
9.2968 237
9.7804 218
10.0798 145
10.3039 128
10.5592 148
12.0113 171
12.0175 161
12.9595 98
13.0736 203
13.4472 170
13.8181 182
14.0057 164
14.3208 97
14.9629 190
15.0794 247
15.19 224
15.4195 239
15.7682 166
16.3165 206
16.4161 215
16.8086 105
17.0101 106
17.1974 169
17.2106 164
17.5483 151
17.7663 230
17.8997 86
18.0843 211
18.1616 191
18.2083 152
18.3518 245
18.577 113
18.6895 164
19.2764 136
19.5333 174
19.5551 232
19.5703 90
19.6208 158
20.6481 155
20.6956 126
20.7199 130
20.8393 130
21.2131 114
21.2564 88
21.4486 157
22.8683 97
23.2216 164
23.6532 122
23.9925 132
24.1241 194
24.5371 183
25.4388 94
26.2307 103
26.6262 178
26.6817 151
26.807 126
27.085 201
27.2323 134
27.4574 208
27.6572 184
28.1588 166
28.7642 136
28.7799 129
29.0155 114
29.1426 147
29.3329 107
29.5958 173
30.048 157
30.2391 183
31.0817 114
31.2788 205
31.3629 235
32.0542 94
32.1115 1
8510
4.6599 135
4.7934 206
5.4276 190
5.9735 131
7.0925 159
7.5052 89
8.0142 93
8.0909 189
9.0559 120
9.2205 193
9.4642 141
9.4912 131
10.2453 128
10.3267 176
10.556 196
11.3426 207
11.5094 128
11.7343 206
11.9073 92
13.1523 126
13.556 194
13.9099 205
14.0273 96
14.4246 199
14.4773 170
14.6758 146
15.1197 86
15.3007 202
15.384 154
15.5255 240
15.707 186
17.197 195
17.2341 227
17.36 226
17.579 193
17.6156 161
18.2233 134
18.4467 143
18.5102 156
18.5847 232
18.7175 144
18.9495 109
19.5151 219
19.536 151
19.596 210
20.0755 87
20.089 142
20.1098 201
20.1414 119
20.5018 156
20.8333 166
21.3292 188
21.4971 85
21.5212 216
21.708 138
21.9114 239
22.8862 214
23.2497 220
23.4627 159
24.1275 199
24.2734 135
24.3641 191
24.4943 156
24.9169 1
7277
4.6936 195
6.6029 165
7.9229 97
8.1347 148
9.2564 143
9.3186 171
9.3546 239
9.4956 202
10.0533 132
10.1656 107
11.0131 113
11.1252 92
11.2209 218
13.1825 88
13.1863 223
13.3827 161
13.7349 146
14.4743 113
14.7675 215
14.9871 237
15.1423 137
15.465 183
15.5992 90
15.6666 108
15.9462 157
16.115 100
16.4972 89
17.2693 216
17.6174 198
18.2712 117
18.4535 246
18.8108 194
19.1195 164
19.2324 233
19.9336 86
22.6705 223
22.9563 165
22.9655 152
23.8904 183
23.9803 191
24.5601 204
25.0006 246
25.2632 182
25.3468 184
26.9373 132
27.1301 150
27.1559 230
27.5866 1
15745
5.5022 243
6.1292 210
6.2771 195
6.3313 89
6.7078 120
6.7994 95
6.8638 184
7.2203 102
7.5149 130
7.5404 153
7.6701 220
7.7136 106
8.49 122
8.5177 99
8.6105 145
8.9117 116
9.619 109
9.7851 128
9.9153 133
10.2364 220
10.6602 246
10.8804 99
11.0935 118
12.1176 99
12.1725 177
12.2111 128
12.3147 238
12.5033 147
12.5535 145
13.4345 90
13.614 218
13.7082 205
14.0306 128
14.0934 234
14.2483 210
14.3 161
14.6139 229
14.76 149
14.9974 93
15.1037 91
15.1282 192
15.4549 117
15.621 195
15.8694 162
15.917 194
15.9582 126
16.1465 216
16.3676 222
16.4704 137
16.5353 200
16.8601 117
16.9764 198
17.0273 111
17.5793 217
17.628 193
17.7848 236
17.9761 183
18.0829 167
18.9344 184
19.2407 206
20.1083 107
20.4951 158
20.6103 231
21.1013 124
21.5843 149
21.6774 89
21.8411 104
21.9022 191
22.3053 171
22.3793 162
22.8584 126
23.3226 193
24.8508 198
25.0407 128
25.1787 181
25.5988 193
25.717 163
25.821 243
26.0371 101
26.8993 196
26.9357 243
27.0 147
27.0065 175
27.1124 243
27.25 197
27.3747 158
27.4164 227
27.974 141
28.0313 101
28.1647 244
28.4901 195
29.0785 243
29.5016 133
30.4554 97
30.5892 112
30.5939 134
31.2294 51
15355
5.3554 233
5.8895 116
6.616 130
6.6472 180
6.8125 97
7.3642 155
7.4458 229
7.5039 170
7.6532 223
7.7593 222
8.208 234
8.2893 189
9.2456 126
9.2766 240
9.659 126
9.6925 186
9.7291 102
10.5357 188
10.5987 166
10.6116 136
10.6824 185
10.7007 155
10.7008 122
10.8688 237
10.9031 110
11.0243 210
11.2407 235
11.4391 84
11.5287 222
11.5797 92
11.7187 171
12.0629 171
12.2404 126
12.3437 223
12.4517 183
12.7476 95
13.7756 206
14.6225 189
15.1214 199
17.2796 105
17.3492 107
17.7523 94
18.4945 161
18.7255 228
19.1112 114
19.1313 84
19.3544 221
19.4102 240
19.4472 223
20.0811 239
20.0981 126
20.4629 151
20.5979 229
20.7772 135
20.8521 222
20.9909 219
21.4454 181
21.5595 216
22.2637 136
22.4281 141
22.7865 227
23.7373 227
24.2016 140
24.4885 85
24.8134 153
25.0241 247
25.6314 99
25.6789 245
25.9455 118
25.974 160
26.106 228
26.526 226
27.5399 167
27.7521 152
28.1498 179
28.2493 185
28.7049 179
28.7067 231
29.4234 248
30.0014 139
30.1032 166
30.1959 178
30.4031 247
30.9487 145
30.997 223
31.0916 149
31.4953 231
31.5873 180
31.8057 94
31.9676 164
32.9296 1
8879
8.3496 195
8.8237 213
9.1379 95
9.1457 191
9.1524 220
9.1824 115
9.4328 206
9.5883 187
9.6163 133
9.7625 192
9.9015 143
10.0794 159
10.7125 202
10.9425 222
11.3114 186
11.3192 201
11.4991 134
11.967 107
12.3796 172
12.8415 84
12.8726 215
13.2222 159
13.6601 193
13.6929 224
14.2732 168
14.3052 107
14.3545 92
14.5267 146
14.5734 164
15.3679 122
15.5924 173
16.3312 132
16.3517 133
17.3203 169
17.541 131
17.6121 166
17.8042 226
17.9609 244
18.1954 238
18.3019 163
19.6214 161
19.7777 163
20.3954 171
20.6214 93
21.1341 177
21.4945 161
21.6706 220
22.4598 128
22.6028 237
22.9776 122
23.0759 221
23.1074 174
23.1249 215
23.6702 163
24.4952 144
25.1133 107
25.927 185
26.1355 218
26.3619 181
26.7711 114
27.1103 105
27.5004 211
27.8812 145
28.1642 1
6135
9.3745 234
9.3784 216
9.7052 138
9.9215 104
10.5368 137
11.0013 242
11.1344 164
11.199 118
11.5467 246
13.0796 230
13.9374 84
13.9774 188
15.0959 244
15.2274 232
15.2305 186
15.7381 145
15.7759 117
15.8977 152
16.9207 198
17.8673 242
18.4522 130
18.5045 193
19.073 216
19.3621 109
19.4301 123
20.2978 144
20.8429 138
21.2135 227
21.314 98
21.3693 180
23.3893 237
23.8489 150
24.4434 220
24.7103 228
25.6729 201
26.0638 224
26.2335 139
26.4822 149
26.5749 116
26.6198 243
26.9265 240
28.4512 214
28.5776 192
28.6399 197
29.5379 207
29.653 235
30.0848 210
30.4798 1
15729
8.8011 180
8.8718 132
9.1209 182
9.3639 190
9.6994 233
9.9499 102
10.1083 188
10.3487 97
10.7851 123
10.8868 110
11.4803 211
11.5084 174
11.5407 141
11.5817 117
11.6752 136
11.8217 128
12.0539 200
12.2459 102
12.552 182
12.8191 119
13.7044 211
13.7186 106
13.7283 210
13.814 157
14.2126 99
14.4648 213
14.4797 178
14.4799 125
14.4878 217
15.044 150
15.0713 243
15.4601 227
15.5545 218
15.7072 218
16.2852 151
16.8002 217
16.8145 208
17.1807 204
17.2174 216
17.2756 95
17.4078 225
17.6531 133
17.7066 248
18.0841 116
18.2847 243
18.3522 84
18.4173 202
18.4563 209
18.9535 215
19.4049 172
19.5144 107
19.5682 179
19.9811 120
20.5186 151
20.7663 214
20.8964 192
21.9941 134
22.0184 185
22.0769 129
22.3815 207
22.4671 229
22.6883 186
22.9625 114
23.4181 129
23.6255 88
23.8559 174
23.8828 189
24.7378 153
24.823 246
24.9951 152
26.068 167
26.0783 213
26.0953 125
26.1672 182
26.3148 199
27.3501 148
27.5525 234
27.9224 187
28.1216 137
28.8927 185
29.0287 237
29.135 155
29.4609 119
29.5635 204
29.5647 173
30.1008 235
30.6954 175
31.598 161
31.6493 134
31.6885 183
31.7518 220
31.7795 193
31.7932 218
32.0184 100
32.0672 156
32.9378 195
33.6535 1
16931
8.1749 123
8.3524 228
8.6276 212
9.2851 196
9.4135 244
9.5929 97
10.1596 110
10.3662 198
10.9354 174
11.499 168
11.6602 236
11.8111 249
11.8808 115
11.9936 243
12.1682 102
12.7556 230
13.0482 244
13.5019 140
13.5338 227
13.9461 140
14.0624 206
14.4321 201
15.2889 100
15.3468 228
15.3469 106
16.3775 125
16.5018 176
16.6013 160
16.8283 243
17.1019 176
18.1909 240
18.4161 129
18.8679 223
19.2978 199
19.3031 85
19.5338 184
19.7159 134
20.1611 204
20.7617 140
20.9806 214
20.993 190
21.0535 186
21.7404 108
21.791 107
22.9509 147
23.1673 123
23.2992 202
23.4755 246
23.7549 205
23.8311 143
23.9422 196
24.192 132
24.2524 155
24.4516 144
24.85 144
25.3579 213
25.8379 98
25.9731 113
26.2289 103
26.3397 217
26.8009 243
26.8567 87
26.8992 220
27.1531 148
27.2753 132
27.4703 174
27.5807 124
27.9356 240
28.0187 127
28.781 166
29.3607 196
29.6659 152
29.7761 205
30.2554 109
30.2714 223
30.5956 113
31.0587 140
31.0611 229
31.3418 115
31.5454 178
32.4908 237
33.0349 102
33.3416 128
33.3784 127
33.5316 129
33.6147 173
33.7137 205
33.7704 227
33.9842 191
35.0116 121
36.0678 1650
10264
9.8152 183
10.1401 216
10.2264 109
10.3953 147
10.5232 217
10.6259 86
10.9187 126
11.6281 99
11.854 154
12.058 219
12.0625 136
12.5946 201
12.7131 124
12.7235 135
12.9464 113
13.0093 180
13.0321 139
14.4744 117
14.574 211
14.876 182
15.3475 93
15.5808 177
15.6147 198
16.2905 187
16.7025 96
16.8856 194
16.918 171
17.0319 107
17.4367 99
17.9505 135
18.2821 149
18.3088 203
18.4003 206
18.7479 151
18.8215 161
19.2327 246
19.5566 206
20.5364 247
20.9905 132
21.2052 98
21.2977 128
21.9012 239
22.548 157
22.57 243
22.7438 191
23.0668 107
23.0955 204
23.1548 86
23.2409 111
23.4624 233
23.7681 238
24.0675 242
24.9838 229
25.2432 226
25.4134 220
25.5795 181
25.6509 151
26.1055 104
26.4373 85
26.4899 183
26.7167 86
28.6155 117
29.5014 175
29.6043 1
7556
9.831 161
9.9113 218
10.3866 191
11.3588 88
11.3967 113
11.5534 171
11.5854 138
11.7476 205
12.0991 168
12.1118 189
13.1774 168
13.3839 199
13.4979 158
13.8677 124
14.2253 138
14.4341 101
15.616 89
16.1199 238
16.343 153
16.5626 160
16.7109 88
18.5534 84
18.6531 195
18.6632 140
19.9938 242
20.6511 179
20.7418 216
21.0164 143
21.6983 195
21.9104 192
22.0862 221
22.2798 182
23.0989 229
24.3901 154
25.6159 186
25.8511 198
26.7355 178
27.463 235
27.8148 219
28.2191 146
29.0341 203
30.8407 94
30.8947 170
31.0472 104
31.155 130
31.4703 104
31.6237 193
31.8353 1
13859
9.9432 97
10.2501 98
10.3266 97
10.4095 242
10.611 175
10.6806 120
11.0916 198
11.1046 167
11.2876 172
11.5276 193
11.6601 201
12.2975 174
12.5637 199
12.865 152
12.9385 199
12.975 101
13.5315 213
13.6372 88
14.3314 107
15.0532 197
15.511 210
15.6268 142
16.2264 145
16.4314 137
16.6158 238
16.6253 168
16.9127 88
17.349 194
17.4394 223
17.9039 203
17.919 174
18.2429 115
18.4271 104
18.6659 235
19.0313 196
19.1901 97
19.3235 143
19.3428 93
19.3716 89
19.3773 216
19.4893 236
19.581 170
19.755 121
20.7731 128
20.8398 247
21.1678 211
21.5563 111
21.6996 171
22.2336 228
22.4665 134
22.6965 159
23.145 115
23.7687 207
23.8017 169
23.8116 219
23.9306 145
23.9953 226
24.8273 199
24.9356 100
24.9376 242
25.4794 139
25.6647 177
25.7119 136
26.1014 200
26.1989 160
26.3381 142
26.532 143
26.6454 111
26.6788 101
26.8513 123
26.9114 124
27.1338 106
27.6701 162
27.689 188
27.9118 191
28.3059 239
28.56 248
28.6912 132
28.9376 100
29.6493 157
29.6891 149
30.0542 200
30.1046 170
30.2089 154
30.2719 150
30.3296 93
30.9433 220
31.3218 168
31.8542 223
31.9116 143
32.1664 196
32.4159 86
32.6764 89
32.9868 127
33.5679 188
33.7575 91
34.0966 1
15219
10.3158 97
10.4402 220
10.5441 118
11.1305 101
11.2106 246
11.5213 185
11.8869 155
11.8883 173
11.9296 240
11.9715 147
12.299 151
12.8312 153
13.2239 185
13.5163 144
14.3562 160
14.4812 138
14.7723 180
14.8327 198
15.0777 111
15.1085 223
15.1713 204
15.3771 238
15.5404 243
15.7754 160
16.7281 128
18.8931 216
19.5685 148
19.9004 228
20.0043 95
21.2144 241
21.5133 164
21.5211 224
22.0109 155
22.9108 142
23.0469 228
23.3585 235
23.9639 87
24.0494 112
24.7085 138
24.7325 148
24.8443 177
24.9711 203
25.5249 164
26.1287 146
26.4569 239
26.6536 97
27.19 107
27.2591 179
27.31 124
27.3185 240
27.4778 120
27.5483 137
27.5996 137
27.7638 141
28.0225 124
28.5038 197
28.5119 167
28.5154 132
28.6073 113
29.0722 116
29.1775 221
29.5068 165
30.1886 227
30.511 106
30.521 112
30.8507 244
31.2071 199
31.3826 109
31.4823 179
31.8746 204
31.9158 237
32.1208 145
32.1308 234
32.2548 214
32.3398 242
32.4694 147
32.5873 171
33.0253 207
33.0548 129
33.4592 105
33.8057 84
33.8797 223
34.1387 145
34.5317 143
34.5947 92
35.1156 195
35.5776 158
35.6629 193
35.9583 149
36.4029 102
36.4293 220
8338
10.752 212
10.9097 204
10.9213 171
11.1272 105
11.1303 239
11.3418 159
11.9918 131
12.0698 158
12.3912 138
12.4464 124
12.4827 85
13.6467 198
13.7033 174
13.9678 177
14.4201 205
14.4845 123
14.5282 151
16.0349 90
16.3052 146
17.3415 153
17.5568 231
17.7399 231
18.6916 149
18.9708 182
19.0032 109
19.338 152
19.3552 241
19.4147 230
19.5174 162
19.7315 114
19.756 147
19.8855 118
19.9307 233
20.059 84
20.227 186
20.6075 168
20.9425 227
21.0409 237
21.2918 178
21.6562 156
22.5601 232
23.2565 183
23.7941 89
23.7974 245
23.8425 241
24.0109 100
24.3081 162
24.7108 217
25.5603 214
25.7557 91
26.0401 205
26.0787 109
26.282 198
26.4097 184
26.6812 195
26.7714 146
26.7867 160
26.92 191
27.9072 169
27.9248 93
28.2743 100
28.4665 83
28.4815 245
29.4166 1
6713
9.5641 158
9.7075 226
10.1361 199
10.2887 227
10.4076 220
10.514 97
11.9019 111
11.9852 123
12.6138 125
12.7455 235
13.5759 241
13.6224 200
14.7461 142
15.1262 170
15.3607 143
15.9538 195
16.201 160
16.7574 193
16.8665 239
16.9694 189
17.0129 173
17.0908 246
17.2897 141
17.8876 172
19.7154 193
20.0973 115
21.8186 146
22.5459 196
22.7537 196
23.3197 169
23.6584 228
23.6993 204
23.7134 97
24.343 151
24.9624 232
25.1942 233
25.3332 160
25.7376 185
25.8399 186
26.7939 105
26.9597 100
27.4407 120
27.7502 227
28.2801 111
28.6123 159
29.5531 219
30.7592 115
31.1401 1
16609
9.3897 123
9.9614 144
10.3722 187
10.4037 185
10.6284 100
11.5253 171
12.0642 186
12.0995 225
13.408 231
13.5527 232
13.755 217
13.8424 83
14.1033 228
14.2228 189
14.7229 180
15.0114 126
15.3347 231
15.9455 140
16.0041 208
16.5898 96
16.601 140
16.6733 171
16.9215 115
17.0081 149
17.2284 190
17.351 92
18.0725 197
18.1088 135
18.3241 119
18.4896 167
18.9156 95
19.1657 182
19.173 173
19.2126 179
19.6686 221
20.1699 140
20.4779 130
20.7299 128
20.884 119
20.8953 183
20.9994 224
21.0426 195
21.2599 89
21.582 240
21.7785 166
21.9471 185
22.0259 212
22.1735 230
22.4053 244
22.5178 238
22.7616 245
22.7617 113
22.8993 242
22.9539 124
23.1627 187
23.2426 230
23.5682 145
24.2126 92
24.3212 148
24.6458 112
24.733 181
25.0126 221
25.088 175
25.1643 90
25.1932 85
25.4875 212
25.4998 163
27.2053 164
27.6341 127
27.8305 102
28.0743 187
28.1143 180
28.3824 114
29.0035 183
29.0491 100
29.1976 195
29.9241 209
30.0867 201
30.2505 132
30.3498 114
30.3827 198
30.5589 198
31.4168 117
31.4334 147
31.7251 239
31.8307 85
31.8447 135
32.0693 198
32.2721 232
32.4662 234
32.6729 85
32.7294 129
32.8755 210
33.0395 196
34.0089 237
34.2136 122
34.8292 545
15652
10.001 88
10.177 177
10.2664 178
10.3103 88
10.3695 149
10.603 230
10.7749 144
11.1203 198
11.7135 226
12.1077 240
12.2674 142
12.4029 163
12.6595 225
12.8789 91
12.9872 212
15.0696 178
15.3933 203
16.0098 206
16.0966 153
16.1623 169
16.6141 246
16.9388 225
17.0305 99
17.2475 122
17.2898 243
17.4963 103
17.5016 247
17.5889 182
17.6957 167
17.941 177
17.9454 103
18.293 232
18.3093 210
18.6256 171
18.9721 177
18.9769 177
19.0566 148
19.1179 164
19.5743 153
19.5955 143
19.8721 130
20.2278 189
20.4558 144
20.9717 108
20.9854 216
21.1937 187
21.2014 144
21.4565 91
21.8715 197
22.8441 167
22.8606 185
23.79 133
23.8707 110
24.8123 183
24.863 182
25.3765 230
25.4027 88
25.9995 120
26.0252 114
26.1692 157
26.2729 210
27.2162 163
27.7719 191
28.3054 243
28.9355 122
29.1022 158
29.6826 181
30.2921 123
30.6325 204
30.8619 112
31.7981 134
32.3628 178
32.4772 196
32.507 121
32.5371 206
32.5802 92
32.7387 240
33.0679 118
33.3839 85
34.0798 240
34.6609 242
34.6806 169
35.041 114
35.4452 210
35.501 216
35.6326 238
35.8022 166
36.2395 129
36.4491 181
36.4838 167
37.1835 480
8527
10.0991 229
10.1188 164
10.2775 161
10.4309 183
10.6556 128
10.9969 213
11.4901 102
11.8147 249
12.7543 205
13.1904 101
14.4546 239
14.8876 169
15.4906 95
16.0791 137
16.0897 144
16.1269 225
16.2721 240
16.3193 99
16.4157 205
16.4261 171
16.5234 166
16.7103 91
16.7965 153
17.3937 195
17.9489 121
19.0886 201
19.2181 242
19.7529 230
20.26 93
20.3878 120
20.6543 111
21.0972 249
21.1078 231
21.2853 226
21.3138 114
21.3665 179
21.5249 235
22.1953 178
22.6302 149
23.0847 131
23.1958 177
23.2116 157
23.8569 212
23.9669 114
24.2507 195
24.272 127
24.5353 209
25.0465 189
25.6726 190
25.6779 211
25.8043 244
25.8328 197
25.9398 86
26.031 181
26.0504 184
27.1283 120
27.9869 178
28.2181 218
28.526 173
28.6637 188
28.7489 240
29.2935 222
29.4547 107
29.6078 1
6677
9.6819 171
10.0363 111
10.1101 174
11.5773 141
12.072 85
12.9899 215
13.0921 125
13.4415 164
13.6304 204
13.6638 84
13.9445 85
14.2623 162
15.4464 216
15.8417 148
16.5135 198
16.8493 113
17.0567 186
17.1927 193
17.3511 142
17.9531 194
18.3258 240
18.4573 221
18.9204 134
19.126 227
20.3364 137
20.9104 132
22.2359 152
22.7123 196
22.747 212
23.0405 95
23.0663 183
23.3545 154
23.49 248
23.7053 135
23.8958 241
24.003 130
24.7974 146
25.9891 159
26.018 232
26.3073 106
26.7228 240
26.7526 86
26.7613 228
28.8531 132
29.44 155
30.2502 124
30.3705 139
31.493 1
15672
9.696 243
9.7298 191
9.9679 88
10.1179 226
10.2081 169
10.3062 247
10.3076 215
10.6001 175
10.6954 236
10.8389 221
11.0136 91
11.3978 94
11.6356 203
11.8126 249
11.83 229
12.0709 241
12.6696 184
13.1711 221
14.2754 166
14.6413 108
14.7169 213
14.8401 230
14.9362 194
14.9948 136
15.0125 186
15.0198 99
15.2103 212
15.3981 218
15.4921 94
15.8247 164
15.8693 217
16.0947 113
16.7136 159
16.7427 96
17.557 202
18.0931 176
18.2098 130
18.4614 198
18.4831 147
18.672 180
18.7352 167
18.9531 86
19.712 181
20.4479 239
20.7403 110
21.2269 140
21.6624 120
21.8438 238
22.0163 177
22.7236 102
23.075 123
23.1062 177
23.2094 218
23.2433 197
23.2645 119
23.5328 162
23.7764 131
23.9297 104
23.9804 88
24.0032 150
24.1678 193
24.8736 207
25.5706 190
26.2042 111
27.0314 106
27.0505 150
27.533 212
27.5781 104
27.6252 171
27.8119 203
28.0141 193
28.2448 117
28.2951 186
28.312 220
28.9379 195
29.0716 217
29.7785 203
29.9744 103
30.0105 131
30.331 130
30.3542 172
30.8381 218
30.8455 194
31.1052 107
31.4894 207
31.4988 213
31.8932 187
32.0162 223
32.375 223
32.5771 247
32.7128 127
33.1445 245
33.6116 109
33.9205 114
33.9499 209
33.9716 138
34.1601 1
13345
10.0418 113
10.3189 211
10.8251 170
11.1378 94
11.1918 129
11.3556 239
11.4205 247
11.761 92
11.9379 106
12.1016 174
12.1136 141
12.188 217
12.25 178
12.7847 145
13.682 155
14.5306 203
14.745 219
14.8005 102
15.1097 115
15.1593 143
15.2819 107
15.3152 116
15.48 184
15.5153 235
15.5758 229
15.6222 152
15.7781 208
16.1065 144
16.1668 184
16.2903 100
16.625 131
16.6611 214
16.6984 102
16.8713 248
17.231 209
17.3402 138
17.4569 165
18.0281 164
18.4733 164
18.5379 111
19.4738 136
19.6279 182
20.3016 139
20.492 129
20.6542 174
20.8514 96
20.8769 98
21.2769 192
21.7178 158
21.8304 243
22.2823 154
22.6828 226
23.1487 117
23.3724 233
23.4661 130
24.9461 148
25.1303 188
25.3432 147
25.4349 143
25.6055 105
25.7449 149
25.8155 170
26.122 151
26.3523 241
27.2654 189
27.4334 167
28.364 94
28.5582 214
28.6233 164
28.6932 229
28.8303 202
29.1896 241
29.3265 142
29.483 145
29.5745 180
29.9754 114
31.5405 137
32.1756 183
32.2984 198
32.5173 128
33.0169 242
34.0475 113
34.6875 159
35.1512 207
35.1784 220
35.6686 149
35.6891 155
35.9332 226
35.966 92
36.4317 215
36.5989 1
7681
10.0215 83
10.4246 176
10.7894 110
10.8504 166
11.155 214
11.2699 198
11.3431 235
12.2109 200
12.5175 180
12.5273 245
13.374 200
13.913 212
13.948 141
14.2945 187
14.6247 234
14.8178 216
14.8673 138
14.8862 205
15.0511 94
15.4742 217
17.1521 125
17.2177 83
17.767 247
18.0514 150
18.1675 142
18.192 168
18.3903 165
18.5232 158
18.6253 156
19.1108 222
19.8316 84
20.4375 173
20.5806 186
21.1657 190
21.2044 138
21.5023 155
21.743 192
22.4193 215
22.5509 231
23.0063 146
23.1303 93
23.2792 204
23.9082 168
25.5646 98
25.7095 242
25.7519 191
26.0096 198
26.2998 114
26.5811 242
27.2218 188
27.5358 226
27.9407 236
28.0196 206
28.0808 239
28.159 187
28.2717 248
28.4436 91
28.5566 235
28.7161 99
28.731 199
28.7975 135
28.8643 209
28.8909 223
29.3576 1
5673
9.3078 202
9.4743 244
9.6198 141
10.1489 225
10.2018 100
10.4627 207
10.9012 216
11.9209 133
12.1488 131
12.2489 83
12.8056 87
13.3709 142
14.1914 222
15.1294 95
15.3179 227
16.5294 193
16.6315 99
17.805 245
18.8224 173
19.4666 234
19.8182 115
20.0336 147
20.3127 208
21.3228 169
21.4581 135
22.1689 149
22.3277 221
22.775 125
23.4992 247
23.6132 181
24.3542 86
24.4017 187
24.8615 237
25.3346 241
25.4416 90
25.723 238
26.2015 233
26.6929 205
27.6185 176
28.1505 95
28.7724 198
28.824 104
28.8921 189
29.7497 153
30.4571 86
30.7416 189
31.3302 206
32.4916 1
13343
10.2382 177
10.8255 92
10.8311 247
10.8592 199
10.9967 125
11.4737 185
11.5237 205
11.6645 196
11.7991 101
12.9283 195
12.958 130
13.1215 213
13.4101 158
13.6792 182
13.6827 192
13.707 231
13.9595 113
14.7805 189
15.4111 171
15.4241 225
15.6803 124
15.7082 240
15.8104 132
15.8125 86
16.0338 96
16.2892 130
17.6321 98
17.714 185
17.7559 248
18.3793 115
19.4013 216
19.6664 200
19.8739 157
20.1556 247
20.1739 97
20.3574 202
20.5319 139
21.1236 117
21.8671 171
22.0678 196
22.3229 126
22.3576 245
22.646 207
22.8905 240
23.0979 151
23.2608 152
23.2908 122
23.4206 161
23.4414 121
23.4763 142
23.5347 246
23.5783 243
23.7166 218
23.8983 118
24.0579 87
24.1397 94
24.1523 133
24.717 152
24.7904 123
25.0564 207
25.7564 141
25.8013 149
26.2427 223
26.3708 88
26.4158 91
26.6058 125
26.7421 107
26.7977 88
26.8698 137
26.9816 202
26.9905 189
27.1576 164
27.2868 90
27.3224 195
27.7217 188
28.2238 93
28.6987 209
28.8967 142
28.9548 149
29.0572 96
29.5974 127
29.8668 163
30.717 190
30.8332 96
31.1906 210
31.7249 223
32.126 166
32.2859 236
32.5175 110
32.5379 142
32.5539 192
32.8763 122
33.221 179
33.7171 234
34.081 200
34.1942 85
34.5097 1
13447
9.6345 198
10.166 171
10.5857 189
10.6145 188
10.8674 248
11.0815 112
11.3402 243
11.4876 160
12.7466 160
12.9569 168
12.967 111
13.2815 219
14.4581 99
14.8732 112
15.0293 95
15.1227 83
15.2711 156
15.3534 235
15.5369 174
15.8 157
15.8146 120
15.9515 151
16.2149 191
16.3121 127
17.2518 241
17.4221 142
17.5224 165
17.5903 236
17.681 105
18.5441 127
18.6783 110
18.7142 159
18.9072 246
19.2931 89
19.2962 167
19.4281 214
19.63 236
20.4004 217
20.7352 188
20.8226 222
21.3878 168
21.4193 87
21.4365 198
22.1608 226
22.1901 236
22.6112 125
22.6286 110
23.2603 233
23.4075 235
23.7573 86
24.4787 112
24.5032 109
24.6385 97
24.9284 224
25.2054 142
25.4739 224
26.3579 119
26.5113 197
26.6609 236
26.7428 144
27.0005 230
27.0547 189
27.0774 146
27.3887 124
27.5009 218
28.0118 118
29.1226 88
29.2212 189
29.3638 119
29.8865 205
30.1443 142
30.3623 210
30.5308 185
31.1497 131
31.2404 201
31.7147 131
31.8727 174
32.0083 86
32.5071 245
32.6051 156
33.0505 154
33.3754 132
33.7753 179
34.152 115
34.4374 210
34.4765 134
34.8466 99
35.3138 205
35.5862 212
35.8587 164
36.1728 1
6810
9.2294 231
10.1478 135
10.9729 174
10.9784 119
11.3806 132
11.6568 229
11.7298 114
11.76 234
11.8956 220
12.2658 225
12.6514 131
13.0998 125
13.1494 245
13.3103 99
13.4932 166
13.5537 108
14.1048 124
14.2085 237
14.9551 179
15.055 176
15.1925 188
15.2015 163
15.4661 184
15.4812 179
15.6647 165
15.885 182
15.9417 211
16.0684 113
16.3229 92
16.4156 119
16.6019 112
17.3807 97
17.4921 154
17.5059 204
18.1896 162
18.3716 183
18.696 243
19.2922 220
19.3742 194
19.7417 229
20.0517 124
20.3988 245
21.6395 118
21.645 145
21.9032 145
23.474 235
24.093 231
24.3945 220
24.7364 102
25.1823 105
25.3408 100
25.9934 105
26.2682 194
26.8784 181
27.0998 206
27.13 120
27.1646 169
27.3493 217
27.3675 132
27.5409 92
27.5769 119
28.3908 86
28.4609 94
29.1097 1
5951
10.0307 106
10.7264 138
10.983 181
12.5491 203
12.7672 91
13.581 174
13.5849 136
14.4925 86
14.5366 120
14.667 130
14.6839 183
14.7158 168
14.7275 105
15.0918 178
15.5477 194
16.2282 158
16.2842 145
16.7683 198
16.7757 171
17.5269 89
18.6789 99
18.93 195
19.0349 218
19.2391 89
20.3718 114
20.7581 233
21.6354 165
21.9193 129
22.4942 210
22.6915 87
23.066 209
24.4514 249
25.6618 99
26.1045 148
26.6276 156
27.7027 115
27.7321 165
27.8071 110
27.8731 156
28.3582 118
28.3922 181
28.4015 220
28.9216 219
29.0741 147
29.2209 139
29.8534 147
30.0325 222
31.9728 1
12870
9.616 208
9.7012 127
9.9711 124
10.0722 136
10.2296 128
10.513 106
10.8446 87
10.9562 212
11.297 85
11.9076 243
12.7743 153
12.8349 206
13.1142 245
13.4712 186
13.7854 222
14.3758 186
15.0459 145
15.1153 160
15.3105 120
15.4094 138
15.6 164
17.4219 102
18.6415 155
18.7925 213
18.8948 199
19.5403 220
19.9558 225
19.9872 196
20.2185 228
20.2804 174
20.77 99
20.8673 116
21.0022 220
21.2879 104
21.8964 144
21.9152 203
21.9889 221
22.0142 116
22.0298 205
22.2634 134
22.2915 195
22.8764 175
23.3774 131
23.5991 208
23.6358 85
24.0236 150
24.4821 238
24.5107 88
24.6139 161
24.7147 168
24.9264 203
25.5959 195
25.6807 97
25.8621 231
26.0623 136
26.7733 111
26.8071 176
27.081 185
27.2227 206
27.815 165
28.2274 240
28.5944 148
28.6302 93
28.6778 116
28.7745 166
28.8335 132
29.7038 95
29.7456 216
30.1103 117
30.1862 236
30.361 132
30.4248 91
30.5834 100
30.8282 197
30.9427 215
30.9872 162
31.1032 186
31.1758 147
31.2417 141
31.7516 138
31.8005 243
31.8544 100
32.0859 159
32.1487 183
32.2565 148
32.2726 240
32.4426 232
32.5958 148
32.8221 101
33.0789 155
33.2307 204
33.7282 112
33.983 220
34.0233 197
34.3702 137
34.581 219
34.5933 1
13895
9.4791 159
9.8146 207
10.0066 222
10.6929 224
10.6948 112
10.9376 209
11.0218 139
11.5717 203
11.7542 236
12.5635 221
12.6352 232
12.9338 211
14.1754 194
14.2798 145
14.4535 141
14.5609 147
14.6636 186
15.0985 144
15.2437 235
15.4613 143
15.6256 151
15.7073 109
15.7416 169
16.4903 102
16.7084 223
16.8731 173
17.0358 209
17.2337 226
17.8248 148
18.0734 117
18.1597 102
18.1794 175
18.2199 92
18.2963 176
18.6444 183
19.5133 98
19.6829 186
19.7445 248
19.8557 225
19.9096 206
20.0132 197
20.0219 145
20.207 127
20.4329 191
20.6091 230
20.8662 180
20.9045 248
21.162 155
21.4185 136
21.5826 161
21.7958 159
21.9445 195
22.3272 121
22.7321 163
23.979 170
24.4119 100
24.7308 193
25.3656 192
25.5812 224
25.829 109
25.9397 181
26.7281 182
27.1681 235
27.4665 148
27.8195 87
28.2037 197
28.2619 215
28.2843 143
28.3832 199
29.733 139
29.8967 220
29.9925 135
31.0586 225
31.1839 100
31.5926 157
32.2313 175
32.6134 174
32.8167 192
33.3238 216
33.5162 198
33.7898 229
34.0692 84
34.1262 156
34.4159 202
34.6345 196
34.7117 143
34.7512 223
35.2793 215
35.5325 92
36.5991 236
36.6563 1
