24 300 20 4
0 1 0 1 
1 0 1 1 
0 1 0 1 
1 1 1 0 
0 558 0 822 
558 0 1802 1218 
0 1802 0 1044 
822 1218 1044 0 
63 44 94 99 
6253
10.2631 115
10.4719 102
10.7567 219
10.8064 225
11.0388 88
11.2921 170
11.4708 208
11.7659 116
11.8697 166
12.2577 126
12.4636 189
13.2374 249
13.2686 215
13.3985 186
14.1397 100
14.4747 159
14.6544 143
14.7092 220
15.771 100
15.9467 182
16.1224 164
16.3183 177
16.8107 189
17.032 153
17.1436 170
17.2864 196
17.9363 230
18.2994 221
18.7957 249
19.1846 188
20.0801 228
20.0828 173
20.0844 238
20.8046 85
21.1252 200
22.1515 207
22.2138 136
22.7881 136
23.0589 170
23.7535 228
24.1778 183
24.44 109
24.5872 146
25.3442 132
25.5885 200
25.6013 161
25.6291 216
25.882 169
26.4274 235
26.6706 94
26.7931 105
27.0865 133
27.3433 209
27.5216 157
27.5242 226
28.0845 216
28.4589 227
28.6346 159
28.9626 145
29.1736 146
29.246 171
29.331 89
29.4656 1
4509
9.8105 233
10.9002 207
11.6797 132
11.9188 197
12.2502 238
12.6521 122
12.7499 107
13.3031 158
13.3054 162
13.513 200
13.8576 126
15.3407 88
15.7997 118
16.5071 139
17.4798 243
18.5889 132
18.698 229
18.8778 175
19.0333 137
19.3751 181
19.4463 96
19.6577 172
21.1487 134
21.2018 146
21.95 107
21.9506 104
23.3129 120
23.9686 167
24.0413 122
25.5077 114
26.222 145
26.2267 193
26.342 226
26.767 183
28.2178 148
28.7105 200
29.4065 105
29.4113 133
30.1085 152
30.5369 237
30.9979 181
31.1545 132
31.2731 142
31.7255 1
8613
9.8036 188
10.1127 206
10.1518 119
10.4457 164
10.8228 166
10.9887 165
11.2111 242
11.4298 157
11.5233 107
12.4508 165
12.6373 230
12.7617 119
12.9183 142
13.5026 148
13.8494 248
14.1564 223
14.542 245
14.5948 197
14.6086 97
15.0415 241
15.3038 236
15.366 149
15.5073 143
15.5989 102
15.9284 84
16.0139 128
17.4257 189
17.5777 132
17.6306 233
17.7991 106
17.8678 178
18.1518 115
18.42 155
18.4248 202
18.9443 147
18.9962 138
19.2273 191
19.6282 197
19.7665 108
20.0125 238
20.3946 107
21.7052 135
21.8677 118
21.9084 114
22.0616 141
22.0985 246
22.2601 154
22.3841 165
22.4054 204
22.5631 215
22.8104 156
23.0045 117
23.0837 201
23.2653 233
23.4697 89
23.8966 188
24.0392 228
24.3715 143
24.4316 206
24.4902 195
25.186 122
25.1989 132
25.3005 97
25.7653 227
25.8448 208
26.5575 211
26.5856 230
26.7001 151
27.0048 92
27.5343 199
27.5872 193
27.7097 191
27.9763 174
28.0895 205
28.1439 154
28.5763 158
28.5786 125
29.3445 162
29.8412 139
30.2338 90
30.2918 92
30.3463 141
31.1073 131
31.1636 84
31.3625 94
31.3762 154
31.9135 120
31.948 184
32.1913 176
32.4232 120
32.4741 115
33.0544 184
33.9563 184
33.9897 1
9179
10.0713 154
10.3834 227
10.4087 100
10.6709 187
11.0951 201
11.3059 185
11.4294 90
11.6798 139
11.7685 206
12.8196 146
12.8457 187
12.9041 231
13.5926 165
13.6349 142
13.9616 194
14.0959 159
14.4812 167
14.7063 110
14.7265 208
15.0011 139
16.3668 216
16.733 240
17.2638 85
17.641 171
18.034 131
18.1538 161
18.5368 89
18.6593 171
18.6884 175
18.826 238
18.8687 89
18.9783 149
19.1878 103
19.5881 141
19.866 91
19.9482 128
19.9661 248
20.1209 125
20.139 196
20.1816 200
20.347 237
20.4649 248
21.0527 210
21.2373 210
21.6918 169
21.7945 147
21.8444 222
21.9327 125
22.6452 102
23.1342 246
23.2389 217
23.2615 240
24.0035 123
24.2117 195
24.2774 171
25.0084 228
25.319 110
25.4495 227
25.7586 108
26.3607 223
26.3917 219
26.4657 180
26.669 92
27.2805 109
27.4665 140
27.5869 131
28.0287 132
28.8445 165
28.9213 150
29.0671 155
29.1573 111
29.2261 214
29.2556 177
29.6073 156
29.7741 140
30.2128 85
30.3471 203
30.3491 234
30.4336 193
30.9863 193
31.135 126
31.4041 185
31.4861 95
31.6627 238
31.8797 129
31.9641 221
31.9796 171
32.0051 94
32.1026 189
33.2193 179
33.8274 239
34.0185 188
34.6456 173
34.6709 147
34.9785 155
35.1823 135
35.2669 85
35.2794 212
37.0651 1
3857
9.7571 244
9.8589 109
10.1907 169
10.491 217
10.6832 242
11.067 83
11.1307 139
11.6923 240
11.8156 199
12.0714 110
12.2567 212
12.283 109
12.4752 196
12.9614 240
13.2823 238
13.7652 137
14.4254 87
15.0208 242
15.1494 187
15.2119 149
15.2588 121
15.6153 189
15.9496 138
16.1767 243
16.1782 141
16.7531 110
17.1103 153
17.2179 143
17.2432 177
17.3708 147
17.4105 211
17.7699 110
17.7849 180
18.7681 197
19.076 202
19.7282 112
19.8361 108
19.9407 87
20.391 137
20.5716 84
21.0901 91
21.1062 237
21.4307 178
21.6788 108
21.8127 108
22.1634 214
22.6863 214
22.7218 153
23.3054 177
23.6764 197
23.6902 201
24.7918 236
25.644 143
25.6855 119
26.1482 149
26.2243 105
26.6899 177
26.8156 141
27.206 99
27.6148 232
27.7508 124
28.6416 146
29.6784 1
3188
10.2292 213
11.0746 167
11.8992 230
11.9085 87
12.1139 190
12.4533 111
13.2348 248
14.4439 151
14.963 193
15.186 156
15.717 196
15.7984 127
16.107 181
16.2813 236
16.364 111
17.4048 156
18.1304 92
18.7638 145
20.0584 216
20.0879 190
20.5129 150
20.6551 122
21.3803 228
22.4343 89
23.7768 186
24.7192 128
25.1961 167
25.413 174
25.4673 148
25.7179 127
26.783 121
26.8435 143
26.9248 133
27.2575 184
27.5977 235
28.541 159
28.819 243
29.9566 162
30.3229 177
30.8818 151
31.3554 98
31.5023 163
31.8065 218
32.4686 1
7178
9.8038 199
10.2203 88
10.408 241
10.4789 84
10.5511 172
10.6247 105
10.6524 219
10.848 184
11.1312 234
11.3769 97
11.684 160
11.826 224
12.0754 169
12.0758 186
12.1566 152
12.2481 172
12.2912 237
12.424 121
12.5096 152
13.6302 162
13.6366 83
14.0179 118
14.0847 245
14.5787 90
14.6303 241
14.6368 88
14.692 141
14.8393 144
14.8732 139
15.4131 158
15.7427 105
15.9522 169
16.1243 125
16.1958 100
16.9794 100
16.9975 87
17.0302 107
17.3685 211
17.4591 106
18.1007 117
18.2487 245
18.7467 136
19.3278 153
19.4631 166
20.1642 176
20.3301 198
21.5663 162
21.9015 167
22.132 157
22.6145 113
22.6316 174
23.2812 104
23.3587 125
23.9049 96
23.9589 167
24.1866 219
24.1892 226
24.3948 158
24.4804 141
24.8474 212
24.8785 151
25.2383 157
25.3017 230
25.3853 175
25.5165 242
25.6516 212
25.823 120
25.8602 123
27.2781 162
27.4066 106
28.0925 156
28.1648 143
28.7108 164
28.9389 238
28.9918 108
29.2835 221
29.9344 197
30.284 114
30.944 238
30.9821 188
31.5859 103
32.128 93
32.459 140
32.6843 139
32.876 186
32.9378 110
33.5132 232
33.6171 148
33.7602 114
33.7921 165
33.8197 111
33.877 91
34.0027 240
34.1316 1
7289
9.9515 135
10.1613 245
10.2193 191
10.5021 131
10.5871 213
11.2355 124
11.9331 230
12.2016 169
12.2878 126
12.4694 92
12.8298 148
13.4179 130
13.5207 120
13.5741 241
13.7056 234
13.7369 171
14.273 231
14.4479 201
15.2373 153
15.4417 111
15.6415 92
15.9867 200
16.0311 162
16.4816 88
16.4838 96
16.4927 99
16.8969 113
17.1704 104
17.381 156
17.4562 231
17.6587 143
17.6698 152
18.293 171
18.7346 166
19.0876 128
20.3677 155
20.6628 199
20.6785 237
21.04 110
21.7191 230
21.9073 170
22.2355 117
22.8298 108
22.9438 216
23.7625 214
24.3292 114
24.9157 246
25.4979 173
25.753 113
26.1428 226
26.5513 203
26.9498 237
27.0831 200
27.0879 109
27.2141 209
27.3144 104
27.3481 221
27.4229 196
27.5534 207
27.6067 170
27.9059 211
27.9167 216
28.1799 225
28.19 201
28.6753 86
29.8681 160
30.1084 233
30.3342 116
30.4442 151
30.8304 146
30.9433 147
31.1327 147
31.3593 170
32.0868 100
32.1734 225
32.6399 171
32.6556 232
33.1857 231
33.4024 85
33.7061 207
33.8198 123
33.863 149
33.9195 195
33.979 246
34.0839 245
34.404 193
34.425 126
34.4611 96
34.5569 210
35.0634 180
35.2442 206
35.7456 225
35.8532 209
35.9306 92
36.0961 217
36.8477 198
36.8887 124
36.9211 201
37.5099 1
2781
10.091 222
10.8896 138
12.0292 208
12.2216 97
12.6448 117
12.7892 158
13.06 196
13.0782 161
13.2524 170
13.3051 96
13.748 156
13.8155 212
14.0535 173
14.3885 175
14.745 169
14.9441 233
15.1038 107
15.1868 149
15.203 228
15.3314 135
15.339 229
15.6983 107
15.8845 89
16.2207 190
16.8486 102
16.9084 94
16.9879 127
17.6348 133
17.8753 239
18.1836 227
18.3967 162
18.4677 181
18.5221 136
19.1437 194
19.3949 186
19.4186 168
20.861 122
20.9021 166
21.7353 203
21.8564 213
22.0013 144
22.4526 215
22.8179 84
23.0068 178
23.1515 162
23.7288 144
24.6947 210
25.1343 123
26.1896 87
26.2966 167
26.3566 245
26.3896 178
26.4743 90
26.6417 144
27.258 140
28.274 164
28.3538 208
28.3647 229
28.5643 153
29.094 218
29.2255 211
29.2271 192
29.9738 1
2232
10.0059 241
11.388 116
11.5617 181
11.5942 141
12.558 192
12.7698 196
13.7042 208
13.9722 206
14.0224 97
16.1329 203
16.4037 186
17.5253 198
18.6556 129
20.0835 182
20.2818 120
20.2949 231
20.3615 220
20.7966 206
21.4406 195
22.595 152
23.0867 107
23.2457 172
23.5547 167
24.0721 241
24.8314 194
24.8378 159
25.3382 193
25.7392 156
25.903 239
26.7298 189
27.1662 129
27.2301 200
27.318 100
27.6911 164
28.0438 142
28.2132 181
28.8685 130
28.9496 130
29.5456 148
29.6788 112
29.8176 102
30.3486 181
31.3878 191
32.0025 1
5764
9.377 223
9.4452 144
9.7143 195
10.1355 102
10.3533 136
10.8158 196
11.2911 96
11.6065 233
11.6284 223
11.7445 116
11.8166 132
11.9791 199
11.9938 191
12.1523 205
12.6275 149
12.9123 107
12.9131 96
13.5947 187
13.6976 109
13.8199 114
14.1798 183
14.4098 141
14.4321 180
14.8713 228
15.0845 154
15.1107 206
15.5123 102
16.1269 109
16.3912 156
16.4545 224
16.4755 153
16.642 113
16.6774 89
16.703 208
16.7515 178
17.2677 196
17.2966 190
17.49 99
18.0469 165
18.4597 169
18.597 88
18.8025 201
18.9465 216
19.8344 97
20.2507 219
20.289 205
20.3466 126
20.3553 176
20.3752 145
20.8385 122
20.9404 103
20.9945 220
21.018 240
21.4167 212
21.4721 110
21.5824 165
22.6213 238
22.9654 123
23.0205 121
23.2206 200
23.6013 195
23.877 228
24.1133 226
24.5854 244
25.5137 224
25.6381 218
25.6773 181
26.2384 112
26.4594 101
26.5989 99
26.8985 186
26.9363 179
27.2453 126
27.3473 153
27.5268 90
28.6088 95
28.861 220
28.8947 158
29.1771 141
30.1437 125
30.4592 151
30.9319 233
30.9662 246
31.323 191
31.3693 118
32.0075 98
32.1034 203
32.1513 124
32.2522 170
32.439 158
32.9544 245
33.14 85
33.2017 125
34.1066 1
5043
9.578 198
10.0228 189
10.1013 122
10.52 163
10.6207 149
11.3758 83
12.1663 155
12.7156 131
12.8275 164
12.8674 149
13.1687 220
13.3269 235
13.5702 149
14.0349 236
14.2737 231
14.3717 210
14.9091 244
15.115 203
15.2713 133
15.4086 174
15.8448 133
16.3494 219
16.3605 180
16.4571 211
16.7905 141
16.8896 153
16.9074 242
17.0966 135
17.6257 196
18.4586 247
18.5865 121
18.6858 87
18.7103 139
19.1764 113
19.5806 231
20.1588 229
20.3083 212
20.3214 112
20.3656 183
20.74 121
20.8244 247
21.0999 85
22.383 169
22.6325 234
23.3709 196
23.5872 195
23.6857 113
23.7309 149
24.1181 135
24.3218 171
24.6745 109
24.7344 109
25.1328 232
25.1665 193
25.42 162
25.9494 205
25.9528 205
26.4658 134
26.4958 148
26.6559 180
26.812 127
27.0039 209
27.4738 94
27.5316 210
27.906 201
28.1225 132
28.1301 237
28.2015 158
28.4572 134
28.7542 237
29.1978 146
29.297 94
29.578 90
29.7176 215
29.7827 98
30.003 84
30.0276 134
30.468 83
30.5929 187
30.5964 109
31.2114 182
32.0471 111
32.0759 191
32.4581 180
32.6051 86
32.8133 206
33.183 105
33.7025 100
33.8317 201
33.8727 184
34.4398 193
34.5255 116
34.6528 100
35.0019 164
35.5219 96
35.7723 162
35.9162 226
36.2278 247
36.4655 1
3936
9.8201 170
10.2341 216
11.897 120
12.011 90
12.0175 236
12.1676 127
12.4306 218
12.9188 191
12.9511 182
13.4885 134
13.727 105
13.801 106
13.8807 94
15.0323 139
15.2724 90
15.3183 164
15.7969 96
15.8345 170
15.8851 106
15.9638 160
16.0163 105
16.5801 126
16.956 133
17.0384 236
17.2657 229
17.9259 235
18.117 90
18.1265 100
18.1517 100
18.3724 195
18.4331 134
18.8617 134
19.1981 179
19.2856 113
19.7851 84
20.9048 208
22.4146 150
22.7259 188
23.1642 98
23.3148 225
23.7877 240
23.7925 155
24.1973 165
24.3536 146
24.4315 154
24.4522 117
24.4956 153
25.1372 211
25.4834 127
25.6031 217
26.0937 160
26.1487 143
27.0196 216
27.2124 158
28.0071 124
28.0081 160
28.267 104
28.4966 139
29.0096 119
29.0842 109
29.1135 172
29.2926 183
29.7731 1
2480
11.0465 241
11.2037 186
11.6496 246
12.5626 232
12.7626 118
12.9107 202
13.2534 182
13.7435 120
13.766 84
13.8289 157
13.9902 85
14.1017 108
14.9822 116
15.7617 179
15.8877 104
16.0132 234
16.1414 214
16.6808 208
17.1996 230
18.7672 212
18.9355 158
19.3853 170
19.5699 165
20.1261 217
21.0952 169
22.2315 134
22.5296 214
22.5507 138
23.579 194
24.8477 237
25.4912 248
26.0112 208
27.5139 237
27.561 85
27.6316 223
28.6552 201
29.2907 208
29.5783 150
29.9113 206
30.5676 220
30.7436 237
30.9332 196
32.0907 236
32.222 1
5768
9.7944 216
9.9335 84
10.1328 137
10.2052 109
10.3971 217
10.7712 133
10.7983 113
10.8904 179
11.0893 218
12.0355 96
12.6329 227
12.7733 168
12.785 158
12.8314 218
13.3626 172
14.3771 212
14.549 234
14.6414 219
15.1546 139
15.3086 198
15.5325 176
16.0611 246
16.7298 111
16.9188 97
17.027 123
17.1359 117
17.1613 247
17.2835 202
17.4751 223
17.704 239
17.7319 88
18.2021 225
18.2455 138
18.7662 142
18.8019 125
19.474 234
19.8196 207
20.2268 241
20.3857 135
20.4387 157
20.542 234
20.7791 120
20.7843 209
20.8027 207
21.1713 85
21.4431 219
21.4441 204
21.842 247
22.2993 216
22.7353 218
22.9352 119
23.3781 244
23.6095 141
23.7953 216
24.1724 112
24.6924 202
25.8563 116
26.0006 244
26.2723 103
26.276 205
26.3678 109
26.4277 218
26.6537 201
27.3434 186
27.8799 111
28.1059 150
28.1789 194
28.1976 233
28.2493 96
28.2757 114
28.4904 148
28.8802 96
28.9591 195
29.0751 124
29.0929 94
29.1147 137
29.2144 158
29.8494 176
29.8781 184
30.0878 99
30.1111 111
31.1168 232
31.3568 210
31.7841 181
32.1416 91
32.1957 242
32.2082 212
33.0178 118
33.4054 93
33.4123 95
33.6711 191
33.7213 182
34.2782 111
34.3961 1
7093
9.3177 180
9.7159 132
10.2544 173
10.3957 88
10.4381 91
10.6588 247
10.7625 151
10.8098 144
10.915 230
11.1994 124
12.5223 191
12.623 101
12.7673 102
12.8288 183
12.8446 132
12.9532 164
13.588 124
13.7708 212
13.9652 238
14.2564 182
15.2088 114
15.4152 140
15.5261 209
16.2369 227
16.5788 139
16.5932 100
16.6904 135
16.8668 231
16.8841 100
17.173 207
17.4552 176
17.5645 236
17.6027 205
17.6364 162
17.9655 185
18.1445 236
18.393 165
18.3942 139
18.4806 185
18.6225 118
18.7236 188
18.8729 150
18.9784 168
19.36 139
19.5488 248
19.6081 233
19.8255 126
19.9391 213
20.4661 199
21.3914 94
21.5439 221
22.09 216
23.1348 89
23.251 99
23.4073 238
23.4128 130
23.8744 210
24.1931 125
24.3549 86
24.4703 205
24.473 189
24.7025 218
24.9897 204
25.0089 245
25.1322 234
25.5075 202
25.5421 116
25.9405 148
26.5343 187
26.6831 172
27.0783 149
27.3611 183
27.3792 173
27.8371 230
28.691 135
28.8144 155
29.6296 98
30.1552 104
30.5985 192
30.9228 175
31.2424 243
31.5572 208
31.6216 143
31.7145 248
31.8703 97
32.0266 120
32.6926 155
33.3454 190
33.5436 199
34.1011 131
35.1738 94
35.3473 129
35.6004 239
35.7214 118
35.7534 203
35.8133 158
35.8561 109
36.4019 83
36.8933 1
4957
10.3516 179
10.4322 96
11.4697 108
11.8558 114
12.5097 148
12.5277 144
12.6922 140
12.9902 177
12.9986 86
13.1589 181
13.2603 85
14.3689 212
14.7445 144
14.9239 97
15.0568 178
15.2561 197
15.3778 144
16.2456 151
16.746 143
16.8695 242
17.2726 125
17.5165 108
17.7712 222
17.8329 114
17.8416 105
18.6445 220
18.9884 213
19.356 102
19.6186 180
20.9725 176
21.0219 186
21.0861 185
21.4608 142
21.4977 161
21.7741 157
21.872 149
21.9245 143
22.5328 136
23.2072 126
23.3142 214
23.4859 139
23.668 211
23.9423 145
24.2129 145
24.301 227
24.4504 141
24.7346 108
24.7493 243
24.7965 116
24.9874 180
25.032 248
25.2163 154
25.2774 215
25.6614 200
25.9621 210
26.6366 144
28.3819 88
28.592 151
28.6262 235
28.9364 217
28.9391 99
29.342 92
29.7702 1
2965
9.7018 139
10.5752 181
10.8994 236
11.8361 223
11.898 181
13.631 172
14.3478 235
14.4988 101
14.872 186
14.9328 115
15.3332 137
15.3591 175
15.7408 107
16.0363 229
16.4928 97
16.5178 88
17.185 142
17.2068 229
17.3391 178
17.8187 190
18.2453 151
19.3775 139
20.1792 100
20.8918 203
21.3195 213
21.633 128
21.9535 236
22.5321 205
22.712 111
24.0127 235
25.029 147
25.5695 116
25.92 117
26.3526 242
26.6031 130
26.7138 202
26.91 119
27.0565 168
29.0443 218
29.3614 185
30.7607 224
30.8567 188
30.8877 138
31.8699 1
6391
10.0684 173
10.237 118
10.395 179
10.5019 220
11.0434 100
11.1971 113
11.286 226
11.5093 175
11.854 121
12.6181 235
12.6299 235
12.7205 149
12.769 91
13.3993 171
14.0013 224
14.2167 228
14.26 105
14.5361 198
14.6844 192
14.7403 94
15.3638 121
15.3857 210
15.4902 103
15.5107 155
15.6154 195
15.6817 153
15.9888 184
15.9942 115
16.08 89
16.3974 248
16.6835 193
16.7659 109
16.7771 165
17.1741 178
17.7752 106
17.9778 229
17.9867 147
18.5484 163
18.6461 159
18.7876 206
19.032 153
19.0379 211
19.4049 227
19.9826 121
20.018 94
20.2083 226
20.3657 166
20.4613 139
20.6115 220
20.7057 203
21.1904 123
21.251 168
22.6717 128
22.7615 214
22.8865 136
23.075 136
23.1937 223
23.9621 117
24.0038 99
24.5976 133
25.2209 100
25.3234 151
25.532 172
25.6143 135
26.34 152
27.5356 160
27.6213 224
27.6366 129
27.6612 239
27.8611 148
27.8625 94
27.9423 241
28.5458 156
28.8296 99
29.0213 111
30.0808 103
30.1652 170
31.1344 127
31.2462 84
31.2614 148
31.4082 87
31.6487 110
31.7808 93
32.3635 154
32.4693 232
32.5622 217
33.1691 146
33.42 127
33.4518 162
33.4964 241
33.8783 181
34.2186 234
34.3515 89
35.0301 1
9219
9.4875 197
9.7821 98
10.5525 159
10.5901 120
10.7334 180
10.753 215
10.8305 142
11.3077 160
11.8479 115
11.9413 131
11.9529 99
12.213 83
12.2802 225
12.4024 183
13.2548 228
13.4638 165
13.5426 164
13.6543 176
13.7668 204
14.2133 169
14.8876 239
15.1547 109
15.1585 84
15.5776 158
15.6683 226
15.7295 187
15.839 198
16.0812 241
17.3814 113
17.5039 177
17.7231 243
17.7585 139
18.0891 186
18.2033 201
18.7486 195
19.0362 153
19.1295 109
19.2308 246
19.3421 172
19.443 223
19.5647 155
19.6257 212
20.0048 83
20.904 244
20.9358 94
20.9482 131
21.9681 161
22.1023 175
22.3079 238
22.3745 186
23.0023 191
23.5551 118
23.859 236
24.1542 152
24.4163 141
24.6192 190
25.5355 212
25.668 163
25.8386 143
26.1245 126
26.3818 177
26.3901 180
26.4758 246
26.8189 170
27.0639 192
27.3995 112
28.0604 84
28.3207 176
28.5742 204
29.252 195
30.3993 232
30.4612 241
30.4811 217
30.707 163
31.1039 113
31.25 220
31.6307 231
32.2032 155
32.28 133
33.6033 91
33.7722 234
34.0397 91
34.2046 153
34.4338 244
34.552 98
34.6428 244
35.0417 161
35.0765 118
35.2732 127
35.385 86
35.7439 162
36.0337 91
36.0729 86
36.0732 241
36.4418 156
36.5902 247
36.8671 109
37.0619 218
37.1983 1
4908
9.2972 146
10.059 151
10.099 224
10.1448 178
10.1698 235
10.4565 178
10.8433 84
10.8544 226
10.9041 88
13.5779 119
13.656 111
13.6766 112
13.7164 246
14.2703 158
14.3328 85
14.4329 210
14.7475 237
14.9715 161
15.6848 163
15.9047 127
15.9794 192
16.4673 234
16.8048 158
17.1712 185
17.2784 173
17.3875 188
17.5431 209
17.6108 179
17.8656 191
18.0809 192
19.1052 157
19.1336 229
19.2512 127
19.579 120
20.0317 215
20.4547 91
21.1442 205
21.4501 239
21.9032 137
22.5784 164
22.7196 184
22.7308 87
23.1229 187
23.5842 116
24.7894 177
24.9609 139
25.0646 115
25.0751 109
25.7347 132
25.8421 172
26.5213 113
26.781 228
26.9486 186
27.0125 101
27.3289 199
27.3325 147
27.7001 93
27.7498 238
27.8842 219
28.1684 108
28.6335 217
29.0019 240
29.9599 1
3612
10.2634 123
10.8729 210
10.953 219
11.4667 114
11.6926 178
12.0258 137
12.7262 93
14.523 147
15.6231 209
16.1034 221
16.1533 183
16.242 222
17.079 227
17.2253 164
17.9314 133
18.4494 96
18.8916 206
19.5 210
20.15 202
20.5739 119
20.6705 92
21.1243 97
21.5351 158
22.4001 135
22.7212 146
22.9269 120
23.2015 176
24.0974 171
24.3135 184
25.0784 233
25.3778 137
25.5902 148
26.2204 103
26.5084 246
26.5706 231
27.1807 186
27.5077 184
27.6405 180
28.6542 147
29.8504 141
30.2768 127
30.6804 108
30.7502 106
31.7694 1
10071
9.5569 240
9.782 200
9.8079 219
9.9147 145
10.2111 139
10.2942 229
10.3353 117
10.4946 152
11.6259 206
12.4598 178
12.501 154
12.5177 162
12.7995 110
13.8835 91
14.2138 115
14.5682 165
14.5752 83
14.7647 100
14.8189 169
14.983 196
15.368 102
15.3861 103
15.8636 154
16.1733 171
16.2213 87
16.2952 146
16.387 103
16.855 226
16.9787 168
17.1878 120
17.3636 159
17.5368 101
18.2833 116
18.4189 100
18.7069 244
18.7157 239
18.7233 97
19.1976 96
19.8428 240
20.5539 113
20.5964 239
20.7662 179
21.0297 235
21.2256 107
21.7609 247
21.9702 132
22.0526 178
22.1913 185
22.504 136
22.701 210
22.7087 238
22.7588 189
23.4295 111
23.5675 237
23.6905 194
23.9647 123
24.3853 207
24.7091 235
24.8767 162
24.9294 93
25.0577 113
25.0951 214
25.1874 130
25.9637 220
26.2198 154
26.5733 108
26.6051 234
27.1623 134
27.3457 194
27.6139 86
28.695 158
28.7354 156
28.8442 162
28.9503 129
28.9575 195
29.5433 202
30.0409 165
30.4409 138
30.698 224
30.8137 192
30.8477 224
31.3057 181
31.4029 161
31.8364 115
32.2347 227
32.4198 167
32.6337 125
32.7956 90
32.9831 121
33.0741 248
34.2019 235
34.3987 214
34.4139 167
34.506 1
11755
10.0769 87
10.3103 238
10.344 196
10.388 199
10.9316 122
11.0398 175
11.5414 191
11.8244 136
12.2394 99
12.2832 163
12.8463 203
13.16 160
13.3494 245
13.6457 134
13.7525 192
14.3508 241
14.4552 162
14.9994 186
15.126 104
15.5129 173
15.5132 246
15.6371 91
15.864 177
16.1669 243
16.2417 243
16.2885 121
16.4288 89
16.8827 101
17.0976 139
17.3878 152
17.6084 107
17.699 147
17.7065 104
18.0772 109
18.1672 89
18.3405 160
18.4135 192
18.8013 102
19.0263 197
19.1573 138
19.1895 182
19.422 205
19.9308 132
20.1566 242
20.3116 170
20.3994 126
20.5581 96
22.2196 102
22.2221 171
22.6125 207
23.5764 228
23.7373 134
24.438 100
24.8297 117
24.9738 143
25.1895 229
25.5449 113
25.5763 217
25.6685 121
26.189 115
26.3769 189
26.4876 209
26.6857 92
26.9729 146
27.014 131
27.3938 128
27.5412 187
27.6154 83
27.7892 238
28.2869 241
28.5583 105
28.6362 231
29.2762 83
29.5597 203
30.4891 181
30.6211 187
30.636 131
30.8202 193
31.3645 110
31.6171 164
31.8216 89
32.3262 192
32.4771 182
32.868 135
32.8724 175
33.0423 123
33.4313 202
33.6042 230
33.625 142
33.6742 216
34.3407 222
34.5196 108
34.7854 129
35.7568 162
35.9973 157
36.2164 115
36.2844 117
36.4438 160
36.5201 1
7561
9.7311 182
9.9516 166
10.0983 226
10.1911 112
11.2283 107
11.248 91
11.3022 123
11.588 245
11.6684 99
11.6838 180
11.6872 123
11.8341 102
11.8781 94
12.0161 90
12.0668 124
12.0857 119
12.6821 151
12.84 234
12.9842 97
13.1273 181
13.2651 135
13.6382 215
14.0358 103
14.0775 137
14.5115 95
14.6339 91
14.6384 132
15.2596 89
15.263 230
15.7194 101
15.7212 241
17.0012 130
17.5166 158
17.5811 154
18.0231 114
19.2647 246
19.2847 123
19.6743 103
19.7248 109
20.9502 181
21.1598 169
21.2171 229
21.3986 198
21.4016 234
21.5859 210
21.6233 202
21.7897 240
21.8735 99
21.914 163
22.0542 117
22.4033 137
23.0633 91
23.5405 167
23.5537 125
24.2974 104
24.9781 138
26.8929 103
26.9441 228
27.4197 198
27.8192 205
28.7034 249
29.3884 237
29.6346 1
4898
10.35 207
10.6007 150
10.7569 106
11.9799 178
12.4592 231
13.2071 155
14.2373 208
14.8605 185
15.026 166
16.103 170
16.1371 130
16.336 117
16.6307 208
16.7527 195
17.2929 134
18.0915 150
18.1053 208
18.7591 205
19.1596 237
19.6826 203
20.4044 204
20.8193 147
22.2664 118
22.8882 239
22.9781 84
23.0021 100
23.3486 167
23.6667 189
24.3489 191
25.0867 101
26.1667 139
26.2413 119
26.5777 138
27.316 201
27.7071 144
29.1393 135
29.4832 97
29.9912 140
30.4261 216
30.934 221
31.0794 189
31.1363 189
31.2693 229
32.2717 1
12398
9.5666 220
10.0782 134
10.0789 162
10.094 135
10.3326 237
10.6078 97
10.7534 101
10.92 96
11.3573 124
12.3204 153
12.4175 94
12.5234 181
12.6585 222
13.2646 87
13.3179 173
14.1142 107
14.3405 215
14.6562 192
14.6571 223
14.8908 196
15.1667 111
15.3249 197
16.0159 109
16.1219 163
16.6109 111
17.4803 144
17.6486 159
17.7027 241
18.2107 108
18.3566 212
18.5318 227
19.0798 102
19.1313 135
19.461 129
19.4787 112
19.5897 194
19.6871 235
20.0618 117
20.1736 161
20.2679 175
20.471 128
20.5914 212
20.9438 149
21.9564 102
22.2294 144
23.0233 175
23.9931 131
24.3547 96
24.5467 199
24.9599 131
25.238 86
25.3867 217
25.5361 101
25.7169 139
26.4979 107
26.5291 246
26.6028 100
26.6935 214
27.0605 224
27.1798 161
27.3909 134
27.7047 106
27.7442 125
27.9466 143
28.2598 153
28.9558 179
29.0903 169
29.5742 179
29.6224 163
30.0706 123
30.2813 187
30.4737 194
30.5281 131
30.6543 99
30.789 113
30.9203 125
30.9416 213
31.0198 130
31.0706 101
31.3385 102
31.3641 116
31.4134 94
31.4318 197
31.6492 171
31.9653 90
32.2896 183
32.3232 164
32.5297 232
32.5934 111
32.6177 197
32.8814 115
33.5303 182
34.0973 241
35.1506 1
12100
9.698 83
10.0535 240
10.2701 211
10.8239 117
10.8851 139
11.1075 138
11.1222 162
11.4527 148
12.2223 115
12.2438 148
12.3537 95
12.4414 163
12.5182 86
12.6017 116
13.1718 116
13.2658 134
13.4358 169
13.4945 98
13.5308 208
13.8134 148
13.9982 112
14.049 236
14.4432 96
14.8591 99
15.2238 182
15.7828 95
16.0628 148
16.1729 129
16.3117 208
16.7778 188
17.5495 180
17.6148 196
17.7966 170
17.9531 206
18.4973 220
19.0737 195
19.1259 190
19.1789 192
19.9281 140
20.0556 126
20.1067 128
20.549 193
21.3295 89
21.3323 141
21.6954 161
22.0863 141
22.4725 233
22.9445 114
23.2851 210
23.8981 236
24.5193 167
25.6834 182
26.1748 110
26.2242 129
26.3924 156
26.3951 159
26.5257 119
26.9246 219
27.0913 199
28.3413 193
28.4927 106
28.6294 128
28.7493 161
28.9076 191
29.0072 107
29.2468 141
29.3165 124
29.4414 235
29.6228 126
30.123 114
30.1473 178
30.3437 156
30.5214 245
30.8246 231
30.9192 101
31.1171 192
31.6714 145
31.8271 137
31.8318 140
32.2058 141
32.338 136
32.5468 170
32.5931 133
32.6346 200
33.0598 224
33.068 228
33.2777 91
33.4031 129
33.5013 230
34.2423 244
35.0795 109
35.3643 207
35.4176 162
35.4291 242
35.4982 234
35.6116 124
35.6995 239
35.9184 87
36.7521 1
8942
8.0118 245
8.1282 160
8.9192 218
9.0443 182
9.1609 141
9.2763 185
9.8432 231
10.3911 120
11.4188 189
11.5733 150
11.6054 106
11.7406 169
12.3885 184
12.4983 170
12.5281 149
12.8055 145
12.8816 138
14.2937 176
14.377 224
14.4533 244
14.6401 136
15.0264 159
15.4198 225
15.624 104
15.877 163
15.9292 112
16.1641 119
16.2026 112
16.4835 102
16.6871 188
17.183 200
17.5317 141
17.9663 213
18.091 178
18.2291 113
18.3386 190
18.9674 156
19.1101 120
19.7058 151
20.0349 188
20.08 113
20.1336 90
20.3583 186
21.2955 127
21.7157 166
21.84 215
21.9332 165
22.5816 154
22.8135 231
23.1471 125
24.0257 90
24.146 174
24.2305 240
24.2657 208
24.6368 179
25.0355 139
25.8878 197
26.5879 153
26.7811 173
27.6149 186
27.8851 228
28.1185 95
28.7109 1
5657
9.3642 150
9.5826 115
9.6254 176
9.654 127
10.0968 189
10.1278 135
10.455 183
10.6627 199
11.0629 225
12.0366 232
12.887 153
13.7871 212
14.1598 102
15.1184 238
15.3042 89
15.8624 216
16.3735 164
17.136 232
18.3373 212
19.3476 167
19.4574 175
19.5936 124
19.7519 165
19.8365 201
20.5684 206
21.0858 242
21.298 209
21.9985 105
22.1647 205
22.2401 211
22.3018 136
22.722 212
22.7778 219
22.847 245
23.341 196
24.0581 201
24.6145 145
26.5034 145
27.6728 228
28.468 90
28.5857 161
28.8212 188
28.8775 224
29.7027 1
13829
8.3178 96
8.6192 215
8.8466 173
8.8469 93
9.1348 228
9.2544 145
9.6316 245
10.1024 124
11.4281 169
11.6903 241
12.026 208
12.0311 174
12.2315 122
13.4575 120
13.616 98
13.7325 195
13.7465 96
14.1508 99
14.4341 238
14.7972 136
14.9089 148
14.9274 197
14.9627 166
15.2627 143
15.7574 91
16.8211 105
17.2033 98
18.0294 140
18.3397 152
18.8274 88
18.8504 236
19.1416 151
19.402 112
19.552 160
19.8918 160
20.5327 142
20.636 186
20.7796 212
20.8817 195
21.0002 120
21.2054 218
21.6553 96
22.3185 229
22.3434 98
22.5634 113
22.6881 246
23.1561 123
23.5275 213
23.555 133
23.5721 185
23.6235 185
23.8972 84
24.1846 215
24.6305 93
25.0221 231
25.2094 198
25.4557 206
25.59 214
25.7159 162
25.7396 115
25.8848 107
25.9014 229
25.9154 90
26.5763 110
26.8917 249
27.6467 87
27.8674 245
28.283 242
28.2884 172
28.4381 84
28.6021 150
28.9857 189
29.0962 205
29.1493 175
29.2895 193
29.4633 202
29.5676 162
29.8824 187
30.2642 201
30.6766 170
31.0543 128
31.1024 87
31.1691 225
31.2472 200
31.2838 229
31.3705 164
31.3934 116
31.5382 115
31.5823 88
31.848 213
32.5576 229
32.9253 224
33.2235 219
33.2763 1
17185
8.0275 99
8.5173 194
8.8197 202
9.0005 136
9.2502 171
10.0738 191
10.9482 157
10.9714 178
11.1288 124
11.2097 127
11.3905 145
11.397 148
11.8289 113
11.8997 241
12.6917 132
13.096 238
13.6804 126
13.7549 118
13.9296 225
14.7049 121
14.8412 84
15.1458 222
15.3737 137
15.467 94
15.5213 85
15.5937 144
16.1465 192
16.2698 91
16.5654 177
16.6082 128
16.6512 112
16.7559 183
18.0682 176
18.2285 125
18.2943 98
18.5988 215
18.8708 216
19.1015 248
20.0639 243
20.2499 171
20.3146 237
20.8842 94
21.3386 141
21.676 186
21.7835 224
22.1017 154
22.5582 157
22.7541 151
22.8569 246
23.712 125
24.2383 213
25.2732 232
25.3391 235
25.7068 228
26.6488 173
26.6653 231
26.7528 185
27.4718 153
27.4818 200
27.5229 86
27.6565 113
27.8033 226
27.8169 233
27.844 246
27.9128 201
28.2547 89
28.2766 218
29.0763 137
29.2249 207
29.8682 85
29.8883 85
29.9262 144
29.9857 95
30.0341 223
30.4325 119
30.5957 182
30.762 236
30.7759 141
31.1907 173
31.4166 153
31.657 100
32.0006 238
32.0316 228
32.3383 108
32.47 154
32.5614 84
32.7042 242
32.8721 180
32.9919 138
33.1466 83
33.2 118
33.3732 178
34.036 208
34.105 201
34.3724 184
34.4023 177
35.5991 164
36.0044 120
36.3496 997
7977
9.081 235
9.4657 204
9.5597 202
9.64 85
10.1526 148
10.2135 182
10.4064 152
10.6031 137
10.6039 108
10.6157 119
10.7468 118
11.1694 149
11.2095 240
11.5787 207
11.6439 212
12.3884 210
12.6596 193
12.677 190
12.9976 173
13.055 90
13.4222 218
13.6682 114
13.7378 86
13.902 137
13.9155 102
13.9738 123
14.0056 136
14.4371 149
15.1918 136
15.2242 113
15.5106 210
15.512 124
15.6442 145
15.868 147
17.5238 216
18.0643 181
18.7118 236
19.2267 182
19.6083 124
19.6375 208
19.9618 84
20.0038 113
20.097 133
20.8707 137
20.8807 167
21.2664 246
21.9008 151
22.0598 206
22.133 156
22.259 113
23.8581 97
24.173 144
24.6623 143
25.2439 215
25.6115 89
25.7402 169
25.7766 197
25.9538 188
26.6147 99
27.2402 226
27.3969 177
27.9861 246
28.5158 1
7576
8.3908 123
9.0188 190
9.2087 93
9.2689 144
9.2831 154
9.3149 177
9.9184 94
10.687 190
11.2382 141
12.2589 97
12.6307 94
13.2094 155
14.1344 140
14.2395 137
14.2846 197
15.2415 232
16.2951 248
16.7425 171
17.4984 239
18.0714 222
18.4493 105
19.6095 152
19.8151 114
19.9275 198
20.304 90
20.3506 134
21.0897 116
21.5554 233
21.8497 156
22.0818 169
22.2882 171
23.1816 103
23.8363 239
24.5551 85
25.1809 114
26.0178 178
26.5982 151
27.1502 105
28.0005 208
28.023 156
28.5943 159
28.7769 136
29.9006 210
30.8644 857
16462
8.5335 160
9.0036 212
9.1837 179
9.2638 101
9.314 242
9.6373 91
9.6829 190
10.3612 89
10.3963 154
10.6829 235
11.0122 237
11.3141 163
11.5564 87
12.4234 84
12.4563 196
13.3453 117
13.7753 213
13.8617 180
14.6612 98
14.6932 100
15.1821 228
15.4797 151
15.5203 200
15.6325 115
15.773 247
15.9742 207
16.1262 113
16.1466 155
16.3643 119
16.5075 241
17.1445 195
17.5183 194
18.1086 149
18.2498 239
18.3137 148
18.5215 147
18.9549 133
19.5149 128
19.6315 106
19.7562 179
19.9659 193
20.0139 136
20.305 119
20.5026 93
20.662 150
21.3329 152
21.4541 122
22.0167 145
22.049 110
22.0501 221
22.1571 173
22.5014 201
22.5397 212
22.8723 232
22.9183 170
23.3855 161
23.4327 86
24.2813 225
24.3161 113
24.6791 156
24.6852 199
25.1383 105
25.4344 133
25.6934 167
25.8888 217
26.0734 110
26.0858 114
26.3524 224
26.5388 249
26.5498 105
26.7626 178
26.8094 233
26.8173 120
26.8546 151
27.4716 165
27.6344 191
27.7361 171
27.8676 95
27.937 156
27.9868 198
28.7928 218
29.0029 115
29.2699 141
29.3188 237
29.4471 233
29.4593 126
29.5886 198
30.5347 135
31.5597 217
31.9974 238
32.0852 119
32.3669 151
32.8323 239
33.5697 1123
14863
7.9104 226
8.3468 247
8.6811 100
8.7659 152
8.7669 235
8.8534 239
9.0046 146
9.4304 141
9.7413 183
9.8511 177
10.2162 89
10.4923 188
10.7139 115
10.8444 193
10.923 174
11.0386 206
11.0675 169
11.1377 246
11.2081 84
11.6652 167
12.2023 231
12.7367 95
13.5599 190
14.1321 159
14.3002 217
14.3873 99
15.2128 222
15.7047 110
15.7622 174
16.035 232
16.1845 242
16.224 204
16.2566 218
16.2758 114
16.4718 223
16.7582 160
17.2352 94
17.406 227
17.5606 218
17.8189 88
18.3264 147
18.4934 186
18.8841 240
19.2374 211
19.3888 227
19.4252 180
19.7383 97
19.7664 178
19.829 224
19.8351 156
20.2904 204
20.6127 89
20.7828 90
20.9697 145
21.0392 103
21.8868 152
21.9029 185
22.685 100
22.8614 115
23.15 227
24.2031 112
24.5564 85
25.7603 152
26.289 106
26.3177 187
26.3193 204
26.511 106
26.5148 240
26.9616 197
27.2336 150
27.287 104
27.4955 172
27.5109 201
27.7899 182
28.0251 102
28.1657 223
29.1859 97
29.4363 90
29.9043 192
30.0425 137
30.1014 115
30.2793 102
30.4103 104
30.5238 120
31.3168 224
31.6197 197
31.899 173
31.9295 100
31.9741 105
32.3892 193
32.6568 181
32.6806 220
32.8731 108
33.1771 113
33.3886 164
33.4224 221
33.9794 105
34.1132 238
34.118 1
9797
7.8869 128
8.5123 206
9.1543 152
9.3216 95
9.7211 191
10.4466 176
11.1943 168
11.2622 146
11.931 185
12.3471 99
12.8969 236
13.5594 131
13.6386 120
13.8799 231
14.6795 181
14.7791 115
14.8684 166
14.9285 187
15.4151 116
15.5091 155
15.5879 174
15.758 208
15.9058 125
15.9416 162
16.5616 185
16.7442 106
16.8862 246
16.9903 196
17.8401 124
17.8529 190
18.2752 95
18.3021 240
18.8418 246
18.8711 150
19.7265 161
19.9902 89
20.3617 201
20.535 120
21.4154 187
21.6541 223
21.7752 229
22.7184 209
22.9353 199
23.0845 84
23.1678 190
23.3661 161
23.5804 219
23.6638 119
23.9929 212
24.1767 197
24.1894 200
24.294 147
24.6786 206
24.8337 142
25.2943 164
26.5385 220
26.6491 89
27.1129 166
27.145 124
27.205 235
27.2634 116
27.2794 161
28.2483 1
7507
8.3368 105
8.5135 102
9.1872 124
9.2565 216
9.974 104
10.0765 126
10.6738 171
10.7035 200
10.8143 206
11.3635 115
12.33 134
12.5722 236
12.6688 167
13.3425 191
14.1808 122
14.9489 205
16.17 133
17.0228 182
17.5809 172
17.6272 174
18.6592 240
18.7543 142
18.8383 83
18.9116 104
19.1443 217
19.2676 193
19.4584 99
21.1065 128
21.4081 155
21.5121 164
21.6047 189
21.6248 151
22.3461 85
22.3911 145
22.7708 159
23.4052 130
23.9725 138
24.5268 149
26.3821 85
26.9255 144
27.9669 237
28.501 235
28.6447 137
29.997 814
16042
8.3685 96
8.4901 104
8.5643 107
8.8564 237
9.5209 154
9.9035 160
9.9649 221
10.1201 137
10.3251 152
10.3613 245
10.6255 130
10.9242 202
11.0053 193
11.3724 215
11.5506 220
11.582 202
11.9727 196
12.2859 177
12.3763 249
12.762 125
12.828 107
12.9447 233
13.0028 157
13.6135 183
13.7828 133
13.9087 165
14.8469 105
14.8937 102
14.981 217
15.0368 151
15.3049 116
15.8726 201
16.1235 96
16.2353 119
16.2771 245
16.3885 169
16.6831 173
16.688 117
17.3184 205
17.6448 218
18.1504 106
18.2077 205
18.5458 97
18.8929 246
19.3143 236
19.5892 155
20.2993 123
20.6541 135
20.8619 85
21.102 245
21.3972 236
21.4484 196
21.4708 165
21.5506 185
21.8042 93
21.8584 114
21.9717 103
22.1724 91
22.349 108
22.3772 139
22.6526 88
23.005 200
23.2051 118
23.6678 107
24.0717 100
24.8719 142
24.8794 232
25.0713 216
25.2343 227
25.5416 190
25.6987 182
26.3761 128
26.9784 219
27.0334 155
27.0973 228
27.5689 135
28.0079 145
28.2251 242
28.316 169
28.5192 118
28.5546 189
28.6203 104
28.8076 227
29.7295 195
29.9332 222
30.0569 107
30.2022 131
30.3373 205
30.3559 93
30.7568 221
31.22 201
31.6988 146
32.2637 190
32.4167 674
15096
8.4594 132
8.65 119
8.663 229
8.9748 208
9.5468 182
9.6405 137
9.7188 137
9.916 168
10.0748 181
10.0912 204
10.168 169
10.2693 208
10.7322 201
10.8085 136
11.5895 221
11.9563 232
12.0708 148
12.1563 159
12.1766 244
12.2032 245
12.5181 126
12.9502 209
13.1659 206
13.7132 189
14.118 237
14.1268 134
14.2258 90
14.6487 148
14.6577 205
15.3056 188
15.8915 134
16.2095 167
17.2573 98
17.3502 244
17.4376 141
17.901 230
18.052 127
18.2723 139
18.4056 232
18.8447 237
19.1348 190
19.2715 181
19.832 99
20.1395 201
20.669 243
21.1583 176
21.227 239
21.5772 119
21.5964 245
21.6156 174
21.8948 194
22.1674 97
22.2613 216
22.7693 204
22.9099 173
23.0828 182
23.4667 182
23.6061 121
24.2601 90
24.4987 224
24.7148 228
25.1268 88
25.2955 224
25.3381 193
25.5821 196
25.6538 215
26.1415 194
26.2467 102
26.5864 215
26.9019 96
26.9589 193
26.959 120
27.1438 90
27.4613 212
27.7012 210
28.9948 217
29.2581 116
29.4169 124
29.6453 107
29.9153 206
30.7551 200
30.9398 115
30.9783 216
31.1068 248
31.3448 96
31.4418 109
31.6772 102
33.1951 205
33.2984 215
33.7506 159
34.0854 227
34.1416 214
34.5538 111
35.1455 125
35.152 190
35.2041 132
35.5127 133
35.5715 121
36.1668 1
9202
4.9415 129
5.8426 133
5.9213 149
7.2038 170
7.4759 148
7.5238 96
7.533 124
7.7022 109
7.7656 169
8.7814 121
8.7932 150
8.9121 154
9.4272 141
9.6536 192
9.8281 132
10.2572 110
10.4264 226
10.5853 94
10.589 158
11.2833 122
11.6416 177
11.9908 108
11.9976 112
12.1512 217
12.7511 190
12.7988 122
12.8002 193
13.3137 123
14.2033 226
14.5184 154
14.6629 93
14.669 200
15.0956 166
15.2463 244
15.2955 208
15.9419 195
15.9746 127
16.0696 189
16.0906 83
17.0203 185
17.4338 84
17.4598 157
17.529 159
17.9556 92
18.1595 148
18.596 219
19.8096 174
19.8195 146
19.8464 102
20.0672 216
20.1719 98
20.3627 121
20.6519 176
21.5239 146
21.8329 230
23.2748 119
23.5086 203
23.5088 187
23.6367 244
23.7026 177
24.3592 130
24.4475 204
25.3699 1
5331
6.274 134
7.2721 193
7.549 220
8.5042 226
9.3563 110
10.1265 214
10.9548 110
11.8495 102
11.9036 235
12.2511 140
12.7514 112
13.2899 96
13.8609 178
15.2126 153
15.2217 232
15.4485 248
16.3125 182
16.3989 185
16.5182 100
16.8965 121
16.9222 156
17.8612 88
18.2802 109
18.5777 202
19.0984 229
19.2916 219
19.745 102
20.123 172
20.6615 214
20.82 125
22.0971 169
22.2843 186
22.4961 199
22.9198 132
23.0696 150
23.1891 147
23.7987 130
24.3389 226
24.4188 89
25.364 224
26.0961 125
27.3693 93
27.8134 225
28.065 1
12572
6.1844 87
6.3707 166
6.3832 171
6.5073 208
6.618 167
6.7387 141
6.8729 232
7.3647 173
7.6497 224
8.1195 153
8.1721 144
8.2494 238
8.4185 225
8.5223 231
8.5315 155
8.7341 99
9.3095 99
9.4739 109
9.625 141
10.1299 184
10.1398 152
10.5908 154
11.3122 175
11.3657 196
12.7693 231
13.2896 133
14.2017 217
14.3923 188
14.4641 111
14.4965 171
14.5842 148
14.6483 151
14.9335 131
16.0643 103
16.7034 197
16.8838 183
17.0328 197
17.0538 213
17.1732 232
17.188 101
17.454 224
17.548 213
17.982 109
18.006 97
18.0402 106
18.2255 229
18.5714 233
18.7918 211
19.0352 157
19.137 158
19.3601 158
19.6363 86
19.6922 164
19.7615 194
20.1772 178
20.4059 155
20.6116 98
20.6362 144
20.7187 123
21.0849 120
21.4706 130
22.0125 141
22.0746 139
22.6155 157
23.2267 190
23.237 136
23.3892 207
23.4318 223
23.5254 137
23.6123 149
24.2993 142
24.5688 235
24.902 238
24.9455 126
25.5522 170
25.6587 234
25.7538 162
26.302 197
26.3441 236
26.4555 153
26.5201 101
26.6332 204
26.7968 232
27.1286 225
27.2044 248
27.4118 135
27.4296 239
28.0243 119
28.8093 176
28.9617 223
29.2875 99
29.6852 169
29.9184 151
31.152 1
14075
5.1465 145
5.7603 117
6.1392 90
6.698 188
7.4172 118
7.7123 210
8.066 194
8.2558 236
8.5324 160
9.0413 138
9.1005 108
9.2428 181
9.5068 184
9.8027 119
10.4966 146
10.9875 235
11.1747 242
11.2447 208
11.2704 188
11.6081 224
11.8407 145
12.0793 139
13.0176 85
13.1786 249
13.5693 239
13.7747 227
13.8485 168
13.9668 199
14.0339 192
14.3718 189
14.3755 217
14.6071 110
14.796 122
15.1637 132
15.2602 201
15.8534 247
15.9686 214
16.0284 162
16.2972 215
16.5453 243
16.8852 127
17.0894 155
17.2829 141
17.3154 227
18.3095 91
18.4758 127
18.5336 217
19.0338 184
19.0571 153
19.1987 159
19.213 204
19.2227 174
19.6661 132
19.8561 238
19.9601 155
20.7087 124
21.3197 161
21.4876 233
21.5343 237
21.8288 135
21.8845 110
22.012 241
22.0822 132
22.1234 139
22.235 233
22.2776 135
22.5968 184
22.6612 121
22.9889 149
23.2512 122
23.3086 101
23.4764 203
24.8699 95
24.8932 186
25.1049 96
25.8165 165
25.8632 208
25.9299 199
26.4676 247
26.5717 183
26.608 152
26.806 97
27.2122 219
27.3172 187
27.3616 199
27.6115 126
27.6147 246
27.8765 163
28.3496 195
28.3672 191
29.0433 116
29.1282 225
30.4231 102
30.7162 146
30.9436 127
31.3835 174
31.6804 151
32.2857 118
32.4172 1
6356
3.4552 170
4.7572 142
4.8418 238
5.1017 184
5.8291 157
6.5139 221
7.1095 167
7.1874 84
7.351 177
8.3764 202
8.3781 164
8.3855 218
8.6588 173
8.7834 119
8.9064 143
9.1175 172
10.7568 85
10.8199 219
11.1848 217
11.3405 152
11.5666 170
11.5738 206
11.9258 118
12.066 86
12.6352 109
13.4978 142
13.8135 235
14.9899 117
15.1369 139
15.3543 118
15.3673 201
15.9454 237
16.0829 186
16.3298 204
16.5721 158
16.5995 215
16.7269 139
16.8543 111
17.537 164
17.5528 213
17.7313 199
18.1303 175
18.3561 210
18.4623 102
18.5426 160
19.1402 206
19.5939 187
19.6732 195
19.8552 91
20.3611 225
20.4785 157
20.6457 94
20.9245 225
21.1482 211
21.8248 199
22.1718 221
22.2342 106
22.6547 113
22.8683 197
23.031 155
23.0573 217
23.5669 202
23.598 1
4939
6.4042 240
6.5759 193
6.9324 194
8.0876 167
8.341 148
8.4031 203
9.1796 157
9.7082 168
9.7414 178
9.847 115
10.5062 200
10.7299 92
11.8722 131
12.3509 146
12.4139 138
12.525 147
12.6541 223
15.3015 158
15.6265 161
16.115 205
16.7143 118
16.9375 177
17.322 246
17.5271 128
17.6855 224
18.4491 118
19.4539 154
19.8794 135
20.3045 150
20.4545 162
20.7853 176
21.1039 148
21.3113 214
21.7432 215
22.2474 243
22.25 193
22.7734 172
23.2535 186
23.4804 173
24.4898 218
24.9113 170
26.2268 164
26.3443 167
26.6327 1
11927
3.6964 93
4.1037 217
4.6233 179
4.9874 163
5.3425 145
5.3842 246
5.8125 197
6.4233 162
6.7256 101
7.0621 215
7.3681 99
8.1386 91
8.6003 196
8.7309 102
8.8814 230
9.5009 195
9.9989 231
10.0927 91
10.2772 178
10.3465 94
10.6489 137
11.2253 170
11.2412 198
11.2618 161
11.3402 156
11.3687 137
11.4433 244
11.5337 149
11.8072 240
12.3957 204
12.5217 163
12.526 180
12.7295 241
12.9623 131
13.1656 180
13.2918 114
13.4206 143
13.6912 198
13.7782 209
14.3533 234
14.8873 164
16.0898 114
16.3095 223
16.4454 100
16.5209 244
16.7488 203
16.8063 151
17.5557 93
17.6647 116
17.7403 183
17.8846 118
18.5493 245
18.6168 178
18.8101 121
19.4936 184
19.5495 216
19.6286 121
19.8299 125
19.8306 197
19.9473 207
20.1659 151
20.4162 247
20.5672 140
20.7326 240
21.166 84
21.6745 126
22.8914 244
22.916 202
23.2351 249
23.9096 142
24.2038 106
24.5869 137
25.2455 170
25.3378 175
25.3975 97
25.55 204
25.5804 205
25.5993 214
25.7184 147
25.7943 240
25.7993 215
26.6301 220
26.8504 156
27.3309 109
27.5442 235
27.8057 185
27.9333 183
28.0239 139
28.0878 176
28.1834 127
28.5065 218
28.567 168
28.968 136
29.1934 1
13122
3.215 160
4.6738 215
5.1512 242
5.7094 141
5.9739 173
6.4941 215
6.504 216
6.9184 214
7.3039 200
7.6643 170
8.5047 88
8.6085 121
8.8675 97
8.8762 188
9.4367 171
9.6469 86
9.6877 139
10.3177 145
10.4027 110
10.4679 170
10.928 207
11.458 234
11.712 219
11.7804 158
12.5418 236
12.7034 159
13.2514 137
14.3661 249
14.5009 93
14.5356 203
14.5951 111
15.0521 114
15.4064 186
15.4839 107
15.7246 140
15.7821 184
15.8256 223
15.875 91
15.9113 242
16.295 151
16.4507 101
16.9287 104
17.2983 153
17.4211 161
18.1374 174
18.3272 137
18.3684 142
18.3939 88
18.8634 159
18.9627 144
19.0833 190
19.1644 166
19.2441 222
19.2482 195
19.2671 152
19.9502 203
20.2689 98
20.4167 222
20.9004 101
21.0815 200
21.3041 241
21.4576 212
21.5046 113
22.2397 124
22.256 181
22.3829 133
22.4107 134
22.4409 84
22.6137 93
23.1015 159
23.3778 88
23.9882 106
24.3187 247
24.4202 144
24.8155 152
25.0744 130
25.2684 184
25.3408 92
25.4672 135
25.9082 134
26.2997 109
26.8674 131
27.3533 110
27.5536 174
27.803 140
28.0635 249
28.1513 207
28.3352 121
28.6243 164
29.0349 158
29.1536 203
29.2099 125
29.3288 150
29.3838 177
29.4036 198
30.3607 95
30.3865 194
31.1645 98
31.6068 1
6720
2.7387 120
2.907 173
2.9913 245
3.5033 168
3.936 242
4.1894 86
4.3309 166
4.704 153
5.9847 158
6.1255 195
6.9028 168
7.0025 155
7.4549 214
7.5479 172
7.8518 195
7.9038 85
8.4388 131
8.931 135
9.0342 206
9.2595 209
9.3035 230
9.7239 124
9.7822 227
10.3504 125
10.987 111
11.2566 189
11.4654 121
11.5647 229
11.8088 223
12.5662 131
13.5964 245
13.6815 166
13.7585 157
13.7768 91
13.9294 144
14.6719 91
14.6801 247
14.9086 117
15.1611 209
15.4989 223
16.1198 88
16.2045 133
16.8223 198
16.8248 124
17.182 183
17.7369 196
18.082 191
18.2507 109
18.8671 85
18.9614 164
20.0394 232
20.137 106
20.2085 132
20.7852 239
21.0494 247
21.4326 99
21.7048 244
22.1812 90
22.2688 183
22.7037 243
23.049 138
23.0762 125
23.4319 1
4774
3.5556 210
4.0755 142
4.6371 243
5.5367 223
6.1291 134
6.1716 131
6.1722 213
6.5748 228
6.599 191
7.1514 179
9.3335 189
9.4656 190
9.5686 228
9.8233 185
10.4293 153
10.4462 158
10.5785 92
10.8242 153
10.9826 149
12.1606 114
12.4303 89
12.8306 198
12.8724 243
13.5021 188
14.7246 130
15.0304 180
15.652 210
15.6548 220
16.2022 157
16.2386 133
16.9552 196
18.936 178
19.2693 199
19.7253 173
21.3755 221
21.444 206
21.4941 245
21.5115 193
21.5486 106
21.8306 159
22.982 196
23.3821 124
23.746 135
25.5373 1
11141
1.8425 199
2.6078 88
3.259 233
3.2994 123
3.5683 185
3.621 193
4.2003 222
4.2803 189
5.7939 131
6.6416 166
6.8307 152
6.9791 230
7.33 231
7.64 122
7.6885 145
8.0712 109
8.1179 95
8.3069 147
8.5712 96
9.0754 84
9.7586 199
10.0472 223
10.1341 245
10.2718 223
10.4646 131
10.5817 217
11.1592 115
11.4201 157
11.4688 98
11.7746 189
12.0512 110
12.0945 142
12.229 177
12.9797 134
13.141 141
13.7601 195
13.9789 89
14.0545 246
14.2228 209
14.7963 159
15.0499 110
15.093 187
15.3693 97
15.4457 178
15.6697 104
15.6797 223
16.528 217
16.7418 90
17.111 134
17.4141 232
17.7929 99
18.9647 135
19.3139 171
19.9485 244
20.1158 131
20.4943 89
20.762 168
20.8711 176
21.3917 212
21.5834 141
21.5938 178
21.908 163
22.2671 96
22.4377 234
22.7054 216
22.8362 187
22.8809 91
22.9697 164
22.9867 111
23.4356 241
23.457 124
23.5548 249
23.7233 236
23.7858 218
23.7974 91
23.8154 214
23.8531 192
24.127 237
24.2507 103
24.2676 222
24.2899 219
24.7407 234
25.0193 152
25.1861 233
25.2025 151
25.6367 151
25.9074 189
25.9901 143
26.104 232
26.6011 188
27.0562 105
27.1952 107
27.9082 132
28.234 1
11643
2.5857 111
3.4006 234
3.8927 105
3.939 199
4.0641 84
4.315 101
4.9691 98
5.1813 190
5.5273 178
5.6805 176
5.7113 214
5.7882 132
6.466 161
6.5074 150
7.3862 85
7.4623 105
7.8524 225
9.3568 213
9.9045 216
10.0846 220
10.1805 228
10.1978 154
10.3767 177
10.8115 154
10.842 122
11.5117 206
11.6127 87
11.6145 209
11.9479 146
11.9633 245
12.582 188
12.6096 102
13.0727 96
13.1504 144
13.1833 208
13.3919 106
15.0701 190
15.0954 102
15.2013 163
15.4487 138
15.5973 164
15.6587 231
16.2458 150
16.5318 101
16.6471 120
16.9191 141
17.7665 244
17.8986 130
17.8991 232
18.1567 194
18.3123 127
18.7511 198
20.2999 104
20.5698 151
20.8022 102
21.0328 177
21.1302 240
21.1905 116
21.3145 228
21.7547 141
21.8145 240
21.8708 183
21.8885 192
23.4951 214
23.6514 93
23.8636 152
24.1023 198
24.1657 169
24.4935 194
24.5942 149
24.704 189
24.7428 229
24.744 209
25.1501 208
25.2583 119
25.4962 144
26.0036 85
26.2479 162
26.5286 239
26.6296 88
26.6572 146
26.7436 91
26.8782 224
27.0652 236
27.2845 221
27.3291 212
27.9648 160
28.1955 236
28.3996 118
28.5246 151
29.0018 158
29.0644 201
29.1151 139
29.4915 157
29.8323 94
29.8989 208
30.0048 161
30.0859 171
30.8726 1
6338
2.1752 196
2.8784 118
3.1221 86
3.3491 168
3.6921 108
3.7038 218
4.1619 89
4.5307 102
4.7839 98
5.0904 106
5.7192 97
5.7568 173
5.8996 228
6.4992 216
6.7876 194
6.9583 165
7.6554 112
7.7046 180
7.9852 127
8.4352 116
8.7 199
9.1591 199
9.1828 177
9.3147 116
9.4497 142
9.4857 162
9.5878 143
10.0531 170
10.0703 95
10.3324 206
10.5936 205
10.7019 109
10.9595 230
11.2422 157
11.4877 87
11.5122 235
11.5954 102
11.7475 117
12.2373 249
12.2533 88
12.491 145
13.1887 235
13.9474 229
14.2732 89
14.4542 137
15.1093 121
15.4742 229
15.8868 179
16.1255 220
16.2351 186
16.3351 141
16.5053 200
16.5576 229
17.7247 120
18.4428 103
18.769 182
18.9538 184
19.4136 213
19.7546 132
20.7371 222
20.8406 158
21.526 145
21.9577 1
3815
2.2606 109
2.8415 142
4.7701 247
4.8091 144
6.0258 196
6.3091 232
6.3179 217
6.7567 225
7.0658 153
7.641 243
8.0018 210
10.2132 236
10.4916 146
10.5854 114
10.6416 230
10.9606 242
11.3221 205
12.9541 90
13.8791 143
14.0806 205
14.9753 87
15.0001 161
15.1103 219
15.2717 211
16.8421 111
17.619 237
17.9273 118
18.1211 194
19.1897 94
19.7456 93
20.1128 87
20.2132 182
20.4502 142
20.6295 163
20.7435 228
21.137 100
21.2326 216
21.5096 226
21.5465 99
21.6223 151
21.7283 118
23.0713 226
24.2127 206
24.4964 1
9069
1.2479 150
1.6667 124
1.7362 97
1.8522 228
1.9778 155
2.0084 110
2.1521 105
2.3545 230
2.7967 208
3.5595 125
3.8167 195
4.3561 203
4.4057 210
4.782 236
5.3227 113
5.8313 140
5.8789 114
6.1309 160
6.1485 216
6.6357 230
7.2781 124
7.353 131
7.7313 193
7.9389 136
8.4225 199
8.7078 244
8.9357 121
9.0111 88
9.0794 200
9.2943 162
9.3 189
9.4096 231
9.9423 173
10.0485 124
10.7197 98
10.8216 101
10.8665 224
11.0047 186
11.0203 100
11.2166 221
11.5703 184
11.9183 180
13.5291 165
14.0319 164
14.2178 124
14.3271 188
14.4306 244
14.5013 220
14.5137 123
14.5407 216
14.6214 227
14.8663 112
15.0973 87
15.7687 209
15.7915 228
16.0231 105
16.189 193
16.2745 232
16.3751 124
16.4405 147
16.8529 144
17.2599 212
17.2863 184
17.8816 165
18.0061 168
18.0277 166
18.0526 100
18.5021 160
19.5769 86
19.6449 159
20.0862 107
20.0998 117
20.1264 105
20.1603 217
20.2088 208
20.409 180
20.8658 86
20.866 150
21.3262 249
21.4801 145
21.7565 184
21.9094 184
22.311 206
22.4064 93
22.7704 210
23.2827 216
23.6592 124
24.1111 237
24.1695 108
24.6335 134
24.9184 132
26.0142 248
26.0224 168
27.323 1
9736
0.8464 122
1.9366 156
1.9654 90
2.9846 167
3.0336 161
3.1175 223
3.3196 249
3.4363 166
3.9089 230
4.0111 226
4.5267 180
4.6136 186
4.9728 163
5.0635 241
5.33 187
5.3495 203
5.3741 97
5.5772 128
5.7315 140
6.0738 98
6.3263 236
6.3368 234
6.4691 109
6.5631 189
7.1937 215
7.4857 212
7.5277 91
7.8031 196
8.0952 113
8.6677 242
9.5863 167
9.6785 120
9.7584 170
9.9587 171
10.1812 116
10.2958 117
10.6741 243
10.8741 247
11.0555 107
11.4909 109
11.7138 166
12.6723 118
12.9197 171
12.928 170
13.0673 132
13.1234 124
13.1545 240
13.3255 249
13.9323 141
13.9701 100
14.4657 100
14.6459 173
15.0095 96
15.428 188
15.6714 184
15.6795 200
16.1504 169
16.4397 225
16.5087 121
16.7822 99
17.0669 89
17.2816 197
17.3911 215
17.5222 151
18.016 140
18.1963 223
18.5826 87
18.5931 103
18.7734 92
19.3177 140
19.5652 232
19.8598 183
19.9156 144
20.6548 100
20.9786 216
21.2549 133
21.6138 177
22.2028 216
23.502 248
23.514 92
23.6566 187
23.9024 105
24.3512 134
24.9178 92
25.0803 103
25.1754 122
25.3146 177
25.423 93
25.5066 225
25.5756 94
26.024 103
26.2469 197
26.5499 92
26.6828 152
26.8081 129
26.988 147
27.0139 155
27.0237 224
27.4694 1
4769
2.0865 132
2.5109 207
3.2033 84
4.0244 106
4.1096 177
4.3625 118
5.2182 89
5.2571 92
5.4246 90
5.4409 90
5.4925 189
5.7747 157
5.8899 125
6.2187 101
6.5982 243
6.7668 105
6.8183 145
7.429 245
7.7573 88
7.7879 143
8.0403 176
8.1951 212
9.6251 160
10.1298 196
10.2996 198
10.9609 100
11.38 231
11.7946 98
11.8288 133
12.4717 170
12.4742 154
12.7491 178
12.9336 115
13.1095 147
13.3048 182
13.3937 213
13.4754 196
13.9518 168
14.4703 122
14.5033 154
14.6597 234
15.509 183
15.6456 128
15.7198 129
16.7891 121
17.8975 84
17.9041 115
17.9335 135
18.0071 165
18.2527 125
18.3201 214
18.6506 243
18.7788 197
20.4144 112
20.4501 238
20.485 135
20.7092 98
20.8145 227
21.2642 86
21.2805 143
22.0337 245
22.2959 95
23.4189 1
3568
3.1629 110
3.1836 165
3.8995 234
4.1939 238
4.4247 108
4.437 133
6.2812 121
6.7791 163
6.9344 177
7.2959 134
7.4214 90
7.932 85
8.2502 103
9.0682 204
9.0951 239
9.1235 246
9.3548 211
9.5658 232
11.4099 127
11.8907 153
12.0022 152
12.7589 93
13.6651 153
14.0687 128
14.2124 193
14.4308 134
14.6163 226
15.2764 95
15.29 150
15.5963 92
16.5408 121
16.8307 193
17.8831 84
18.0703 180
18.2443 204
20.0377 99
20.1302 87
21.3949 145
21.417 170
21.6084 104
24.2213 202
25.3709 131
25.4671 144
25.8532 1
8057
2.861 146
3.5694 214
3.9963 107
4.1597 166
4.2446 247
4.3306 244
4.5427 145
4.7383 142
4.8873 140
4.8982 168
5.2877 148
5.3416 193
5.5036 161
6.1969 210
6.2511 136
6.7858 94
7.1826 94
7.2545 187
7.4357 237
7.4809 208
7.7542 129
8.2163 112
8.9149 116
8.9398 202
9.0129 195
9.2017 151
9.5595 191
9.9246 225
10.1158 238
10.1887 172
11.7643 115
11.8718 110
11.9291 240
12.1552 238
12.1736 210
12.3195 198
12.9518 189
13.0465 214
13.1655 143
13.8797 181
13.898 225
14.4523 183
14.5784 97
14.8752 131
15.1249 176
15.2559 156
15.6004 85
16.0524 183
16.1282 101
16.3425 226
16.848 247
16.9781 83
17.3906 133
18.406 99
18.6112 137
18.9039 230
19.1308 123
19.1635 178
19.3393 238
19.5059 192
19.5505 205
19.8608 146
19.9753 102
19.9808 232
20.1867 171
20.4297 169
20.6672 93
20.7393 183
20.8171 159
20.827 211
20.8326 142
20.8562 155
21.1539 184
21.2859 128
21.458 184
21.628 232
21.7607 105
22.707 186
22.8773 223
22.9516 156
23.0198 108
23.0836 229
23.4574 179
23.5828 131
23.7681 198
23.8902 91
24.4658 96
24.6614 180
24.8499 100
24.8749 154
25.7694 139
26.0777 139
27.1183 138
28.3875 1
8151
2.2666 88
3.9386 127
4.006 143
4.033 125
4.1303 163
4.6216 127
4.956 120
5.1307 113
5.4808 136
5.8946 244
5.9603 225
6.9936 135
7.2245 94
8.1978 166
8.2054 203
8.4645 152
8.6214 91
8.6828 128
8.7023 176
9.0484 176
9.2114 84
9.6153 134
9.9284 109
10.3354 203
10.9567 202
11.2029 229
11.5742 108
11.6337 163
11.6637 141
11.9205 245
12.0731 167
12.2238 105
12.666 221
12.9194 245
12.9441 83
13.1721 214
13.3693 232
13.8254 199
14.401 180
15.0122 195
15.3681 155
15.6964 176
15.7766 138
16.3308 148
16.37 135
16.5691 105
16.6941 178
17.1502 227
18.1547 151
18.3518 154
19.068 229
19.1549 168
19.5599 231
20.6885 212
20.9368 87
20.9909 173
21.2503 158
21.7007 244
21.9608 129
22.209 223
22.3035 194
22.5132 142
22.7841 170
22.7904 180
22.8281 138
22.9931 166
23.2376 98
23.2624 90
23.4626 208
23.4938 202
23.68 166
24.1776 177
24.189 159
24.8884 174
24.9281 105
25.137 171
25.2006 226
25.2942 235
25.9123 112
26.1331 102
26.3321 158
26.5826 95
26.7819 104
26.9164 106
26.973 94
27.0997 188
27.507 185
27.9559 236
28.3989 90
28.5841 202
28.6511 104
28.7892 158
28.8047 201
28.8462 189
28.9512 201
29.2169 95
29.8135 170
30.3154 204
30.6111 1
4278
3.6067 199
4.8256 136
5.3435 181
6.0761 140
6.2266 199
6.7193 208
6.9766 203
7.0679 221
7.2118 162
7.3051 130
7.3218 202
7.9703 242
8.035 120
8.0801 224
9.1236 169
9.1315 234
9.3801 214
9.5101 84
9.6794 109
9.8193 168
11.0743 91
11.2645 173
11.4323 147
11.7847 193
11.9437 174
12.9755 210
13.2268 213
13.338 162
13.3928 110
14.286 159
14.3351 225
14.759 120
15.0037 119
15.2207 112
15.3838 212
15.5817 84
15.7117 121
16.581 127
16.8387 185
16.8794 129
17.0129 147
17.3129 111
17.4074 192
17.8635 195
18.2325 220
18.4519 162
18.6191 95
18.7124 115
20.5578 244
20.9215 184
21.1106 162
21.1897 233
21.962 172
22.1169 214
22.22 112
22.2651 211
22.3358 160
22.531 206
22.5693 84
22.8273 234
22.9276 176
23.3413 219
24.3318 1
3379
3.8232 243
4.8684 128
5.3617 168
6.0543 145
6.534 85
7.0226 205
7.233 213
7.8235 157
8.5618 118
8.5723 126
9.2987 125
10.0802 243
11.5602 198
11.5678 143
12.016 165
12.5932 239
12.8787 87
13.2618 198
13.3946 100
13.888 195
14.9957 171
15.1334 83
15.1659 91
15.1784 218
15.3929 142
15.788 187
15.8052 85
16.4623 214
17.4556 84
17.6161 230
17.8858 233
18.971 201
19.8038 219
21.0605 94
21.1753 233
21.6779 234
21.947 228
22.1245 114
22.8174 231
23.2792 224
23.7893 157
25.0572 115
25.5106 199
26.7655 1
7284
3.1946 124
3.6951 109
4.1155 198
4.9902 192
5.2965 97
5.6792 214
5.7673 178
5.9126 138
6.1536 106
6.858 125
7.2917 201
7.7411 147
8.1133 98
8.1435 233
8.1738 228
8.1995 142
8.4552 114
8.5593 184
8.6969 114
9.1871 207
9.6609 187
10.2174 124
10.284 112
10.7344 234
10.918 170
11.5308 145
12.107 173
12.5947 105
12.8469 234
13.1817 234
13.2985 85
13.5836 208
13.6422 136
13.6691 215
13.8844 192
13.9747 207
14.055 166
14.2204 162
14.363 142
14.3706 130
14.7759 110
14.884 182
15.0601 201
15.1499 127
15.576 246
15.8528 152
15.9261 160
16.0482 98
16.4504 177
16.692 229
17.3231 139
17.4195 176
17.576 122
17.7908 147
18.4374 220
18.7201 171
19.0442 93
19.2423 130
19.3513 201
19.6696 215
20.1043 160
20.2055 189
20.2479 203
20.8846 171
21.0206 247
22.3557 227
22.3792 240
22.4403 223
22.5665 132
22.926 176
23.222 173
23.5324 135
23.5821 213
23.7188 140
24.497 135
25.1063 87
25.1445 218
25.2257 200
25.2467 141
25.6274 215
25.7352 109
25.9532 171
26.1645 167
26.7124 203
26.9146 138
27.058 227
27.1835 115
27.3168 91
27.7533 160
28.0994 147
28.1741 236
28.3297 230
28.5038 100
29.0468 1
9125
3.1337 132
4.7877 231
4.9205 219
5.0119 87
5.0122 249
5.1715 102
5.7435 202
5.8783 150
6.1519 211
6.2001 171
6.4867 182
7.4362 191
7.731 176
7.9966 186
8.0379 107
8.1449 136
9.4004 87
9.5335 106
9.9724 120
10.4182 138
10.9884 132
10.9908 182
11.092 174
11.1045 84
11.6703 189
11.8746 141
13.1048 179
13.4658 146
13.7987 109
14.0308 127
14.2753 128
14.2972 111
14.7308 129
14.8191 121
15.1513 138
15.3055 193
15.5326 166
15.8328 134
15.9315 190
16.0028 95
16.186 219
16.2165 121
16.4046 199
16.7186 210
16.8437 245
16.9667 200
16.9796 109
17.0661 176
17.1889 239
17.2116 113
17.75 152
17.81 164
18.0835 185
18.4604 131
18.5274 112
18.6981 205
18.738 113
18.8034 217
19.0156 201
19.2129 171
19.2408 141
19.6552 219
19.7512 191
20.0027 192
20.1145 187
20.6473 220
20.9901 237
21.9497 166
22.1616 89
22.1888 234
22.3852 127
22.8494 150
23.0183 204
23.4687 114
23.5535 104
23.6753 206
23.7869 249
23.8897 241
24.3877 100
24.9265 200
25.2801 164
25.5059 164
26.7418 205
27.0657 198
27.1503 129
27.5556 246
27.7209 133
28.2185 103
28.6061 239
29.2708 204
29.2978 95
29.7013 234
29.7377 191
29.8992 163
29.8994 213
30.0395 214
30.4153 205
30.6107 186
30.7125 1
7565
4.517 105
4.6831 130
4.9704 127
5.063 141
6.3803 212
6.5039 110
6.5685 157
6.657 101
6.9282 114
7.6064 99
8.0096 144
8.245 146
8.4639 183
8.8722 232
8.9539 106
9.0372 197
9.3223 100
9.376 131
9.402 162
9.4542 147
10.0959 125
10.398 217
10.9215 240
12.4957 146
12.7656 116
13.1226 212
13.2227 123
13.3867 101
13.9926 179
14.0807 117
14.3194 197
14.9739 191
15.1169 140
15.1317 125
15.429 188
16.1183 174
16.4825 119
16.8075 151
16.8834 201
17.3117 89
17.3185 150
18.3494 247
18.8179 101
18.8385 241
18.9858 124
19.6045 190
19.7906 194
19.834 149
20.5591 229
20.6836 130
20.7657 212
20.7757 174
21.1967 170
21.3266 231
22.3853 188
22.4917 154
22.5574 201
22.7513 121
22.873 128
23.199 232
23.478 202
23.5703 239
24.3147 1
4352
3.7547 120
4.7328 238
5.8103 206
6.3518 225
7.1248 231
7.5806 162
8.2375 174
8.3758 137
8.5304 173
9.1547 200
9.4837 83
9.9901 116
10.2556 174
10.6338 209
11.0692 176
11.4913 194
11.7934 130
12.9166 213
13.2571 201
14.2246 229
14.7384 243
16.1579 161
16.1748 226
16.7688 94
18.2184 212
18.6424 185
20.437 162
20.7865 180
21.4142 216
21.9649 138
22.3812 241
22.7118 180
22.9355 140
23.2962 188
23.3105 128
23.42 144
23.7562 201
24.0854 232
24.4638 84
24.5485 163
24.963 125
25.8903 216
25.9069 184
26.6948 1
9694
4.0545 134
4.2027 226
4.3313 144
5.1639 138
5.2468 115
5.2821 122
5.4131 190
5.4809 193
5.9705 172
6.0792 188
6.2788 188
6.4357 224
6.7844 190
6.9378 241
7.1086 234
7.3049 162
7.4633 239
7.5811 198
7.9708 195
8.2112 189
8.3929 143
8.5208 211
8.5227 132
8.692 150
8.6996 243
9.128 99
9.2049 83
9.6711 138
9.6726 206
10.3856 230
11.3485 175
11.6033 241
11.6463 228
11.8213 164
11.8995 102
12.7379 131
12.861 181
13.3624 130
13.7348 168
13.9814 86
14.8373 115
15.2446 109
15.3319 219
15.7205 218
16.1364 138
16.2738 97
16.5832 162
16.7842 205
16.8945 199
17.1335 230
17.9207 228
17.942 200
18.6115 232
18.865 112
18.968 179
19.247 117
19.5386 123
19.7987 109
19.8851 200
20.1141 239
20.3218 223
20.4477 242
20.8625 223
21.4444 197
22.0204 228
22.1472 161
22.461 208
22.5292 169
22.5748 184
22.8375 204
23.0743 200
23.4678 231
23.6821 146
23.8303 193
23.9222 176
23.9852 172
24.217 172
24.2595 159
24.3912 202
24.6647 234
24.9725 230
25.0265 228
26.0878 243
26.5145 106
26.6469 176
27.3725 230
27.7343 128
27.7797 211
28.2348 136
28.4764 141
28.6799 125
28.8562 214
29.4355 93
29.7278 1
12783
4.7282 210
5.0517 140
5.2863 162
5.6936 171
5.7411 204
5.7717 201
5.8007 127
5.9868 96
6.1907 159
6.2783 128
6.3282 167
6.6405 84
7.2217 115
7.2544 138
7.3419 220
8.1095 161
8.2984 240
8.6116 111
8.8347 208
9.682 161
9.9337 115
10.7688 126
11.4202 206
11.5236 97
11.5634 91
12.2152 167
12.3474 147
12.3612 178
13.0669 201
13.1016 104
13.4331 172
14.6783 148
14.7338 107
15.0161 100
15.0907 122
15.1227 193
15.2398 173
15.7951 209
15.8016 146
15.9306 172
16.2514 86
16.3453 220
16.4399 114
16.4694 91
16.8459 156
17.1743 164
17.714 210
17.8125 108
17.818 143
17.9715 211
18.973 196
19.6373 188
19.7365 202
20.035 102
20.2996 228
20.3329 133
20.3455 168
20.7027 219
21.0388 235
21.3745 164
21.6204 123
21.8222 186
22.1277 110
22.3763 117
22.9473 227
23.3237 141
23.8393 114
23.9497 188
24.175 180
24.2153 93
24.9495 244
24.9597 141
25.1903 113
25.3901 153
25.6837 233
26.0405 245
26.0681 86
26.4227 234
26.4678 122
26.5424 211
27.7843 199
27.8919 86
28.239 167
28.555 163
28.6246 132
28.9444 88
29.1988 248
29.2521 91
29.4158 115
29.6732 198
29.8077 128
30.0153 139
30.0606 228
30.4865 94
30.5273 241
30.7801 194
31.3717 225
31.3992 116
31.5538 1
8510
5.6932 90
5.6952 123
6.0592 245
6.4374 246
6.4737 191
6.7816 104
6.7997 106
7.7925 117
7.8918 185
8.5354 201
8.7312 114
8.8049 163
9.8099 212
9.954 123
10.3369 227
10.5894 186
10.8836 95
11.577 202
11.6166 111
12.1974 103
12.7036 158
12.7968 233
13.7575 188
13.8076 144
14.1851 213
14.3252 128
14.6499 153
15.0827 193
15.2182 215
15.4338 221
15.7216 248
15.8705 148
15.9256 206
17.0038 212
17.1224 143
17.4717 239
17.5812 194
17.6383 137
17.7051 143
17.9209 155
17.9889 112
18.5717 190
18.6175 125
18.9874 218
19.0579 90
19.1035 160
20.654 90
20.9076 98
20.9463 227
21.768 208
21.9105 184
22.0466 215
22.5377 163
22.6432 163
22.736 238
22.9739 104
23.3007 215
23.4673 228
23.4909 183
24.5108 203
24.5411 224
24.8134 178
26.1561 1
7277
6.6866 174
6.7468 248
7.4014 141
7.5274 120
7.5715 194
8.458 154
9.6443 144
10.1437 226
10.5686 173
11.484 227
11.7747 111
12.3617 233
12.5243 110
13.9768 216
14.4987 207
14.9368 122
14.9389 233
15.2519 188
15.3051 161
16.267 217
16.7671 223
17.0272 119
17.6731 220
18.0683 191
18.18 125
18.2497 212
18.999 185
19.2429 138
19.5128 212
20.0571 152
21.1828 108
21.2865 208
21.4303 139
22.0799 192
22.6633 249
24.7374 216
25.2971 154
25.8251 102
25.8383 194
26.0033 148
26.1865 205
26.8388 175
27.1701 93
27.4661 1
15745
5.5215 217
5.8127 217
5.9513 187
6.1475 104
6.1531 239
6.6729 128
7.0102 121
7.2574 189
7.8675 215
7.907 206
8.1086 179
8.2709 115
8.3477 108
8.7499 189
8.8845 101
9.4264 166
9.9069 142
10.1143 177
10.3235 241
10.3958 207
11.8713 233
12.0081 196
12.2578 115
12.5566 102
12.815 216
12.8603 118
13.1115 113
13.3304 231
13.8641 185
14.0948 177
14.6574 230
15.1209 139
15.6443 122
15.6851 103
15.8002 140
15.8831 159
16.6085 185
16.6157 189
16.7665 194
16.7899 161
16.9464 115
16.9926 240
17.5284 99
17.6869 211
17.9805 94
18.7309 175
19.1697 229
19.614 196
19.6715 109
19.81 102
20.6056 124
20.9347 242
21.4828 192
21.6364 192
22.2302 117
22.8287 245
23.0705 185
23.5287 92
23.5484 113
23.662 109
23.6968 193
23.7619 109
23.9779 185
24.0704 145
24.5094 99
24.573 196
24.7771 104
24.9716 244
25.1992 237
25.2262 168
25.3827 123
25.7344 204
25.9399 151
26.5658 219
26.6703 213
27.3594 247
27.4493 143
27.7428 214
27.839 230
28.0625 106
28.1251 204
28.2694 247
28.6829 215
28.7155 220
28.8079 246
28.835 92
29.3436 136
29.4734 94
29.6345 85
29.7276 96
29.7753 175
29.9244 166
30.092 149
31.3847 154
15355
5.7065 201
5.8607 158
5.9703 114
6.3665 183
6.4979 175
6.6299 236
7.3589 143
7.5483 166
7.5563 194
7.7843 233
8.0323 180
8.0707 233
8.2036 121
8.2594 120
8.4571 132
8.5968 227
8.6368 169
8.7089 231
8.8215 233
9.7101 87
9.7382 212
9.9353 103
10.2045 135
10.3724 101
10.417 245
10.5305 91
12.0356 179
12.4784 185
12.7419 207
12.7632 110
12.7774 148
12.9312 203
13.0837 117
13.0866 227
13.4401 165
13.5042 243
14.2202 167
15.4385 166
15.4518 236
15.882 218
15.9508 145
16.2209 248
16.985 194
17.1025 114
17.6888 90
18.0403 126
18.5384 235
18.5577 143
18.8241 99
18.8859 245
18.9889 199
19.2253 111
19.4972 144
19.651 210
19.6767 118
20.2431 165
20.5334 235
20.5505 97
20.6517 95
20.9247 231
21.0134 244
21.1283 240
21.1435 143
21.4025 143
22.149 119
22.2806 223
22.6571 237
23.0648 199
23.3833 248
24.4342 208
24.4979 92
24.5581 183
25.0633 98
25.5912 172
26.5642 208
26.8814 232
26.9889 175
27.0829 114
27.111 220
27.251 146
27.4747 149
27.5428 142
27.7235 92
27.8347 224
28.1177 183
28.3607 140
28.6002 136
28.7283 127
28.9011 131
28.9842 248
29.2553 181
29.5215 134
29.789 189
29.9359 109
31.0301 105
31.1195 124
31.3443 238
32.7398 149
32.8532 1
8879
8.9324 196
9.5876 195
9.8806 233
10.3145 153
10.424 236
10.532 168
10.9519 228
11.6423 167
11.8394 114
11.9376 124
11.9975 175
12.0625 97
12.5171 99
12.7729 235
12.8376 184
12.8672 114
13.3003 196
13.4408 174
13.5354 119
13.8366 106
14.0707 167
14.3317 224
14.543 191
15.0059 179
15.1048 222
15.122 230
15.4158 220
16.1903 210
16.3656 202
16.6086 88
17.2598 179
17.7807 144
17.8197 215
18.2271 108
18.4081 99
18.5133 178
18.6348 232
19.3372 136
19.6413 110
19.9754 94
21.0645 181
21.1841 160
21.2998 84
21.8604 222
22.1433 185
22.3043 183
22.5084 171
22.5293 114
23.6539 247
23.745 200
24.8596 143
25.0887 203
25.2435 169
25.4097 188
25.6099 157
25.9326 231
27.075 95
27.406 132
27.4531 163
27.4748 93
27.8952 214
28.2047 153
28.7858 1
6135
9.2332 92
9.4923 237
9.6525 95
10.0501 159
10.6249 204
11.3001 186
11.403 150
12.7241 194
12.7281 214
12.9229 241
13.1554 163
13.9311 120
15.0045 171
15.9791 161
16.521 150
16.57 145
16.6358 213
16.7334 154
16.7716 150
17.0585 201
17.6009 212
18.0904 192
18.3378 226
18.5271 225
19.5021 206
20.1977 225
20.2864 181
20.8896 159
21.2415 188
22.3429 215
22.7028 124
22.858 248
24.6855 232
24.8217 140
24.9643 230
25.0004 220
25.3164 156
25.9784 181
26.5078 135
26.5161 172
28.3714 184
29.4894 195
29.8995 163
31.0752 1
15729
8.7876 230
8.8128 125
9.0258 107
9.2281 85
9.2789 109
9.4723 168
9.493 135
9.6921 212
9.697 182
9.8068 183
9.8418 109
9.8472 212
10.0048 189
10.0049 214
10.4186 178
10.4239 153
10.8724 141
11.014 87
11.176 231
12.3911 117
12.4705 127
12.6852 211
12.7358 186
13.154 228
13.3299 150
13.5991 166
13.8063 87
13.8699 118
13.8868 97
14.0457 183
14.2609 157
14.8301 129
14.8797 186
16.305 244
16.4248 174
16.6098 144
16.6967 178
16.6983 161
16.7599 89
17.3517 119
17.6536 129
17.7352 155
17.871 218
18.1448 129
18.6737 160
19.0384 194
19.597 204
19.6251 165
21.1087 248
21.208 206
21.3012 138
21.5806 241
22.0519 145
22.0983 122
22.1055 227
22.5895 133
23.2734 194
23.3654 231
23.7745 117
24.1254 124
24.4637 101
24.5429 204
24.6202 227
24.8123 219
25.17 115
25.6684 212
26.3152 105
26.3641 120
26.7494 187
27.4138 106
27.4176 126
27.4469 221
27.7606 219
27.9304 132
28.0004 124
28.0619 118
28.5263 93
28.7313 198
28.8346 239
29.6647 158
29.8056 137
30.1778 90
30.4248 238
30.4648 148
30.6473 160
30.8804 113
31.0631 95
31.2882 184
31.3647 186
31.558 83
32.0213 105
32.2411 199
32.709 137
32.915 850
16931
9.3187 233
9.4226 127
9.7405 121
11.0989 210
11.1582 136
11.6627 93
11.7564 106
12.7256 164
12.8968 176
12.9703 94
13.0914 157
13.1177 177
13.1465 241
13.2833 245
13.8693 142
14.1221 127
14.1234 236
14.1271 227
14.2432 218
14.2827 139
14.2977 102
14.6941 116
15.0508 148
15.3722 113
15.5825 208
15.7639 227
15.86 211
15.9662 243
16.0717 184
16.0956 152
16.1023 216
16.1044 121
16.2633 85
16.5066 146
16.6214 121
16.7216 213
17.081 97
17.1054 93
17.2054 247
17.22 209
17.8977 180
18.087 121
18.2683 223
18.9329 212
19.2745 112
19.305 95
19.3331 177
19.9544 226
20.6656 94
20.8843 185
20.9666 152
21.0105 90
21.263 86
21.3068 199
21.4365 168
21.9886 177
22.12 122
22.3056 214
22.5044 238
23.389 162
23.3891 171
23.3905 99
23.4275 131
23.4377 240
24.0249 150
24.9677 96
25.1435 215
25.67 209
25.7714 166
25.7783 231
25.8687 87
25.947 124
25.9516 108
26.4798 196
28.4727 154
28.5677 170
28.7419 112
29.3638 156
29.7762 165
29.9717 226
30.0674 174
30.1528 230
30.2167 212
30.2849 163
30.5552 188
30.7306 239
33.2312 102
33.2779 236
33.4841 234
33.5713 198
33.5777 192
33.5999 118
34.3699 188
34.5203 222
34.7661 93
35.0665 179
35.0868 163
35.4468 186
35.5585 555
10264
10.5504 133
10.9378 111
11.0479 150
11.0996 104
11.6777 96
11.9612 244
12.1511 232
12.667 124
13.2383 111
13.4857 86
13.5805 204
13.9885 131
14.1299 177
14.1647 101
15.0493 164
15.3041 219
15.5887 241
15.7782 143
16.517 116
16.6443 104
16.8642 134
16.9266 119
17.3522 248
17.5659 110
17.7923 84
17.8132 131
18.2816 188
18.4271 233
18.4701 113
18.7348 107
19.4724 230
19.5473 101
19.7659 121
19.9527 142
20.0726 132
20.8111 248
21.0915 140
21.579 218
21.6747 233
21.9443 181
22.6757 173
22.7168 94
22.8729 117
22.9179 240
23.4225 105
24.0377 163
25.3635 222
25.5247 214
25.9437 126
26.0929 246
26.4703 114
26.5083 175
26.5552 200
26.6439 94
26.8039 172
26.9839 89
26.9943 192
27.018 208
27.0877 134
27.4344 179
29.0606 112
29.4344 114
29.7637 578
7556
10.8396 175
10.9159 221
11.1972 161
11.7728 238
12.3813 237
12.6371 147
12.7864 237
13.1267 214
13.1694 132
13.189 211
14.7027 129
15.5497 152
15.5748 84
15.9421 123
16.3793 244
17.4853 93
18.0017 244
18.5769 112
19.3434 112
19.7181 230
19.8717 214
20.4625 249
21.2188 199
21.572 95
22.2048 147
22.966 232
23.0047 187
23.2752 157
24.6438 131
24.7369 134
25.9979 232
26.5537 208
27.1914 141
27.6685 104
27.9133 177
28.0215 230
28.1583 212
28.5784 209
29.2356 231
29.2915 102
29.7776 183
29.9466 103
30.2726 113
30.274 71
13859
10.4378 113
10.5045 187
10.7373 91
11.6245 110
11.7171 221
12.0108 165
12.2039 174
12.4179 244
12.5024 158
13.2388 129
13.3011 134
13.3866 100
13.5062 162
13.8913 231
14.3382 222
14.4667 173
14.6325 190
14.7094 212
14.7172 233
14.9512 239
15.1584 94
15.283 130
15.4096 211
15.4591 173
15.9225 141
16.0432 202
16.0565 113
16.0615 227
16.6332 186
16.7179 94
17.4167 129
17.4505 105
17.6446 195
17.6548 228
17.8996 105
18.1767 161
18.2939 119
18.5161 218
19.1667 157
19.3632 133
19.9511 108
20.1195 87
20.7526 186
20.9317 189
20.9894 122
21.0663 99
21.1667 130
21.2453 210
22.0811 205
22.1762 111
22.2756 109
22.978 224
23.1213 85
23.3096 88
23.5575 86
23.6623 162
23.8137 166
23.8768 178
24.1348 229
24.4821 141
24.901 196
25.5174 231
25.5782 190
25.8981 101
25.9375 201
26.0054 240
26.0588 135
26.2348 243
26.9095 220
26.9376 130
27.4117 162
27.42 230
27.5234 175
28.3674 172
28.4885 196
28.6732 162
28.7024 194
29.2167 183
29.5039 99
29.6794 147
30.3368 204
31.2015 232
31.6867 133
31.7906 129
32.5641 244
32.9563 115
33.0233 199
33.0688 112
33.2773 185
33.4741 229
33.8894 222
34.0803 241
34.4034 164
34.6905 1
15219
9.5529 153
9.7714 101
10.2489 93
10.4742 109
10.4787 247
10.7679 204
11.1059 235
11.3518 113
12.0884 215
12.155 149
12.1682 122
12.6984 136
12.8634 207
12.9363 249
12.9727 174
13.018 119
13.694 88
13.7165 232
13.8194 246
14.0873 156
14.3332 170
14.8916 238
15.0785 158
15.3582 197
15.3735 158
15.5909 224
15.6275 153
16.2534 119
16.4624 220
16.8662 148
17.417 148
17.5429 195
17.5801 129
17.6595 125
17.7895 98
18.6974 168
18.9546 128
19.2367 246
19.5309 118
19.7786 128
19.7897 153
19.9001 180
20.4752 224
20.484 195
20.9393 132
20.9578 168
21.2621 165
21.4279 203
21.5084 186
21.6255 177
21.7182 211
21.7424 98
21.8592 214
22.1081 208
22.1398 103
22.5887 92
22.5909 170
22.6496 132
22.7754 216
23.1047 109
24.6252 134
24.8049 93
25.4082 197
25.9976 177
26.3032 146
26.5133 174
26.613 110
26.6264 201
26.7553 249
26.9457 113
27.2289 96
27.4855 175
27.827 137
28.9571 186
29.5157 244
29.5948 162
29.741 122
29.7466 207
29.9552 130
30.3435 87
30.613 192
30.6609 167
30.7183 141
30.7586 195
31.0522 226
31.9273 94
32.2158 226
32.6 153
34.7328 146
34.7344 120
35.1934 228
35.4358 224
35.4827 196
36.098 111
36.1156 117
36.3411 164
36.457 156
36.7075 147
36.9461 1
8338
9.2338 155
9.7198 169
9.7922 168
10.4638 104
11.025 105
12.1818 97
12.4145 220
12.4552 97
12.5887 87
12.919 97
13.1719 84
13.559 151
13.8033 242
14.2031 171
14.6484 242
14.7109 233
15.3698 222
15.8041 159
17.1056 175
17.5469 248
18.023 196
18.2594 220
18.8767 106
18.8979 211
18.9514 120
18.9987 201
19.0952 147
19.523 194
19.6908 245
19.9205 168
20.0637 108
20.292 150
20.3672 194
20.475 195
20.6873 146
21.0612 140
21.3378 136
21.4461 158
21.757 221
21.9363 185
21.9939 209
22.1213 206
22.2463 115
22.3628 166
22.655 210
23.2248 198
23.6185 144
24.5383 199
24.7802 111
25.4669 221
25.5293 88
25.745 164
26.2825 99
27.0332 165
27.1693 149
27.547 199
27.8288 144
28.0783 223
28.1838 157
28.212 226
28.4545 221
28.6029 171
29.4422 1
6713
10.584 107
10.6502 216
10.6651 85
11.3855 139
11.6008 214
12.1395 98
13.0725 216
14.6884 89
14.7377 132
15.4889 85
15.7357 191
16.201 234
16.5718 175
17.5364 199
17.6209 215
17.7568 83
17.9101 176
18.008 137
18.1248 204
18.2364 125
19.2698 248
20.0389 175
21.294 116
21.6693 161
22.2769 205
22.3924 236
22.4741 151
24.2315 215
24.2857 171
25.2524 166
25.2934 100
25.9938 190
26.2076 152
26.4765 191
26.6347 230
26.966 114
27.1736 189
27.2394 116
29.0727 125
29.1163 197
29.6074 126
29.6245 174
30.186 171
31.5059 1
16609
9.3012 247
9.5267 143
10.3935 215
10.5829 236
11.0865 169
11.2369 208
11.9442 164
12.0547 201
12.7574 124
12.8416 107
12.852 92
13.0453 142
13.0807 191
13.4053 113
13.9521 211
13.9828 145
14.2774 245
14.5414 222
14.6222 134
14.7079 97
15.092 134
16.5794 207
16.7056 195
16.8169 153
17.1952 93
17.2174 248
17.4673 221
17.6069 142
17.7502 178
17.9494 213
18.063 88
18.2449 200
18.2581 116
18.6465 232
19.0009 191
19.2631 161
19.4819 133
19.6676 241
19.7442 213
19.7729 133
19.8312 189
19.968 195
20.2651 118
20.3705 237
20.5659 133
21.2209 123
21.5166 163
21.5803 165
22.0666 204
22.2132 92
22.3807 210
22.3962 240
22.5142 147
22.9513 103
23.0888 135
23.3627 178
23.6029 169
23.6462 234
23.9279 181
24.2138 192
24.4585 131
24.5149 160
24.8631 241
24.9284 201
25.3139 84
26.2363 244
26.6585 129
26.7693 202
26.9803 145
27.1303 208
27.6954 234
27.9649 245
28.664 189
30.0548 186
30.2256 194
30.6411 140
30.6506 169
30.8592 167
30.8758 146
30.9267 156
31.2103 126
31.2821 247
31.3394 196
32.0304 240
32.3544 228
32.4092 224
32.4492 93
32.4683 239
33.096 142
33.1001 168
33.7444 166
33.9516 109
34.4421 125
34.8717 430
15652
9.7094 174
10.1225 241
10.3014 118
10.4304 130
10.7656 234
11.6618 169
11.6874 244
11.8262 87
11.9557 148
12.1072 173
12.2995 247
12.3545 144
12.885 108
13.1127 84
13.1575 207
13.1829 205
13.8279 223
14.0387 207
14.2553 92
14.3816 247
14.4176 223
14.8038 121
15.4234 237
15.4767 183
15.513 192
15.8902 95
16.0471 209
16.1377 152
16.2721 248
17.1206 150
17.264 177
17.5949 121
18.4088 168
19.124 206
19.288 134
19.5675 165
19.638 207
20.0563 182
20.1925 166
20.3365 134
20.8251 167
20.9827 211
20.9917 114
21.3472 191
21.536 211
21.7063 128
22.7325 179
23.1396 159
23.7381 129
24.0191 223
24.2896 232
24.4835 162
24.9244 163
25.8634 85
26.1571 188
26.2178 146
26.4842 144
26.5262 239
26.6738 203
26.7313 223
26.7911 203
26.8518 85
26.9572 97
26.9708 245
27.0275 144
27.1695 110
27.3724 222
27.4972 110
27.98 153
28.6261 98
29.1218 88
29.9082 190
30.1145 89
30.5104 95
31.0574 190
31.4596 158
31.6792 153
32.2477 91
32.3298 223
32.6585 182
32.6824 245
32.7707 92
32.8574 201
32.9376 167
33.5035 98
33.9191 211
34.244 129
34.3262 194
34.8641 92
34.8962 98
35.3591 190
35.5612 244
35.8556 152
36.0327 216
36.3167 124
36.513 212
36.6333 177
36.7985 130
37.253 1
8527
10.1403 238
10.1883 116
10.8964 204
11.0116 243
11.694 243
11.7613 96
11.773 154
11.8314 137
11.875 198
13.1428 171
13.4959 234
13.7252 220
13.9967 232
14.1951 142
14.2464 97
14.2989 99
14.301 89
14.3278 188
14.3523 133
14.7337 127
15.7508 132
16.1692 136
16.2259 124
16.2367 225
16.367 102
16.8689 102
16.9336 114
17.1287 129
17.3174 189
17.5347 94
18.114 96
18.1804 143
18.2147 158
19.3627 90
19.6305 192
20.4737 100
20.5012 207
20.782 133
20.8031 141
21.6522 248
21.7081 95
22.2517 155
22.5603 104
22.5627 150
22.5825 213
23.385 87
23.3989 96
23.4566 237
23.4881 104
23.596 210
23.7273 145
24.1623 107
24.4424 192
24.8387 198
26.6072 105
27.3035 181
27.3363 137
27.4502 224
27.9545 202
28.2528 228
28.3123 126
28.4623 247
28.7294 1
6677
9.1314 174
12.0199 106
13.2197 162
13.3265 203
13.5567 242
13.5889 120
13.9315 167
13.9796 147
14.2247 173
15.0486 128
15.1008 98
15.4603 157
15.7122 242
15.9765 238
16.6331 200
16.8717 204
17.1433 129
17.2377 132
17.2636 221
17.5858 107
18.5405 99
18.5812 119
19.2568 189
20.8772 234
21.0733 88
21.1292 105
21.6213 165
22.1982 238
22.4476 88
23.2773 211
23.451 197
24.0253 112
24.4524 187
24.4856 100
24.9566 133
25.3468 154
26.3925 228
28.5217 228
28.8528 134
28.9667 95
29.2785 182
29.7784 118
30.0156 166
31.4109 1
15672
10.1029 214
10.2382 121
10.564 97
10.9393 144
11.1103 232
11.2449 101
11.8371 121
12.387 118
12.9367 234
12.9671 232
13.0137 209
13.0472 163
13.1266 90
13.6296 230
14.2347 105
14.4378 93
14.5056 179
14.891 110
15.351 191
16.3319 164
16.5058 159
16.5272 194
16.5583 206
16.9434 106
17.0059 207
17.1822 119
17.4998 184
18.1385 189
18.8248 121
18.9171 218
19.1576 175
19.1655 245
19.5364 109
20.0454 118
20.4434 120
20.5926 124
20.6192 97
20.929 240
21.042 207
21.1643 105
21.3597 114
21.481 177
21.6148 145
21.6158 197
22.2273 245
22.6927 131
23.2994 211
23.3064 133
23.4101 185
23.4499 221
23.748 133
26.1747 167
26.4671 97
26.5686 183
27.0818 147
27.0876 210
27.2701 240
27.5819 193
27.6831 108
27.7834 175
28.6841 164
29.0456 178
29.0793 226
29.1742 225
29.2294 221
29.2984 183
29.4042 109
29.5875 113
29.6294 214
29.7671 124
29.8043 182
30.3418 97
31.4436 222
31.7761 120
31.9183 113
31.9777 96
32.0263 237
32.2845 242
32.5119 228
32.5382 241
32.6449 238
32.6825 113
32.8649 96
32.8698 84
32.9011 125
33.1072 139
33.1629 96
33.3849 110
33.5144 151
33.5826 192
34.4656 162
34.5005 177
34.5236 121
34.9995 531
13345
10.1141 223
10.2695 202
10.7872 221
11.0838 242
11.1012 175
11.1526 161
12.1073 100
12.2221 185
12.967 169
12.9984 185
13.2898 243
13.6992 206
13.8398 83
14.2044 125
14.2579 138
14.3537 231
14.3858 98
14.4831 109
14.7907 185
15.142 209
15.248 150
15.6543 240
15.8871 101
16.137 102
16.3424 214
16.4019 201
16.7453 98
16.8472 114
16.8597 105
17.207 203
17.4238 200
17.6883 203
17.7315 200
18.8741 205
19.0911 112
19.2743 131
19.4704 152
19.8308 93
20.6336 225
20.9154 137
21.3273 154
21.5622 203
21.8341 215
22.0031 103
22.3695 216
22.5065 143
22.667 146
22.8204 154
23.3973 234
23.6036 111
23.9634 244
24.1268 149
24.7293 243
24.9073 96
25.0045 131
25.0134 127
25.0982 131
25.3421 113
25.5103 133
25.5454 89
25.7655 140
25.7885 218
25.8451 142
26.6122 182
26.774 242
27.1912 96
27.847 249
28.2223 207
28.5097 194
28.5193 233
29.0097 142
29.8271 108
30.5944 194
30.7477 214
31.1791 245
31.4135 161
31.5249 163
31.7701 122
31.9628 245
32.4853 107
32.4854 172
33.1021 156
33.2215 135
33.4605 148
33.5398 158
33.5504 149
33.7172 191
34.2531 96
34.3507 112
34.8007 148
34.8366 107
34.9283 224
35.4739 188
35.7983 167
36.1848 227
36.2409 231
36.2867 206
36.7626 91
37.1456 1
7681
9.4548 84
9.8843 136
10.1167 130
10.2737 129
10.5436 228
10.6047 184
10.6486 181
11.384 219
12.118 102
12.5981 157
12.6024 119
12.7928 163
12.8084 242
13.0756 132
13.2186 169
13.3843 228
13.5777 225
13.6694 224
14.126 204
14.1274 178
14.9569 249
14.9802 163
15.4436 233
15.5358 103
15.5488 150
15.8155 170
15.9014 170
16.894 100
18.3996 129
19.2619 125
19.5878 202
19.844 188
19.9573 123
20.4094 232
20.4461 169
20.7056 106
20.8648 166
21.3084 152
22.2674 236
22.5427 177
23.0421 158
23.1852 202
23.7045 194
23.7254 106
23.9461 115
24.0755 133
24.5693 160
24.6873 159
24.8919 131
24.9218 246
25.3372 218
25.5784 146
25.75 218
26.0313 139
26.4403 227
26.759 105
26.886 95
27.7706 150
27.9453 85
28.3324 225
28.5723 145
28.84 150
29.0534 1
5673
9.6933 201
10.1289 84
10.7377 120
11.192 237
12.2745 222
13.1063 233
13.2806 160
13.6469 84
13.7703 164
14.7642 212
15.2899 246
15.4305 93
15.4859 188
15.5489 105
15.9262 185
15.9849 161
16.2071 99
16.5551 106
16.67 140
18.1555 163
18.9752 185
19.335 158
20.1681 114
20.3963 241
20.4365 104
21.3974 132
21.4228 185
23.8314 188
25.0428 174
25.2376 95
25.4237 247
26.5327 223
27.2163 181
27.9686 123
28.4235 87
29.1104 185
29.3568 149
29.9525 120
30.567 194
30.8791 144
31.0414 232
31.6568 206
31.6985 239
32.2831 1
13343
9.4139 93
9.5452 108
10.2252 167
10.5287 221
10.6613 139
10.7523 228
10.8286 132
11.4597 158
11.526 226
11.5586 202
11.8866 219
12.0347 121
12.3157 145
12.4531 189
12.4608 132
12.5718 244
12.7137 87
12.9316 205
12.9684 164
13.273 145
13.3171 205
13.3974 117
13.4963 225
13.833 134
14.1546 123
14.2491 220
14.6958 112
14.794 231
15.3294 197
15.6804 194
15.8119 199
16.0213 163
16.0411 220
16.3445 133
16.4299 185
16.7482 194
17.1332 158
17.6051 141
17.9808 217
18.1723 124
18.3292 190
18.9088 221
18.9574 142
19.1843 116
19.2371 238
19.6804 129
19.722 127
19.9667 89
20.0631 110
20.0847 129
20.1286 142
20.1542 237
20.692 145
21.3098 114
21.3695 129
21.4747 181
22.4937 198
22.6047 235
22.7786 184
22.8356 217
23.2123 88
23.4852 242
24.0434 89
24.2523 85
24.2755 147
24.6514 115
24.7417 104
25.4736 197
25.6699 187
26.4311 194
26.6336 135
26.9436 191
26.9557 164
28.5204 173
28.7058 177
28.9271 191
29.1504 184
30.6614 210
30.77 85
30.8557 194
31.0597 103
31.9151 109
32.4082 105
32.767 162
32.8622 200
32.9151 235
33.1366 122
33.6421 149
33.6927 85
34.1269 119
34.1372 188
34.46 167
34.651 91
34.8457 1
13447
9.1724 218
9.6961 211
9.8819 88
10.0482 225
10.2059 89
11.4136 234
11.5982 240
11.8964 132
11.9099 183
12.0648 95
12.0797 109
12.2196 200
12.4864 202
12.9742 176
13.049 144
13.2363 147
13.2418 173
13.8303 199
13.9435 237
14.2731 231
14.3773 150
14.456 175
14.689 192
14.9205 232
15.162 87
15.3658 198
15.6022 123
15.8313 181
16.3565 248
16.9088 238
17.0495 147
17.0923 217
17.2982 198
18.3483 106
18.8531 91
19.2326 117
20.6203 129
20.7051 241
20.8627 232
21.7201 201
21.8084 188
23.3732 209
23.6606 157
23.6744 158
23.7049 174
23.9055 224
24.1438 87
24.171 144
24.518 147
24.62 238
25.1775 165
25.3569 225
25.4992 127
25.7257 145
25.7927 141
26.1273 143
26.1507 155
27.0276 142
27.4679 220
27.5991 207
28.1183 154
28.2384 124
28.7043 162
28.7379 210
29.1335 172
29.4659 213
29.9147 94
30.2694 99
30.4764 219
30.4809 122
30.6277 231
30.6645 120
30.8971 169
31.491 178
31.6962 155
31.9414 179
32.2441 183
32.2878 184
32.3711 148
32.5549 100
33.254 198
33.7073 128
33.7123 228
34.3249 182
34.8482 193
34.8497 117
34.9388 177
34.986 246
35.0873 146
35.2715 113
35.3715 112
35.4395 225
35.7785 163
36.0492 124
36.139 144
36.273 105
36.2913 118
36.383 160
36.5231 1
6810
10.0334 220
10.1724 201
10.5637 175
10.5788 242
11.0877 186
11.0879 211
11.7336 104
12.0743 97
12.418 149
13.2091 200
13.2404 194
13.3742 234
13.4437 213
13.4876 106
13.7633 119
13.8121 126
14.6914 108
14.9191 217
15.6625 184
16.1148 195
16.16 92
16.3423 191
16.3916 210
16.4837 220
16.9957 118
17.6003 190
17.6643 185
17.731 183
18.0466 179
18.4546 126
18.6769 98
18.9367 209
19.1504 115
19.1871 139
20.1759 111
20.2489 224
20.3554 109
20.7857 95
21.1556 152
21.5895 229
22.2085 128
23.0592 166
23.175 105
23.1963 163
23.6449 102
24.1105 229
24.2057 99
24.2809 92
25.3047 184
25.6449 139
26.5957 185
26.7661 231
26.8381 104
27.0128 84
27.7363 170
28.0972 148
28.1211 163
28.4219 109
28.4564 215
28.9721 223
29.1073 123
29.1545 145
29.8731 1
5951
10.4895 92
12.3043 132
14.1212 180
14.2571 207
15.2262 239
16.2137 172
16.3476 218
16.6986 224
17.6696 138
17.9853 103
18.168 241
18.2554 169
18.4123 203
19.3999 118
19.4761 195
20.2302 194
21.2736 119
21.3365 107
22.2677 144
22.9744 114
23.2648 87
23.4 243
23.532 222
23.6704 190
24.1659 183
24.4264 101
24.6773 246
25.0631 87
25.5129 207
25.5331 197
26.0461 140
26.1217 110
27.4615 140
28.1214 206
28.4741 180
28.6417 92
29.3174 123
29.5311 173
29.5977 190
29.8539 152
30.4471 194
30.829 99
31.5208 230
31.5691 1
12870
9.3823 182
9.5163 91
10.1819 89
10.3884 84
10.3939 98
10.3954 246
10.4215 108
10.4753 151
10.6365 221
10.72 133
10.7768 93
10.8273 126
10.8324 142
10.9654 248
10.9798 105
11.3369 107
11.3743 140
11.5946 161
12.2084 244
12.2154 85
12.4511 131
12.5997 178
13.2166 149
13.3741 140
13.5769 245
14.2517 96
14.5542 92
14.6452 235
14.7398 90
15.4072 86
15.6199 200
15.6871 184
15.8099 94
16.1497 248
16.236 219
16.4091 87
16.5338 133
17.1465 201
17.2138 103
17.4609 231
17.8585 240
17.9253 105
18.384 90
18.6382 178
19.4113 155
20.9342 182
21.2881 181
21.8999 156
22.2906 102
22.3118 201
22.6266 238
22.9822 98
23.027 154
23.1825 139
23.4095 83
23.5899 163
24.2118 247
24.4785 171
24.8824 157
25.2218 179
25.8273 185
25.9665 168
26.4479 160
26.8733 110
27.0772 119
27.339 101
27.5933 241
28.0779 84
28.4064 226
28.4697 195
28.5189 111
28.6809 191
28.7367 102
28.7904 99
29.0118 188
29.0542 147
29.088 90
29.2898 238
30.0372 136
30.5287 176
31.009 97
31.7815 201
31.8026 190
32.0138 225
32.2965 142
32.6317 105
32.8468 199
33.124 180
33.2878 156
33.3654 242
33.4004 108
33.419 200
33.5821 217
33.6332 1
13895
9.4856 182
10.4892 214
10.5736 104
10.6581 161
11.0656 224
11.216 84
11.8142 228
12.0177 153
12.4083 226
12.8257 158
12.9359 95
13.416 231
13.6915 118
14.0688 106
14.5814 197
14.6698 160
14.8201 239
14.8333 165
14.9465 136
14.9617 232
15.1368 222
15.515 156
15.5459 181
15.6062 150
15.6854 109
15.7414 227
15.911 179
16.2024 204
16.2058 126
16.656 246
16.9328 120
17.5767 145
17.8909 100
18.2863 249
18.4131 95
18.4956 170
18.8442 176
19.4633 113
19.6504 170
19.6617 176
19.8393 180
20.0522 175
21.1914 116
21.4258 233
21.5323 185
21.8965 192
21.902 217
21.9526 93
21.957 83
22.5077 100
22.5231 167
22.6078 237
22.62 209
22.6948 200
22.7713 245
22.7874 114
22.9582 226
23.5661 211
24.1995 198
24.481 132
24.9209 107
25.367 201
25.4497 240
25.4875 236
25.7742 232
26.2106 145
26.2392 237
26.3266 150
26.8481 133
27.9305 128
27.9481 240
28.3193 96
28.4916 241
28.9728 155
29.0961 213
29.1836 225
29.3507 129
30.0637 110
30.7117 114
31.591 86
31.6737 183
31.7058 242
31.9972 240
32.6859 176
33.7421 205
34.0958 87
34.0986 172
34.652 226
34.9339 220
34.9676 157
34.9832 126
35.0736 180
35.4393 216
35.9031 218
35.9039 119
36.3941 222
36.8226 202
37.1531 212
37.4157 1
