24 100 10 4
0 1 0 1 
1 0 1 1 
0 1 0 1 
1 1 1 0 
0 245 0 567 
245 0 210 197 
0 210 0 824 
567 197 824 0 
19 14 40 27 
1536
11.0266 247
11.1511 186
11.1547 129
12.0249 84
13.6325 249
14.8941 113
15.5712 189
16.2866 169
17.1143 106
18.8927 242
19.4789 131
21.5105 170
26.0426 207
26.4018 239
28.4186 214
28.821 163
29.7925 174
29.9512 159
30.1206 1
1155
10.5978 203
11.1871 160
11.4345 191
12.5514 249
13.9527 242
16.8388 240
17.7526 199
19.8973 197
20.6404 114
20.8134 213
23.9028 130
24.941 103
25.4934 106
27.0995 1
3878
10.8447 247
11.1532 97
11.5272 233
12.0823 118
12.8844 209
13.0535 200
13.2295 208
13.8461 102
15.0066 86
15.1428 220
15.6063 199
16.6147 180
17.8326 217
17.9501 239
18.0966 174
19.1493 246
19.6786 241
20.9929 244
21.4051 179
22.7008 91
22.7178 108
23.0984 188
23.9944 112
24.1473 151
26.2879 239
26.5038 225
27.2263 102
27.8058 211
28.1233 233
28.2502 218
28.6893 240
28.9698 240
29.7769 204
30.4109 133
30.9899 149
31.2918 156
33.1238 200
33.4481 97
33.5314 126
33.9813 1
3145
11.9124 200
12.3743 150
13.8342 101
14.4739 217
15.4478 103
15.9322 220
16.5001 219
18.7437 118
21.0886 184
21.9279 143
23.7621 137
24.3744 215
24.501 132
24.677 129
25.0524 178
29.6273 144
31.5294 178
31.8968 206
32.1642 196
32.5641 237
32.657 91
33.6152 167
33.89 241
35.2935 234
35.6822 169
36.2188 114
36.4744 1
1196
12.0808 119
12.4826 160
12.7149 118
13.8317 223
14.0347 228
15.6105 137
16.5682 195
16.597 118
19.2544 194
21.1499 208
21.7397 110
22.1328 123
22.6571 95
24.0701 239
24.83 243
26.945 157
27.881 195
28.3515 200
29.1106 1
818
9.722 152
10.6348 226
11.2925 130
11.7048 248
13.2117 96
13.7601 131
14.4491 221
18.6991 232
19.8113 100
21.5697 232
21.7494 185
21.8004 237
25.4991 237
27.2323 1
2747
9.9129 194
11.2586 119
11.3965 120
11.456 204
11.5385 135
12.0708 248
12.3442 183
12.4566 89
12.656 91
13.9688 186
14.0921 153
14.8739 98
15.485 233
16.5775 243
17.6563 236
18.7731 214
19.3926 126
19.4171 86
19.7599 154
20.1052 92
20.826 183
21.982 162
22.2113 230
22.2859 246
22.6934 104
23.045 154
23.4323 98
23.5547 195
23.9224 174
24.8236 244
25.5875 108
26.9636 226
27.6203 163
28.4892 143
29.0179 212
29.7449 157
33.4987 184
34.1171 243
34.3441 243
34.8493 1
2294
11.7785 149
12.2057 206
12.3008 86
15.8131 119
16.2262 175
17.1023 88
17.433 136
18.0049 118
18.4077 102
19.0236 218
19.7785 116
21.3129 241
22.0034 228
26.2754 101
26.8566 231
27.1712 95
27.2328 112
27.3495 117
27.4375 117
27.6432 231
28.3071 101
29.0104 98
30.8231 133
32.3684 198
33.7759 237
34.8394 195
36.2135 1
1180
10.4479 128
10.7711 216
13.2704 135
13.357 186
14.0135 228
14.4788 224
14.5384 117
15.0358 84
15.2919 137
17.2992 203
17.9233 92
19.6927 84
21.0503 137
23.4957 164
23.5428 190
25.4522 246
25.7796 95
27.9489 176
28.6848 1
706
12.8624 228
13.0452 207
13.998 177
16.8322 213
17.9789 237
19.3216 154
21.2247 93
22.5412 215
22.814 121
25.6039 195
26.3831 226
26.5607 233
29.1447 91
31.2568 1
2244
10.021 159
10.8014 85
11.2818 197
12.5625 206
13.5962 119
13.6948 208
14.6581 166
14.8843 119
15.7271 100
15.9777 203
16.8229 113
17.1046 199
17.6949 227
17.8898 184
17.9219 228
18.2598 139
18.6313 224
20.0533 184
20.1909 247
21.5124 160
21.7447 187
23.7469 153
23.8576 200
24.8974 115
26.271 101
26.6292 224
27.4402 87
28.5618 141
28.8881 236
29.2319 178
29.4739 110
30.0659 157
30.2418 230
30.6512 158
31.4149 185
32.7744 151
33.9231 218
34.1382 198
34.1965 129
34.4592 1
2091
10.848 85
13.14 204
13.4167 233
13.5666 101
14.6884 240
14.7089 242
15.1582 174
16.2898 211
17.6191 118
19.5663 185
22.067 187
22.1068 232
23.3722 119
23.5906 99
27.1378 213
27.9229 223
28.1659 203
28.5518 89
29.8103 95
30.633 114
31.169 125
32.3057 182
32.9263 174
33.0803 101
33.1394 207
34.6838 241
36.7652 1
1081
10.3019 157
10.3063 108
11.0345 177
12.3826 139
15.1176 175
17.0957 123
17.7477 155
18.0629 164
19.3141 142
21.1186 138
21.5191 198
22.3659 169
23.6957 103
24.1254 143
24.9661 200
27.1183 115
27.7012 104
27.9875 118
28.521 1
724
14.3104 126
15.1126 206
15.7948 235
16.7474 133
17.1932 191
20.5992 207
20.7318 109
22.905 130
23.7774 209
26.128 188
26.8334 113
27.0849 91
28.4566 110
31.2252 1
2430
10.2895 169
10.5178 130
11.4069 106
11.4697 107
12.2634 100
13.8418 113
14.2165 111
16.2412 180
17.8776 86
18.336 244
18.4558 127
18.8682 187
18.9961 239
19.4621 168
19.6533 238
20.0238 191
20.3333 196
20.7448 247
20.8057 117
21.579 125
21.6102 178
23.0284 177
23.6378 99
24.6486 116
25.7227 144
26.0523 169
27.3329 100
27.6702 249
29.2288 240
29.5972 215
30.3191 111
31.382 210
31.546 223
31.9619 211
32.7432 203
33.1236 125
33.1284 185
33.2768 205
33.7166 143
33.8172 1
1910
9.9277 132
10.3225 191
12.785 158
12.9545 245
13.0481 232
16.5892 87
17.4483 84
18.5447 112
20.028 135
20.9976 179
21.905 118
22.4693 103
22.991 90
24.0829 116
25.1231 107
26.3401 243
26.8485 177
27.6162 105
27.8849 248
28.7713 194
31.2265 179
33.3106 207
34.2295 211
34.4564 135
35.8831 236
36.7294 106
36.815 1
1391
10.9796 141
12.3254 196
12.4959 102
14.9927 229
15.3585 229
15.5351 205
15.965 137
17.011 136
17.151 181
17.9592 132
18.4122 198
21.8235 157
24.6949 130
27.5155 85
29.2056 225
29.2732 165
29.3608 85
29.5757 162
29.6149 1
889
10.666 240
12.2045 220
12.926 244
14.6757 218
16.0425 187
16.2869 157
16.4912 157
17.8416 99
18.1352 108
24.7416 126
30.1917 145
30.3288 244
31.442 119
31.8989 1
3129
9.5585 111
12.5561 137
12.9518 178
13.4292 135
13.474 154
14.3677 122
14.4144 88
14.8357 197
15.1299 245
15.2511 212
15.8737 215
16.0065 121
17.9171 226
18.2848 168
18.6833 86
19.5035 164
20.1734 183
20.6018 116
21.1305 157
23.4482 244
24.1575 132
24.4425 196
24.6127 164
25.0442 247
26.4349 229
26.7856 110
27.3607 141
27.4117 124
28.5426 229
29.6351 161
29.7485 170
30.1373 214
31.4982 235
31.9748 187
32.02 152
32.9065 185
33.6032 136
33.6381 234
33.8537 208
34.5356 1
2913
9.5187 131
10.0679 159
10.4974 223
11.1549 110
12.6159 241
12.757 203
12.9806 111
13.9904 248
14.2623 193
14.6072 117
15.0533 189
15.3276 87
16.1132 148
16.2029 112
16.3052 230
16.9087 144
19.4478 168
19.6092 239
24.4792 209
26.8783 115
27.6164 172
28.3772 152
30.0898 186
33.6665 238
33.808 235
34.4388 199
36.7266 1
1959
9.5377 203
11.459 122
12.3892 221
13.3013 234
18.043 185
18.5112 130
19.6754 126
20.1352 179
20.3968 100
20.8642 152
21.8097 221
22.9669 178
25.1645 195
27.1149 171
27.7219 106
27.9672 183
28.5954 174
28.7735 247
28.8258 1
1056
9.6867 89
11.2454 141
14.8026 153
15.0856 181
15.8916 118
18.1633 143
20.08 179
22.6763 192
25.7899 115
27.0067 87
27.7117 110
28.5114 112
29.8615 125
30.195 1
4105
10.1459 173
10.3923 132
10.8418 187
11.3811 231
12.3955 198
12.8626 87
13.1178 100
13.8798 198
14.0334 215
15.4513 152
15.7673 119
16.4551 140
16.7523 225
17.9403 181
19.9726 222
20.2886 130
20.4141 195
21.0594 181
21.7541 100
22.2559 174
23.542 150
23.7737 153
23.8387 141
24.3841 85
25.0662 98
25.5685 131
25.955 215
26.2517 105
26.5624 187
26.6658 84
27.9114 200
28.8261 192
29.0511 164
29.1837 141
30.2063 144
30.774 113
30.9129 196
32.0242 215
32.325 136
34.0678 1
3379
14.5588 173
15.3086 211
17.845 143
18.0091 236
18.4181 147
19.0986 217
19.7062 88
19.9855 238
20.4475 143
20.7612 220
21.6285 149
23.4506 164
23.6057 118
24.133 85
25.1516 237
25.1606 230
25.5282 125
25.7308 180
27.8947 235
28.0994 143
29.6238 182
30.6994 179
31.2456 169
31.471 186
35.5212 102
35.5526 102
35.8935 1
2417
10.4913 176
11.7192 246
14.3595 90
15.5287 100
17.9955 150
19.4629 171
20.1682 110
21.0415 115
21.158 84
21.294 193
21.3406 97
22.3054 117
22.3279 146
22.8717 225
24.4562 228
25.6657 181
27.0259 145
27.6064 125
28.4111 1
1352
14.6501 160
16.5261 237
17.3699 139
17.5397 200
18.2258 115
19.6749 210
24.5743 215
25.8884 224
28.62 110
29.3637 162
29.6554 105
30.924 96
31.4047 204
31.6996 1
5161
9.6708 223
9.9295 134
10.6874 169
10.9075 146
11.0752 152
12.5687 222
12.8538 135
13.0471 132
13.3697 132
13.5297 121
14.5613 128
15.025 199
15.1482 87
15.1982 137
16.4793 159
16.4971 161
16.5716 95
18.0051 101
18.6512 206
18.8041 92
18.9606 101
19.3005 114
20.8017 114
21.229 177
22.2813 212
22.5395 127
22.9539 217
23.3446 105
23.4908 183
24.6137 188
25.0045 121
25.0566 142
27.7041 220
28.4489 150
29.9411 194
31.359 105
31.7739 245
32.1049 184
34.112 97
34.1899 1
3677
12.6485 107
12.9349 212
14.3569 123
14.8463 130
15.3517 229
15.3763 179
15.4147 197
15.4628 233
15.6335 198
16.5735 218
18.6157 162
19.7245 199
20.3439 178
20.7173 207
21.1969 106
21.7649 128
22.9972 136
27.2332 213
27.9407 118
29.509 86
31.3346 133
32.6504 170
33.4583 182
33.5715 226
33.9283 223
34.1765 172
36.2764 1
2752
8.2995 176
11.1594 151
12.9342 147
13.0059 225
15.287 148
15.7281 167
15.8841 164
17.242 183
19.2863 155
20.1558 209
20.4177 157
20.8999 225
21.4456 149
22.5567 166
24.1009 98
25.3532 198
25.7682 198
26.7939 187
28.5889 1
1603
8.9316 200
11.1576 127
12.0837 135
13.2878 173
14.3506 171
14.9034 193
15.441 117
15.531 107
17.7549 159
24.5084 146
24.626 166
24.6288 130
28.6857 143
30.3313 1
6089
8.0887 121
8.5955 233
8.9931 146
9.0358 165
11.6977 240
12.7188 230
12.8482 110
13.1592 243
13.3966 207
13.4912 249
13.746 94
13.8907 242
14.3288 240
14.3458 186
14.4104 88
14.4532 96
14.6591 150
14.784 170
14.9774 232
15.5436 100
15.7484 240
15.9742 138
16.6662 109
17.8055 170
18.0218 185
18.5095 193
18.8869 185
21.666 212
22.9171 208
24.5979 202
25.2265 242
25.2272 127
25.652 152
25.6691 105
26.569 136
27.151 120
27.9755 131
30.6917 100
30.8052 183
32.2718 1
4220
8.5034 176
9.3603 135
11.0878 91
11.4338 93
13.353 238
15.2015 147
15.2478 199
15.6061 110
15.7185 179
16.2581 176
17.6275 187
19.6084 168
20.5254 164
20.9643 178
21.0329 119
21.8292 105
24.06 155
25.2037 235
25.5454 196
25.6415 221
26.2267 133
26.9049 194
27.8695 174
32.3692 174
32.5432 159
33.7148 100
34.2121 15
2810
10.4545 102
10.6123 132
10.8261 155
12.9672 105
12.9857 143
13.3233 99
15.2595 107
15.7373 220
16.5508 211
16.9368 208
17.5817 111
18.0906 152
19.105 208
19.9691 248
21.1876 200
21.7049 125
23.0603 239
23.9682 128
27.2471 1
1535
9.3402 121
10.0955 249
10.5466 101
10.6347 182
13.0784 230
16.4518 245
18.2211 156
18.7321 118
21.2504 173
22.2953 227
22.9115 112
27.3918 178
29.0696 124
29.1235 1
5976
9.6704 211
9.9326 237
10.959 96
11.111 227
11.1286 239
11.2202 228
11.6969 164
11.8621 138
11.8925 218
12.4335 131
13.36 219
13.994 135
14.363 114
14.3767 227
14.4771 222
14.6826 201
15.0631 233
15.5324 161
17.7597 223
18.0565 185
18.923 89
19.2844 156
20.12 226
20.7299 214
21.41 222
22.5877 137
22.9732 234
23.1907 125
23.3688 115
23.5418 98
24.6826 92
24.8495 218
25.7049 195
25.8014 154
25.9079 179
29.8576 152
31.1379 232
31.8628 191
32.6674 121
33.6061 1
5576
9.2091 214
11.0787 198
11.2612 186
12.5616 189
15.4208 135
17.0151 228
19.8147 110
21.3565 130
21.7753 230
23.0478 218
23.1563 239
23.541 159
24.3951 108
27.427 205
27.5239 99
28.5329 116
28.5447 211
28.9363 151
29.7634 142
30.1181 116
30.7279 161
31.0985 216
31.7497 233
33.6421 113
33.751 247
34.1025 218
34.4698 1005
3057
10.8756 165
10.9235 144
11.3034 176
11.9635 245
12.2784 199
13.888 154
14.1976 114
14.2372 240
14.8489 91
16.2915 107
16.4527 208
17.0906 241
18.3308 239
20.2267 118
23.2828 235
25.6826 137
26.6977 217
27.2342 118
28.2832 1
1667
10.2037 168
11.2845 228
11.6012 188
12.3632 200
16.9072 89
16.9301 146
18.3023 122
18.9134 142
19.3458 123
19.6347 83
21.6164 155
24.6361 194
25.2838 128
28.5918 1
6642
7.6087 89
8.9462 219
9.032 166
9.1288 239
9.2175 200
11.2934 181
11.4137 87
12.0856 122
12.4591 219
12.5833 239
13.6877 212
13.7676 183
14.0887 202
14.3337 234
16.4074 174
17.0069 123
17.1673 218
17.3809 198
17.4396 143
18.5768 224
18.7908 143
18.8499 140
19.6645 156
20.0392 150
20.4978 216
20.6377 86
22.1395 248
23.3418 153
23.4474 179
24.136 229
24.7918 221
25.1398 100
27.3898 138
29.075 142
29.0967 107
29.348 178
30.0945 235
30.8583 225
31.0736 235
31.808 1
5621
8.2277 194
10.0224 240
10.9996 244
11.3612 89
13.0484 189
17.4961 129
18.5257 165
19.6173 121
19.8264 152
20.005 242
20.097 185
20.3471 215
23.8791 103
24.5461 110
24.7652 178
25.6422 245
25.975 210
26.027 141
26.9926 119
29.0784 192
29.5045 238
30.5247 104
32.1074 180
32.4207 205
32.5203 242
34.7733 230
35.4789 960
2545
9.2948 237
9.8725 227
10.2498 175
10.474 212
11.2994 213
14.1686 107
14.5859 213
14.9569 149
15.3056 171
15.4799 98
16.6027 206
16.6449 142
17.3325 140
19.1455 84
20.1163 189
20.4174 182
22.6888 207
23.1288 178
23.7442 1
1677
6.4988 202
7.0816 104
7.5475 151
9.8724 226
11.7441 173
14.0516 142
15.2755 141
20.3189 155
24.0885 105
25.3395 202
25.99 216
26.2812 182
26.9975 105
28.4917 1
6572
6.08 244
6.6315 87
7.5573 176
7.8097 191
8.4713 180
9.7756 113
9.8063 239
10.66 204
11.411 104
13.7971 155
14.0374 202
14.199 184
14.7896 126
15.0477 121
15.5899 122
16.6574 236
17.0394 223
17.0699 146
17.6035 240
17.9123 226
18.4644 129
18.6101 204
19.3647 136
19.5579 169
19.8568 167
20.2278 205
20.4324 155
21.2153 121
21.3368 203
24.3738 145
24.9214 103
25.1067 118
25.6926 88
26.4099 88
26.6413 221
26.7143 87
27.8462 95
28.9395 104
28.948 228
30.498 288
4276
4.9205 234
5.2618 134
7.1776 140
7.7535 132
9.9888 144
10.2385 242
12.0652 199
14.1807 227
15.362 147
15.9241 193
16.6346 210
16.6363 164
16.7623 211
16.7628 85
19.1792 183
22.2146 233
23.4723 129
23.7417 165
24.7462 210
25.4375 167
25.4517 185
25.7351 240
25.8507 222
29.463 127
30.3726 90
32.8912 206
33.7273 1
2191
6.2054 180
7.9881 171
8.4707 201
9.8592 207
10.4098 197
11.591 146
13.2659 91
14.2444 176
14.3637 137
15.1878 86
16.0184 155
18.0776 104
19.5073 180
20.5882 159
22.1274 217
22.9933 246
23.1231 152
23.5433 234
23.8598 1
1168
3.7922 102
8.6425 210
9.7088 122
13.2571 169
13.7495 175
14.4632 148
14.8325 140
16.2469 86
23.4487 216
24.8748 151
25.5107 137
25.7711 189
26.0817 233
27.0508 1
3802
6.8113 210
7.3911 127
7.4164 219
7.4361 242
8.1716 211
8.7414 119
10.3293 201
10.3588 153
10.5674 114
10.7482 102
11.0573 242
13.8946 166
13.944 143
14.0404 196
14.3176 233
17.398 117
17.8862 241
18.7558 148
19.3241 244
19.4331 185
19.6615 241
19.8051 161
20.1648 199
20.2073 209
20.5499 99
20.9749 234
21.0468 210
21.5435 110
21.5813 192
24.6319 211
24.7349 94
24.8247 93
24.9651 160
25.2833 147
25.8766 125
26.6639 199
26.7285 159
26.8782 126
28.8756 103
29.489 1
3332
4.2757 145
6.4708 201
7.9238 212
9.187 243
11.2293 192
11.3938 116
12.4768 140
13.8497 110
15.1915 217
16.5838 190
16.9479 186
19.3757 218
20.713 176
21.4498 94
22.034 155
22.5134 174
23.3586 122
25.3332 149
25.4157 122
25.8999 212
26.2868 129
26.8796 163
27.315 113
27.3308 176
28.4106 206
29.2302 142
31.4814 1
2179
4.4787 237
5.6313 130
6.3501 221
6.9684 119
7.9546 147
10.6466 205
10.709 185
11.8686 193
12.1788 112
12.9558 119
14.4421 134
15.2272 156
17.0465 127
17.3867 139
18.4268 235
18.6834 189
18.7482 248
20.8533 210
22.936 1
1110
3.0216 163
7.0769 236
8.4117 185
10.8547 212
11.4109 206
12.8668 182
14.5866 165
15.0174 160
15.4432 105
19.698 196
19.8644 193
19.9897 224
21.0553 192
24.0524 1
4172
1.7611 213
4.3228 153
4.4888 162
4.5184 198
4.5959 230
5.3844 144
6.8062 213
7.1239 191
7.3891 103
7.679 201
9.5126 219
9.8013 193
10.626 110
11.2866 225
11.4405 174
11.9254 213
12.3848 180
14.2073 244
14.7289 115
14.7394 239
16.5062 216
17.2901 179
17.9418 243
18.032 87
18.2682 88
19.1008 94
19.669 90
21.3516 139
22.3007 138
22.8061 91
23.6462 191
23.765 131
24.7435 233
24.8516 123
24.9169 183
25.0713 169
25.238 238
26.5075 163
27.5317 239
27.5732 1
3221
3.8595 136
3.9494 209
4.6116 182
4.89 151
6.9094 87
7.6852 231
9.3073 164
9.783 227
10.5181 219
11.5146 131
12.9242 183
13.9136 222
15.3357 195
17.0668 221
17.4218 158
19.334 111
20.3172 97
22.2225 227
23.4753 109
23.5618 189
24.4553 138
24.5162 182
24.6374 158
25.0267 127
25.7271 118
26.6801 100
27.9066 1
1563
4.7789 93
4.8573 148
6.1533 178
6.7927 112
7.2666 214
10.3952 211
11.266 243
11.5721 179
12.0108 114
12.1219 148
12.305 210
12.9481 150
13.6772 156
15.8698 190
16.2488 155
16.5057 149
16.9665 181
18.8776 172
19.801 1
1174
4.5863 214
5.7108 237
5.9123 230
6.8559 165
8.7439 240
9.3466 138
9.6419 215
12.4295 203
13.41 131
13.5797 245
14.7313 106
19.6753 199
20.2683 125
24.6079 1
3578
0.6245 88
3.3453 88
4.8804 215
6.3712 93
6.7848 159
7.4359 245
9.1019 243
9.2094 249
9.3659 110
9.4347 183
9.4728 197
11.0737 175
11.8759 96
11.9556 182
12.671 161
13.567 247
13.7366 196
13.7696 243
14.0185 197
14.5864 169
15.9827 228
16.5573 208
18.0654 246
18.3553 167
18.4043 197
19.0364 232
19.8137 221
21.1459 141
21.3748 226
21.545 100
21.9479 84
22.0302 84
22.5899 234
23.4708 238
23.9831 189
24.1382 207
25.3346 170
26.064 165
26.5747 202
27.1096 1
2896
2.2646 215
5.3433 85
5.4641 176
6.28 130
8.0852 180
8.3114 164
8.4716 90
8.4922 248
11.3306 211
12.2375 196
12.7429 236
13.0361 181
15.6277 112
16.0796 244
16.6634 92
17.0799 92
17.719 189
19.3588 138
20.075 174
20.7414 138
21.4007 148
22.4521 200
22.4962 186
22.5961 239
26.1477 139
27.0686 152
28.9557 1
1384
4.2161 100
4.249 197
4.4968 203
5.1798 121
7.7736 132
7.7797 194
8.1429 137
8.4701 88
9.1822 103
11.736 100
13.6777 213
13.9635 174
15.2829 116
15.7311 132
16.7446 180
17.0477 111
17.7117 166
19.7972 195
21.3017 1
937
7.1516 227
7.4295 190
7.707 221
8.048 182
11.7748 92
12.0676 169
15.1541 197
16.3993 223
16.3994 114
18.86 193
19.2415 89
23.6322 226
24.3183 129
25.4079 1
3997
3.4306 240
4.974 87
5.0686 158
5.4029 118
6.5902 200
7.1609 106
7.1692 174
7.742 198
8.7031 180
8.9387 133
9.1921 170
9.4911 194
9.9733 216
12.3857 139
12.7799 176
12.9389 144
13.009 100
13.5562 176
13.6387 119
14.5858 135
15.0846 165
15.6369 234
15.9523 241
16.1411 241
17.3496 129
17.6957 159
18.314 98
18.7586 111
19.8455 248
20.177 165
20.3988 145
20.609 181
21.2625 208
22.946 236
23.2028 204
23.6633 111
25.1007 156
26.8932 209
27.2864 96
27.7745 1
2734
5.4823 201
6.8942 232
7.2339 91
8.0431 83
9.7215 161
10.1964 97
10.2156 146
10.8438 147
12.3318 121
13.0517 88
13.6813 99
13.8138 156
14.1226 140
14.2817 84
15.7609 182
16.0243 219
16.3133 158
19.1789 249
21.3731 202
22.7668 168
23.1646 222
23.6794 179
24.5011 138
25.3218 189
25.6922 173
27.915 173
28.99 1
1524
5.168 84
5.9469 211
6.0808 84
6.4597 174
8.1933 181
9.128 191
9.2466 104
10.2015 110
10.7235 118
11.847 98
12.8685 203
12.9945 208
17.4358 159
17.4693 100
18.6199 122
20.8937 144
20.9013 218
22.3524 147
22.8897 1
1040
5.1066 90
10.6419 101
12.1249 141
12.4369 222
14.0789 142
14.2475 205
14.9105 146
15.1322 146
15.4143 147
18.1178 189
19.1731 231
21.4321 244
25.302 159
25.9179 1
3521
4.408 99
4.5892 174
5.066 194
5.2464 209
5.4833 120
5.7227 240
6.2814 185
6.884 138
6.9151 165
7.5189 210
7.6216 211
8.178 145
11.915 111
12.5629 91
13.9819 210
14.9235 210
15.1407 187
15.5801 234
15.5839 142
16.0919 167
16.5899 200
17.099 120
17.2348 245
17.4305 107
17.5807 183
17.7644 238
18.0844 123
18.2578 165
18.8088 207
19.7644 201
21.101 95
21.816 143
22.552 173
22.573 179
23.9614 214
27.0947 184
27.6006 205
27.6985 191
28.2042 127
28.4848 1
2429
7.0777 180
7.1447 212
7.1702 152
10.1209 233
10.6399 115
10.6889 206
12.3344 177
12.3921 125
13.3964 86
13.4676 110
13.8654 95
14.1317 164
14.3347 195
14.5587 165
16.509 191
18.1532 200
20.8416 197
20.8626 88
21.0678 212
21.1405 223
21.7946 104
22.4978 112
23.6808 191
24.5047 106
29.2061 90
29.7713 237
30.8846 1
2337
4.704 167
5.4114 216
6.5106 193
7.5108 101
7.5434 169
8.5361 97
9.8748 112
10.4094 230
12.0526 235
12.8851 181
13.1187 151
15.6487 158
16.5633 230
17.128 112
18.0766 247
18.2099 154
18.5326 162
18.6186 128
22.142 1
1195
6.2418 245
7.1859 172
10.6035 210
11.2644 114
11.4447 174
15.2665 159
16.5072 210
18.4334 187
19.5405 208
22.0427 136
22.2628 148
23.3304 138
24.0872 200
25.5603 1
4764
5.3187 160
6.2379 88
6.6917 180
7.7045 222
7.7655 246
7.923 90
8.2032 178
9.6065 220
9.6876 112
9.7299 238
10.0979 212
10.8157 164
11.146 145
11.2227 120
11.7389 199
12.0609 126
13.9121 210
14.3649 108
14.8755 166
15.2695 216
16.0329 84
16.0595 133
16.0951 179
16.5967 125
16.7477 126
16.9653 138
18.4518 188
19.0044 234
19.609 148
20.117 185
20.2005 128
20.7886 236
21.9123 155
22.0796 147
24.3058 91
25.222 95
26.0177 96
26.6603 134
26.6923 122
26.7519 1
4250
4.7105 85
5.002 224
6.6598 210
9.4131 127
9.536 134
11.2189 191
12.0758 199
12.1141 109
12.7187 221
12.8572 218
13.3915 194
13.4918 88
13.6773 91
13.9651 99
17.9222 199
17.9651 187
18.2363 128
18.5389 150
18.9582 116
20.2889 126
20.3 199
22.6059 191
23.3657 110
23.3961 110
24.4595 231
29.2702 241
30.0314 73
2386
7.1573 94
7.9698 179
8.5658 243
9.1013 200
9.5336 131
11.285 110
14.1072 131
14.1123 93
14.7541 193
15.4484 104
16.9189 184
17.7376 103
19.65 243
20.6141 102
22.3369 197
22.618 195
22.9284 195
23.1747 142
23.3724 1
1751
6.8782 141
8.2297 153
8.9928 181
9.654 131
9.8702 231
12.9472 191
16.3376 122
17.8875 213
18.7782 236
19.1375 143
19.3889 155
19.5254 170
20.3698 195
26.6729 1
5558
5.9416 230
6.2819 193
6.8606 207
7.7434 236
8.5728 90
9.3043 103
9.5542 143
9.7902 122
9.8125 221
10.3044 143
10.396 190
10.6766 190
10.847 97
11.4454 215
11.6334 191
11.7395 183
12.3011 215
12.7824 91
14.2074 200
14.2163 172
14.4447 243
14.5508 228
15.0563 146
15.104 95
16.122 229
16.6303 220
18.1772 153
18.2993 100
18.554 95
18.7254 149
20.2011 134
20.226 208
20.5575 133
20.8276 148
25.0919 200
25.5911 164
28.2999 246
29.15 119
29.2112 203
29.3539 1
4372
5.8224 201
6.576 170
7.1854 161
7.7274 237
7.9521 148
9.3041 173
9.8992 125
10.3142 148
12.4216 118
12.6364 200
12.8898 199
13.1022 153
13.5525 125
14.8683 131
16.0503 233
16.054 138
16.0838 171
16.1102 173
16.5298 171
17.7866 139
18.7912 160
19.5441 139
22.1974 115
22.8566 208
24.3484 84
24.8483 215
25.3553 138
2675
8.3866 191
9.6612 239
11.1837 215
11.6669 168
12.2209 122
12.8715 239
12.9354 237
13.02 213
13.792 246
15.697 88
16.2036 97
17.6548 136
19.004 98
20.3686 90
21.7201 223
24.3114 223
24.5575 151
25.9289 169
27.142 1
1857
12.2918 194
12.5492 179
13.0025 247
13.3751 205
13.5331 90
14.5764 182
18.3208 232
18.339 104
23.2518 220
23.7277 210
24.5066 99
28.1002 248
28.6092 177
28.637 1
6055
8.0176 108
8.4181 236
10.5469 150
10.9266 139
12.741 116
13.1614 107
14.5716 167
15.4894 183
16.4784 85
16.6931 145
17.3985 119
18.4624 110
18.8211 220
19.6743 199
19.7734 149
20.4822 176
21.6443 185
22.2608 149
22.3387 181
22.4875 126
22.6211 174
22.9511 201
23.0067 101
25.0076 179
25.0307 159
25.5865 90
25.8442 118
25.9239 220
27.9605 188
28.5272 190
28.5588 217
28.63 137
29.4394 120
30.7036 201
31.7014 153
31.7709 111
31.7998 117
31.9513 126
32.4012 114
33.4884 90
4874
8.6932 228
9.9517 184
11.7549 97
13.6922 212
13.9072 127
14.1054 177
16.124 141
18.6054 228
19.4787 201
19.6 110
21.669 117
23.1085 117
24.26 216
25.2704 129
25.8533 149
26.8486 85
27.456 241
28.8049 96
29.6872 159
30.0121 98
31.5642 197
31.7585 187
32.0946 172
32.4989 187
33.4078 191
34.8039 149
35.7812 680
3134
11.1788 108
12.2952 167
12.3113 236
12.5216 212
12.845 211
14.6425 120
14.9107 193
16.5008 105
16.5946 107
18.2036 105
18.4076 163
20.1997 160
22.6876 209
24.2322 214
25.5144 95
27.1198 161
27.8703 161
28.678 229
29.4318 179
1761
10.1717 227
10.7101 220
11.8662 134
13.4721 175
18.4459 196
18.8971 201
19.3111 211
19.6119 140
19.9085 94
20.316 247
24.4686 137
24.4771 104
28.626 197
31.8834 1
6397
10.2278 206
10.478 187
11.2071 185
11.7689 92
12.0521 196
12.7311 205
13.1757 129
14.1462 212
14.659 146
15.5092 162
15.7023 122
16.8638 187
17.7368 100
19.2112 179
19.388 138
19.8376 122
23.6167 178
23.76 173
23.8221 122
24.0282 163
24.4334 202
24.4629 225
24.6745 95
25.7818 83
27.3836 155
28.0007 135
28.1398 232
28.731 142
29.1529 224
29.7877 241
30.6149 231
31.4605 133
32.2221 112
32.6693 99
32.8979 140
33.0722 233
33.3676 174
33.3781 125
33.5866 206
34.2424 7
4616
10.3785 227
12.4261 171
14.0329 185
14.1517 111
16.1571 247
19.4213 101
20.1869 202
21.8076 220
23.4262 214
23.5697 93
24.6546 155
24.7685 244
25.2855 158
25.639 133
25.7176 176
27.9001 152
29.5584 162
30.0577 211
31.649 90
32.2177 235
32.9967 226
33.1356 219
33.1761 213
34.3337 159
35.0176 178
35.4744 223
36.9745 1
2825
12.4876 102
12.6073 169
12.7294 236
14.3502 86
14.3616 232
14.7867 217
15.5914 145
16.0563 232
20.5653 174
20.9587 149
21.608 181
21.7841 112
22.4889 127
22.7401 173
24.0791 84
25.1783 199
27.4492 123
28.2369 176
29.8839 1
1711
9.9456 104
10.2026 222
12.2637 113
13.147 204
13.5304 121
15.8502 99
16.6929 219
17.2747 96
18.775 166
20.5611 182
21.4479 91
22.8784 95
25.8378 130
26.4793 1
6113
9.0886 140
10.054 145
10.1993 157
13.7342 179
14.7685 143
14.8199 162
14.8419 125
15.55 219
15.7642 93
15.8055 229
15.913 166
16.6922 112
16.8382 130
16.975 191
17.3977 108
17.486 244
17.9742 186
20.0986 226
20.6844 231
20.8192 229
21.038 103
21.1919 187
22.5787 226
22.7251 202
23.3104 137
23.8204 184
24.1336 84
25.1038 183
25.2891 236
26.1901 148
26.951 212
27.2338 93
27.9831 167
28.7805 87
29.609 100
29.7992 117
29.8701 105
30.44 89
32.5503 91
33.4896 1
5149
10.2569 113
10.3541 173
11.1801 162
14.0222 103
14.2933 136
14.5871 139
17.6489 191
19.8785 164
20.5578 244
20.7698 99
20.9302 164
24.4914 100
24.5651 212
26.9253 241
27.9239 131
28.5096 100
28.6955 187
28.7272 103
28.8587 102
30.8561 109
31.036 140
31.6627 163
32.5237 111
33.0666 152
34.2547 192
36.624 87
36.8747 1332
2606
10.0372 224
10.2528 191
10.6764 122
10.8773 124
11.7055 137
12.8819 220
14.0335 167
14.6494 123
15.6036 202
16.7891 148
19.234 224
19.7293 203
22.4843 223
23.5746 199
24.2186 112
25.8029 101
26.1508 181
26.3031 138
28.4268 1
1695
10.5297 90
12.0273 236
13.4869 200
13.664 191
16.6808 172
17.6982 130
19.7452 206
21.3947 151
24.3742 197
25.9272 131
27.6976 240
29.1733 176
29.7474 123
31.1966 1
5744
10.2548 168
11.5435 84
11.6713 95
11.8012 142
11.9639 224
13.1638 217
13.2622 149
13.4605 119
13.7788 104
14.6716 115
14.6795 220
15.6225 214
15.9383 183
16.536 96
16.7314 126
17.4348 223
17.7864 107
19.3116 99
20.5159 155
22.0943 110
23.1461 143
24.0003 242
24.0849 188
24.5714 200
24.7268 188
25.5891 168
25.677 128
26.619 180
26.7706 98
28.107 248
28.3563 173
29.0754 166
29.5077 181
29.6371 125
29.6615 109
29.8485 146
31.2502 186
31.4986 133
33.4736 166
33.5993 1
5756
10.2999 134
10.9242 156
11.1496 142
11.5572 99
11.6219 206
12.6998 121
13.2148 135
14.4624 217
16.9332 192
17.2228 128
17.3208 248
17.4004 145
18.0148 222
19.1064 219
19.4204 114
19.4225 233
21.5545 115
21.8884 173
22.7768 144
23.9522 222
25.9726 179
26.5399 244
26.6988 141
27.3351 177
28.348 170
32.6367 184
34.6056 1297
2581
9.1944 159
9.704 100
10.9178 113
10.9504 223
11.9274 130
12.018 192
12.4602 149
13.4591 129
13.9909 150
14.5906 179
14.7624 163
15.3224 120
15.5872 95
17.0493 175
17.4827 216
22.7302 115
23.4777 112
24.2312 109
24.7729 1
1756
10.8186 189
11.3274 210
11.9571 132
12.3219 99
12.6201 98
14.0459 218
16.5113 89
17.6175 118
19.5416 127
20.17 215
20.6138 126
21.3483 220
25.2579 222
29.5507 1
5312
9.7868 199
10.1908 108
10.6001 174
11.5393 215
13.1274 246
13.1684 129
13.3105 219
13.9881 144
14.5062 204
14.5186 234
14.7233 206
14.9266 121
15.1781 91
15.2248 182
16.3399 130
17.465 160
18.5812 164
18.9308 146
19.0046 223
20.9023 198
21.1051 202
21.3348 88
21.5491 213
23.0764 155
23.3894 217
23.6382 234
24.4514 132
24.5941 143
25.824 128
26.1886 214
26.9719 166
27.2287 147
29.2543 215
29.6736 106
30.1511 150
31.087 146
31.5055 226
31.5584 148
32.3353 101
32.3878 1
4566
9.7223 134
11.4751 211
11.9973 196
13.5971 142
19.0467 114
19.0896 123
20.9886 182
21.3928 228
21.5002 145
22.1579 225
23.1828 100
23.554 130
24.7124 105
25.8421 110
26.3476 178
27.0476 203
27.5885 205
28.2081 128
28.5034 240
31.728 186
32.1352 159
33.0425 216
34.7237 202
35.4811 232
35.966 149
36.1603 232
36.9014 92
1891
9.5583 230
10.1527 194
13.1262 98
13.6943 104
15.5666 195
16.6633 137
16.9158 170
17.1084 134
18.6395 133
18.7618 185
19.3305 213
21.9897 141
23.129 201
24.5629 136
24.793 222
27.6098 209
27.7985 131
27.9867 91
28.1616 1
1333
11.1152 159
11.8821 122
12.2235 223
14.3494 170
14.9347 86
17.3128 110
18.7621 183
19.2369 130
19.9976 210
21.6934 198
23.3637 135
26.0126 122
26.9629 197
28.9509 1
4620
10.3296 132
10.4193 218
10.4493 192
12.6422 247
13.1451 198
14.9181 123
15.5758 228
15.8151 169
16.4545 189
17.3632 192
18.4442 228
18.9391 237
19.3002 122
19.7138 182
20.021 130
20.1188 113
20.216 194
20.5071 104
20.5094 95
20.7183 96
21.2003 124
21.9414 127
22.8592 161
23.0223 149
24.7799 236
25.5499 90
26.0591 217
26.3017 213
28.6545 216
29.2751 232
29.589 128
29.5913 142
30.1861 154
30.4073 231
31.2465 154
31.3594 211
31.7815 229
32.1959 199
32.8207 174
33.2107 1
3828
10.5627 216
14.5611 199
14.6576 126
14.8601 213
15.4146 113
17.8968 173
18.4715 175
18.686 175
22.3956 163
22.7418 169
24.7594 137
25.303 147
25.3798 188
25.6276 137
25.7274 236
26.0399 246
27.2056 91
30.4252 189
31.3945 238
32.3771 146
33.0751 202
33.3614 206
34.0518 238
34.064 170
34.101 120
34.6781 164
36.037 1
