24 200 5 4
0 1 0 1 
1 0 1 1 
0 1 0 1 
1 1 1 0 
0 388 0 565 
388 0 695 648 
0 695 0 671 
565 648 671 0 
47 24 70 59 
3891
10.0218 157
10.2902 200
10.7568 168
11.0704 172
11.0824 239
11.4782 174
11.5229 231
11.8316 159
12.2969 161
12.583 128
12.7433 133
13.0831 222
13.7227 118
14.086 96
14.3096 84
16.5696 232
16.6553 249
16.6805 161
16.8433 189
17.1637 206
19.0834 161
19.2081 190
20.015 228
20.099 102
20.3769 141
20.4825 238
20.7337 219
20.8779 127
21.0296 184
22.0197 207
22.147 155
22.763 151
23.2194 224
23.2674 124
24.8765 184
25.4125 210
25.4777 127
25.5213 237
25.7891 198
25.9969 200
26.5534 185
27.6817 95
27.8918 87
28.3298 233
28.7381 202
29.0618 208
29.1227 1
2624
12.0777 192
14.9487 141
15.0075 159
15.0241 187
15.5234 103
15.5267 118
16.1334 192
16.5231 162
16.833 150
17.374 241
17.5173 184
17.71 184
18.6924 152
21.2137 180
21.99 240
23.207 184
24.8163 239
25.0829 172
25.6385 180
27.9478 228
28.2869 232
29.1791 168
29.5793 242
30.7107 1
5151
9.3141 84
10.5969 140
11.2433 119
11.3818 148
11.3894 116
11.4725 206
11.6119 189
11.7595 176
12.5088 149
13.2663 141
13.2835 92
14.0966 209
14.1777 100
14.5215 173
14.9224 108
15.2993 146
15.7307 142
16.1929 229
16.522 115
17.1373 156
17.8285 167
18.5115 164
18.9225 91
19.7638 156
20.7063 200
20.748 115
21.2242 200
21.5867 220
21.7356 96
21.9427 104
22.1543 93
22.2773 236
22.3283 122
22.8048 107
22.8093 90
23.1629 217
23.4445 113
23.4988 137
23.6466 241
23.7727 132
23.9018 176
24.098 187
25.9456 126
26.1349 184
26.3265 181
26.3978 247
26.7135 216
26.9195 92
27.2715 86
27.367 219
27.9189 226
28.2439 114
28.8269 236
28.9563 184
29.1086 202
29.3678 118
29.7142 184
29.813 225
31.0935 193
31.1018 148
31.9729 124
32.1565 183
32.309 221
32.353 200
32.8464 185
33.0816 133
33.457 209
34.0106 214
34.0602 121
34.2266 1
6300
9.7882 247
10.1113 126
10.1713 167
11.5287 188
11.9104 210
11.9595 247
12.0323 158
12.2127 170
12.8421 132
13.0053 191
13.0139 134
13.1009 198
13.1816 96
13.307 151
14.0137 163
14.1306 196
15.0324 156
15.3339 237
16.2497 121
16.6103 158
17.0665 193
17.1638 103
17.8598 238
17.9531 150
18.0199 110
19.6903 173
22.2198 146
23.0931 214
23.4521 118
23.6258 167
23.7939 99
24.1377 100
24.567 207
25.4642 165
27.5999 151
27.6082 85
27.6229 189
27.7538 171
28.0978 123
28.1672 166
30.9034 247
31.0713 91
31.1277 120
31.1454 189
31.291 127
31.8973 201
32.6588 236
33.2955 206
33.7958 238
34.4609 235
35.2265 119
35.4427 161
35.8599 208
36.2002 112
36.2228 139
36.2349 216
36.279 122
36.4321 194
36.7265 1
3058
9.5227 203
10.0421 225
10.1883 169
10.274 125
10.3284 215
11.25 105
11.3018 134
11.8933 245
11.9279 223
12.2849 119
12.3408 101
12.7072 229
13.8193 216
13.8308 106
13.958 162
14.963 237
15.0033 91
15.3057 206
16.1624 162
17.2384 172
18.135 127
18.1953 121
19.2883 234
20.901 136
21.7025 213
21.8507 128
22.1058 241
22.1745 190
23.5163 197
23.9299 111
24.1848 190
24.3533 213
24.3932 218
24.514 181
25.8297 213
25.8704 204
26.0252 95
26.4898 106
27.7985 98
28.104 93
28.2924 190
28.4182 244
28.4713 206
28.9124 217
29.4507 195
29.5116 135
29.6819 1
1816
10.032 139
10.2444 188
10.9656 190
13.4857 154
13.9395 163
14.235 231
14.9943 219
15.4447 151
15.5868 214
15.9409 237
18.4099 106
18.4556 241
19.2072 182
19.4209 168
20.2955 246
22.804 168
22.8886 131
25.3388 180
25.8298 116
26.8365 199
27.9947 229
28.6275 138
29.872 122
31.4261 1
3848
10.2796 141
10.5662 238
10.6103 157
10.6885 155
10.8436 221
10.8629 153
10.9553 102
11.113 123
11.1236 158
11.2667 190
12.2357 162
12.2419 142
13.3314 115
13.4804 107
13.7262 178
13.7808 141
13.7962 144
14.3329 226
15.0215 99
16.2889 128
16.2943 112
16.786 201
17.4071 213
18.0014 216
18.8696 242
20.6735 191
21.1334 136
21.1844 126
22.0611 170
22.2781 193
22.294 111
22.6826 133
22.952 130
23.1659 109
23.5001 179
23.5212 181
23.949 213
24.3101 88
24.4783 241
24.7807 137
26.3966 227
26.4186 215
26.4806 217
26.6676 199
26.9325 164
27.2826 107
27.9458 212
27.9924 155
28.0705 191
28.4433 227
28.476 197
28.5653 102
28.7227 112
29.0527 106
29.1015 190
29.1544 123
29.9516 174
30.6114 203
30.8765 156
30.9994 185
31.3702 147
31.7772 111
32.0325 142
32.5845 220
32.6534 198
32.9831 171
33.5651 233
33.7575 246
33.9564 102
34.2432 1
4976
9.5424 194
10.5106 160
10.9119 147
11.0034 141
11.8379 183
11.8613 180
12.3649 117
12.432 157
13.0356 205
13.1814 128
13.2752 192
14.0441 105
14.9748 113
14.9955 169
15.3583 109
16.0707 217
17.3502 241
17.5473 133
17.8648 123
18.0763 209
18.1534 248
18.3455 188
18.5617 178
18.6162 166
18.6771 240
19.0547 211
19.4407 215
19.9616 108
20.5521 241
20.5541 89
20.9086 185
21.4664 223
22.154 90
22.5576 149
22.8974 244
23.2908 165
23.9834 114
24.5924 215
24.7876 108
24.7937 183
24.9347 99
25.6332 234
25.8347 242
28.2328 119
29.0041 219
31.8301 234
31.8612 115
32.0231 226
32.2961 98
32.4014 123
32.4412 129
33.7013 147
35.1356 90
35.2365 105
35.4733 229
35.5778 126
36.1291 154
36.6658 181
37.1233 1
2789
9.3892 206
9.4656 177
10.0415 140
10.2999 132
11.0437 148
11.2782 205
11.432 125
11.551 137
11.9691 241
12.4932 125
13.2682 241
14.0177 219
14.6703 97
16.2238 91
16.4393 228
18.0036 247
18.0867 196
19.1946 107
19.6612 86
19.9449 85
20.4716 174
21.4452 202
21.5547 159
22.3804 132
22.4264 83
22.447 174
23.4043 137
23.6417 167
23.6554 135
23.7274 94
23.8096 188
24.0261 119
24.041 237
25.4135 194
26.4335 210
26.4946 232
26.7909 225
27.352 181
27.4053 117
27.5338 103
27.6772 102
27.7615 185
28.1951 88
28.4339 121
28.9069 104
29.1149 140
29.8963 1
1653
10.8847 135
11.5565 229
12.2101 176
12.6138 227
13.0673 154
14.1809 220
14.6353 170
15.0487 123
16.282 241
16.9693 132
17.1694 238
17.4668 196
17.5826 140
17.993 172
18.0454 100
18.522 201
23.8714 129
24.3648 117
24.5666 225
25.4963 206
27.6011 117
28.4768 99
29.0846 142
30.8489 1
3773
9.5886 240
10.0317 159
10.6609 179
10.8979 245
11.1585 245
11.2134 193
11.2447 116
11.4374 181
11.5311 204
11.6155 151
11.7201 90
11.7664 217
12.6451 204
12.8908 192
13.8982 130
14.5388 212
14.5827 167
14.7497 142
14.8069 119
15.1685 196
15.2942 87
15.7225 212
15.9131 160
16.376 156
16.4425 170
16.6855 121
16.7486 95
16.756 231
16.7807 186
16.9748 234
17.2029 211
17.4606 190
17.7579 243
17.7711 230
17.9231 244
18.1882 92
19.1433 173
19.7056 151
19.7472 246
20.0971 246
20.2672 93
20.3184 148
20.4133 173
20.5139 231
20.6041 125
22.7007 239
26.2773 129
26.3925 202
27.0749 156
27.4255 238
27.7077 225
28.4281 174
28.8615 160
29.2013 200
29.4637 171
29.9954 201
30.8643 90
31.0733 186
31.1412 175
31.3974 168
31.8867 125
32.0753 115
32.4872 140
32.4901 122
32.8496 184
32.8675 159
33.3585 246
34.0761 105
34.3361 94
35.0744 1
3530
9.3375 219
10.5401 206
10.596 171
10.6472 95
11.441 240
11.6992 185
12.0932 242
13.8162 202
14.0529 186
14.066 181
15.2452 168
15.5642 111
15.5674 123
16.3229 187
16.987 142
17.8323 234
18.0068 212
18.9559 96
19.1905 212
19.2806 241
19.3043 228
19.6978 102
19.8063 153
19.8315 120
19.8737 245
20.3179 93
20.3418 158
20.628 171
21.2246 191
21.2738 225
21.8185 164
21.8921 211
22.2709 208
22.8318 121
23.1254 127
24.0382 161
24.6562 91
26.7665 96
26.9858 203
27.753 199
29.9252 91
30.0382 234
30.798 141
30.8546 153
31.2777 153
31.4679 193
31.6018 168
31.9857 175
32.0453 187
32.3479 84
32.4093 162
32.4362 179
32.7241 205
35.3779 99
35.4555 101
35.8325 145
36.0491 231
36.2317 202
36.9043 1
2785
10.1693 146
12.3106 90
12.4246 163
12.6208 103
13.4666 150
14.0678 148
15.0192 207
15.1466 164
15.9251 179
15.926 229
15.9521 146
16.1233 126
16.3491 109
17.0651 108
17.178 111
17.3171 197
17.8712 97
18.2805 195
18.4934 99
18.9832 245
19.1423 133
20.5463 222
20.8232 228
20.859 224
20.9334 172
21.4503 129
21.7938 228
21.9859 125
22.1066 165
22.11 172
22.2024 194
23.3352 142
23.4226 159
23.9856 159
24.1181 169
24.6733 191
25.0821 176
25.3175 92
25.6112 92
25.6122 125
25.8456 99
26.2678 248
26.3604 153
26.9467 158
27.26 170
27.9277 211
28.4551 1
1504
9.4021 125
9.7183 85
11.8981 142
12.4387 169
13.589 149
14.0902 239
14.2133 126
15.1927 236
15.7079 203
18.1294 224
19.4371 89
20.0232 114
20.7357 162
21.5179 144
22.794 183
25.0814 88
27.5181 150
27.5572 244
28.3738 159
29.2201 174
29.8135 172
30.2602 192
30.9465 233
31.1367 1
3318
9.862 107
9.9426 153
10.0931 220
10.1583 112
10.2517 109
11.1976 120
12.0769 205
12.2408 152
14.0428 161
14.6448 176
14.8836 188
15.2143 225
15.961 240
16.2887 248
16.3562 160
16.718 179
18.1892 125
19.9633 239
20.0057 244
20.3304 139
20.6697 174
21.1312 195
21.2862 117
21.42 86
21.458 198
21.761 111
21.9707 176
22.1839 133
22.3179 191
23.0561 247
23.1043 155
23.7708 245
24.0694 86
24.2563 213
24.4666 202
24.8599 149
25.3372 190
25.4697 181
25.5144 178
25.9017 83
26.293 201
26.5645 123
26.8473 188
26.8888 183
29.5352 235
29.7688 96
29.9726 133
30.2062 113
30.6605 120
30.7665 107
30.8947 106
31.3606 101
31.4922 213
31.5724 209
31.6822 104
31.7916 139
31.832 110
32.0064 222
32.0345 115
32.3286 196
32.9693 144
33.018 181
33.0365 234
33.2196 159
33.354 181
33.6319 86
33.9773 152
34.0116 115
34.2672 104
34.2869 1
3999
10.652 91
11.1478 162
11.2598 155
11.3866 112
11.7021 133
12.0145 174
12.1516 169
12.6528 235
13.0437 227
13.0505 236
13.1972 190
13.4972 170
14.6982 108
15.8158 153
15.9967 87
16.3627 131
17.0619 212
17.1247 96
17.8475 193
17.8851 104
18.0948 104
18.8327 150
19.0627 115
19.3401 130
19.7981 145
20.3103 202
21.1038 146
21.2013 126
21.4504 197
21.6439 186
22.1408 92
22.1773 141
23.127 180
23.2987 215
23.6027 157
25.2074 225
25.3417 236
25.4509 177
26.6786 114
27.4359 232
28.0365 122
28.7733 106
28.8655 107
28.9557 103
29.3852 211
29.9259 139
30.3863 102
31.1274 98
31.3893 157
31.5048 98
31.661 215
32.0189 246
32.7834 207
32.7946 193
33.0051 209
33.2339 201
33.3745 113
34.5041 103
36.9828 1
3482
9.066 94
10.0295 187
10.2001 153
11.8945 139
12.1033 207
13.5527 231
13.5715 103
14.1228 145
14.3173 126
14.771 161
15.1617 149
15.7704 221
15.8566 227
16.8096 225
17.9113 175
18.3609 197
18.7073 126
19.0654 220
19.4758 230
19.562 130
19.9031 91
20.2857 215
20.4091 234
20.5543 187
20.5738 169
21.7569 157
22.2635 113
22.5265 231
22.8855 84
23.4202 182
23.5077 225
23.7765 194
23.9132 231
24.1262 162
24.3344 169
24.3655 153
25.343 219
25.4518 87
25.6198 85
25.8933 87
25.992 247
26.4207 154
27.3216 206
27.5944 214
27.6503 92
28.456 143
29.1098 1
2109
10.6651 207
12.3284 209
12.7423 166
13.9406 128
14.0633 236
15.1374 191
17.7465 142
19.3116 175
20.8757 136
22.2486 150
22.7869 176
23.3324 192
23.84 210
25.012 222
25.2313 225
25.4756 196
25.5947 196
26.8974 238
27.717 191
27.7456 153
30.1265 188
30.9631 147
31.3607 93
32.1574 1
3820
9.7049 238
11.118 114
11.2922 201
11.6542 195
12.1258 201
12.4547 104
12.8528 157
13.1792 100
13.791 113
13.8344 120
14.6066 130
15.1563 188
15.6777 155
15.6907 215
15.9429 201
16.1755 211
17.0742 152
17.0852 194
17.3735 192
17.7606 190
18.1244 181
18.2615 127
18.6276 163
18.7306 236
18.8127 232
18.9664 86
19.4734 222
19.709 133
20.2393 218
20.3941 214
20.5094 83
20.622 157
20.6336 188
21.916 175
21.9453 194
22.1906 224
22.1926 236
23.54 244
24.2649 215
24.429 137
24.6286 249
24.8545 206
25.1538 137
26.2335 221
27.1646 95
27.5556 187
27.5573 144
27.7391 211
28.071 156
28.2025 213
28.227 229
28.8218 85
29.4354 246
29.6943 93
29.7935 91
30.4405 113
30.5647 105
30.5912 205
31.3139 117
31.4999 173
32.0562 111
32.1927 142
32.7232 206
33.1645 201
33.6521 200
33.8049 101
34.1882 120
34.1897 146
34.2774 236
34.9772 1
5039
9.258 124
10.8017 187
11.9437 180
12.9762 216
13.3423 160
14.3658 120
14.4503 206
14.5309 218
15.2511 93
15.3227 193
16.1911 211
16.3884 233
16.4564 107
16.6729 85
16.7962 180
16.8211 174
17.5989 125
18.296 154
18.4431 193
19.0893 114
19.1111 146
19.905 144
20.332 176
20.5248 85
21.5277 241
21.5637 127
21.9196 124
23.8834 100
24.1677 229
25.0822 206
25.4663 112
25.5098 217
26.0914 112
26.1579 220
27.3268 183
27.7285 205
28.3483 113
28.3541 172
28.9331 244
29.1762 96
29.7815 119
29.9487 196
29.9867 188
30.119 247
30.9781 124
31.3026 246
32.1477 148
32.3209 230
33.0657 201
33.0812 109
33.2182 215
33.8259 111
34.0136 92
34.9471 182
35.277 147
35.6879 133
36.2361 248
36.8211 245
36.948 1
4943
9.5827 169
11.9795 179
12.6694 126
12.8386 144
13.2713 105
13.6548 116
13.7528 234
13.9279 170
14.1665 103
15.4331 206
15.8292 116
15.8508 217
16.3291 92
16.6372 212
16.7452 144
16.7973 113
16.9211 247
17.1365 198
17.6573 206
17.6767 100
17.7892 225
18.3716 194
18.882 205
18.9342 193
19.4673 124
20.2897 88
20.3608 193
20.5987 199
20.6466 93
20.698 88
21.7638 200
22.4166 88
22.6461 107
22.7197 201
23.53 212
25.0807 198
25.5373 156
25.9393 131
26.131 120
26.2445 219
26.4805 129
26.7136 160
27.5334 139
27.9139 201
28.2293 99
28.3009 194
28.6389 1
3238
11.0279 188
11.9527 160
12.3594 176
13.0461 176
13.1599 170
13.5439 244
14.8417 109
15.164 120
17.2862 107
17.4451 230
18.4219 247
20.4201 86
21.0559 152
21.4924 215
22.1242 161
24.0554 97
26.1185 224
27.6322 118
28.3584 211
28.567 124
29.9104 152
30.6697 121
30.9603 153
31.7719 1
6645
9.413 237
10.2811 245
10.3462 178
10.9938 115
11.1693 225
11.2984 129
11.4405 188
11.5833 123
11.7442 175
12.2606 239
12.3941 114
13.0398 238
13.5013 87
13.5472 243
13.7303 165
13.8381 237
14.2338 154
14.5631 177
14.9563 202
15.2251 100
15.4837 212
16.1246 94
16.3344 150
16.3469 158
16.4976 160
16.5926 195
16.7772 208
17.0432 84
17.5703 215
18.3423 99
18.4789 106
19.2549 114
19.5679 90
19.6928 137
20.9909 236
21.4349 113
21.8764 231
22.1411 103
22.9273 139
23.3785 220
23.4653 131
23.5518 199
23.8464 101
23.9791 237
24.914 93
25.8754 107
26.2446 171
27.0572 91
27.4575 88
27.8924 168
27.9393 203
28.3272 131
28.6123 210
29.53 112
29.5701 175
29.621 194
29.9233 191
30.0578 221
30.6974 242
30.8799 95
31.1217 216
31.3157 126
31.6447 135
32.0498 86
32.2756 227
32.6831 106
33.4461 176
33.5176 113
34.2941 156
34.6456 1
6663
9.7532 174
10.54 141
10.5636 118
10.9723 244
11.3767 128
12.7892 117
12.8671 172
13.184 142
13.2125 232
13.4718 168
13.5025 98
13.8811 160
14.1191 130
14.4804 110
15.0391 239
15.7379 220
16.4793 166
16.6605 139
16.7071 223
17.0074 179
17.2641 103
17.479 89
17.7748 102
18.2568 166
18.8008 221
19.482 118
19.6707 101
20.235 207
21.179 104
22.1237 188
22.1892 135
22.1931 226
22.3268 207
22.7201 197
24.4017 123
24.992 92
25.5737 160
25.8617 215
26.8333 202
27.2227 243
27.4893 232
28.5218 86
28.9015 194
29.7087 169
30.1561 190
31.6193 155
31.9989 167
32.2121 220
32.2372 246
32.8834 237
32.9277 92
33.0171 202
34.0957 144
34.1006 179
34.1072 234
34.4167 233
34.4694 185
34.6892 104
36.2099 1
4916
9.4226 156
9.9568 190
10.5517 189
10.7799 178
12.7807 196
13.1104 236
13.1183 203
13.2897 207
13.6086 184
13.8061 151
14.7169 123
15.1065 111
15.5063 179
16.1198 180
16.1998 90
17.0525 164
17.0999 231
17.2555 215
17.3246 113
17.6681 207
18.5504 151
18.689 198
19.3995 112
20.9573 181
21.1496 159
21.1818 92
21.3482 95
21.5205 102
21.9769 185
22.2847 147
22.6523 144
23.6012 194
24.6348 220
25.1673 248
26.3952 170
26.5527 177
26.6366 112
26.7465 92
27.1423 134
27.1969 240
27.2812 152
27.4382 223
27.5911 125
27.7659 95
27.8426 201
28.0078 235
29.6312 1
3728
10.97 106
11.159 248
11.7289 156
12.2861 123
12.7492 93
13.439 176
13.7792 137
15.4725 248
18.0503 230
19.2036 145
21.0208 154
22.7248 151
23.0032 143
23.0523 200
24.3879 123
25.4551 128
26.0613 240
28.3326 202
28.9275 109
29.068 196
29.5934 193
30.8197 133
31.415 228
32.1303 1
7697
9.7474 107
10.8641 126
11.388 205
11.4234 90
11.4345 158
11.9967 93
12.262 167
12.6893 102
12.8685 109
13.4167 100
13.5117 136
13.6976 114
14.3135 187
14.6971 228
15.3028 187
15.478 144
15.5872 146
15.8952 130
15.9086 139
16.983 92
17.0185 92
17.0212 113
17.1154 150
17.3137 240
17.3459 106
17.7914 95
17.8868 130
18.7141 164
19.2843 179
19.4982 180
19.5644 177
19.9049 102
20.2741 182
20.2828 150
20.5309 244
21.1487 201
22.0176 210
22.097 169
22.3117 248
22.3815 170
22.6285 153
22.7984 207
23.4967 93
23.7718 148
24.8343 235
25.2695 246
25.6432 162
25.6591 111
26.0502 118
26.5909 121
26.6739 173
27.3695 247
28.1483 239
28.5198 158
28.8397 171
29.2884 108
29.456 240
29.7186 96
30.5886 185
31.2725 216
31.273 138
31.3703 243
32.1056 243
32.3019 121
32.4192 205
32.6387 150
33.268 123
33.3654 111
33.8454 184
34.1059 1
7400
10.1042 85
10.3318 223
10.7298 169
10.9422 130
12.0191 199
12.4552 95
12.8179 190
13.1232 203
13.3813 128
13.5463 144
13.7353 151
13.8158 160
13.851 208
14.1371 240
14.2454 158
14.2648 207
15.4399 96
16.0723 162
16.1811 94
16.2639 106
16.794 91
16.9674 160
17.2776 218
18.1466 97
18.4498 139
19.3643 195
19.6321 176
20.0328 192
20.0427 186
20.7243 209
21.85 101
23.2375 200
23.6548 172
25.2857 121
26.4349 134
26.6646 213
26.6784 188
27.4781 123
27.8786 209
28.0702 215
28.0911 226
28.9289 116
30.8634 232
31.3566 126
31.9781 176
32.3226 170
32.3837 240
32.5157 164
32.7658 247
32.8263 237
33.4011 105
33.5667 217
33.6575 99
34.7142 236
35.5435 130
35.8563 84
35.8958 138
36.8874 222
36.9907 1
6682
8.0967 172
8.5588 166
8.9577 84
9.4435 175
9.6986 154
10.0341 166
10.1152 123
10.7001 163
10.7481 192
10.8678 200
11.2889 152
11.3989 95
11.6135 94
12.699 211
12.9109 100
13.3163 164
13.3677 213
13.5298 148
13.6564 200
13.7325 203
15.6988 155
15.8092 112
16.2348 92
16.6283 210
17.1603 226
17.796 248
17.8207 126
19.7516 101
20.6684 242
22.3125 217
22.3943 84
22.4232 139
22.5195 248
22.8649 107
23.8946 147
24.0076 206
24.0689 84
24.3644 213
24.6793 209
25.3355 162
25.4666 151
27.4393 121
27.5718 216
27.6049 154
28.0357 178
28.119 122
28.2583 1
3829
8.9289 245
9.7251 166
10.3295 157
10.7676 119
12.0428 247
12.3777 167
13.1993 141
14.1308 129
14.1617 83
14.734 207
15.6354 168
16.0844 158
17.1783 174
17.3984 127
20.2476 128
21.1909 154
23.5534 124
24.0821 108
25.7821 106
25.8797 232
26.0939 130
28.5724 237
29.1244 90
31.1418 233
10125
8.1906 162
8.4302 117
8.467 224
8.6649 241
8.9038 123
9.0428 176
10.0212 199
10.2598 126
10.4067 136
10.9805 157
11.3498 93
11.4842 152
11.5159 195
12.0679 205
12.2231 203
12.4364 123
12.5264 184
12.7526 227
12.8339 232
13.0807 212
13.1844 112
13.6502 97
13.6642 148
14.1417 247
15.8301 159
16.7378 163
17.2324 126
17.6722 227
17.7797 101
17.8945 193
18.0358 179
18.1308 217
18.9995 203
19.0686 161
19.5411 103
19.9071 95
20.7637 175
20.9142 198
21.2767 222
21.3323 223
21.5477 182
22.3797 131
22.7981 217
22.8986 88
23.7568 106
24.1 97
24.4271 219
25.2462 206
25.3281 177
25.626 114
25.6658 177
25.9949 211
26.3046 219
27.2535 101
27.5289 142
28.0056 157
28.006 219
28.2142 230
28.91 181
29.0648 159
29.2286 128
29.8452 180
29.9191 245
29.9402 166
30.0933 206
30.1383 129
30.8235 94
30.8541 239
32.9654 199
33.622 1
10118
8.7022 162
9.2768 190
9.5095 153
9.708 243
10.5984 226
10.6224 128
11.1363 91
11.627 145
11.7229 231
12.2503 129
12.369 130
12.433 206
12.5598 171
13.0758 98
13.7089 114
14.0886 207
14.5155 146
16.021 182
16.6825 221
17.7698 200
18.2969 85
18.4529 235
18.7147 151
18.9042 100
19.2128 171
19.379 98
19.6485 138
19.9185 236
20.2825 217
21.4733 214
21.968 101
22.0996 212
23.0089 217
23.2056 140
23.6033 115
23.7693 167
24.2356 204
24.2842 133
24.464 204
24.7674 131
24.8003 143
25.7354 230
25.9303 157
26.8905 212
27.9903 127
28.4846 237
29.0104 202
29.284 158
29.3138 94
29.7421 222
31.2817 224
32.0365 210
33.057 202
33.1978 181
33.2987 104
34.2876 210
35.1372 205
35.3072 93
35.8419 266
7222
7.5856 215
8.6223 244
8.7466 208
9.3372 100
9.7088 230
9.7926 116
10.3496 159
11.0178 199
11.3224 159
11.4698 210
11.5013 84
12.0273 121
12.5126 244
12.6302 177
12.7187 95
14.7789 194
15.8283 96
16.4668 93
16.5622 182
17.5877 213
17.6796 182
17.6874 215
17.8391 175
18.3865 241
18.7069 88
18.9685 176
19.463 246
19.6608 209
19.7362 137
19.924 146
20.0322 110
22.0728 199
23.2942 148
23.6579 202
24.2377 195
24.4354 127
24.7551 222
24.8224 176
25.4062 168
25.8382 167
26.3156 137
26.6004 165
26.9214 205
26.9905 135
27.0666 231
27.5554 205
27.7287 1
4573
8.7465 151
9.3254 150
10.5817 155
11.2917 231
12.4677 125
12.8994 242
13.3103 121
13.5718 204
13.9451 177
14.3638 237
15.6271 174
17.6558 168
18.1094 154
18.6343 248
20.0318 167
21.1119 144
22.4422 207
22.5032 169
25.4103 186
25.7322 117
27.2664 245
28.3342 240
28.4888 232
30.1697 330
10924
8.3405 89
9.0975 190
9.1529 123
9.7841 159
10.0276 140
10.2842 166
10.316 247
10.5285 123
10.6261 146
11.1161 125
11.4359 194
11.849 187
12.1998 174
12.2256 134
12.2464 140
12.427 188
12.7323 195
12.9231 139
13.1342 121
13.1708 135
13.3372 210
13.7663 160
14.1465 112
15.1422 129
15.3577 108
15.4209 205
15.5359 214
15.6396 213
15.8269 196
16.2124 141
16.4036 109
16.6886 216
16.7003 163
16.8654 171
18.1453 185
18.759 224
18.9433 207
19.0131 127
19.4962 159
19.7664 175
20.0079 159
20.4417 187
20.9906 176
21.1664 179
21.3383 241
22.194 132
22.8403 124
22.8656 144
22.8684 231
22.8718 215
23.1248 243
24.5797 105
24.7765 143
24.7969 153
24.846 239
25.1997 178
25.8262 222
25.8707 206
26.0203 208
26.3165 178
26.8602 95
27.3882 109
27.7464 145
28.0259 177
29.1347 175
29.4975 95
30.6227 153
31.7292 129
32.1612 99
32.8517 1
11679
8.0247 197
8.5164 92
8.6387 124
9.3335 102
9.5685 140
9.7995 213
10.0427 221
10.4252 90
11.4616 117
12.1247 173
12.5679 197
14.1795 187
14.3496 241
14.4532 163
15.4428 202
15.7821 117
16.1786 156
16.3403 132
16.7836 177
17.2095 105
17.2287 147
17.2713 131
17.5545 193
18.2854 135
18.3436 145
18.524 142
18.6629 107
18.7039 123
19.0273 237
19.1332 167
19.9937 224
20.9719 100
21.3819 243
22.3834 156
22.3919 222
22.4037 149
22.8876 162
24.5201 183
25.3306 95
26.0384 139
26.1137 138
26.4384 98
28.1521 241
28.9231 235
29.32 218
29.4459 112
30.1517 93
31.7377 183
32.476 212
32.8124 176
32.8236 115
32.8406 174
32.9067 209
33.2347 102
33.8427 192
34.3606 246
34.9977 145
35.2499 105
35.9895 2340
6542
7.6743 155
8.5259 203
9.1915 103
9.3492 218
9.6089 244
10.6983 194
11.6703 169
11.8201 193
11.8464 224
11.9106 134
12.6306 157
12.963 87
13.4682 167
13.7397 173
14.7619 161
15.1017 206
15.2037 108
15.5834 188
15.7223 148
16.0467 125
17.7741 119
18.8832 156
19.4225 124
19.5243 119
20.0047 171
20.1397 150
20.5689 237
21.2009 93
21.281 85
21.4406 203
21.6318 133
22.1086 212
22.1876 180
22.6975 148
23.1712 243
23.5394 170
24.0265 183
24.0543 186
24.3453 181
24.8145 86
26.0365 119
26.1404 138
26.2006 242
26.3014 190
26.5789 179
27.5895 177
28.3933 1
4800
8.1176 85
8.8951 103
10.3211 185
11.7049 104
12.1852 241
12.8707 186
13.6425 240
15.5517 111
16.2365 213
16.3928 160
16.6306 232
17.2425 106
19.1388 131
20.4152 240
20.4861 230
22.2675 178
23.3665 238
25.0106 86
25.715 127
27.6814 211
28.0033 185
28.4961 226
29.5786 172
31.1517 811
10803
8.3082 110
8.742 139
8.8068 203
9.0355 229
9.1253 248
9.1586 211
9.9903 90
11.1054 95
11.1755 188
11.8139 217
12.3961 170
12.4141 229
12.4301 116
13.2812 86
13.411 180
14.1496 211
14.3613 172
14.7034 194
14.9778 88
15.7903 150
17.2222 184
17.66 127
18.2225 88
18.3201 141
18.6626 141
19.1038 246
19.2606 235
19.4183 132
19.6033 248
19.6577 238
19.8442 224
20.2392 95
20.46 164
20.5958 154
20.6218 238
20.8498 85
22.7004 87
22.8174 151
22.8632 139
23.3441 113
23.4142 177
23.6157 209
23.7077 232
23.8503 100
24.7131 207
25.2059 199
25.4491 140
25.9847 221
26.2191 229
26.3412 225
27.0473 229
27.3093 247
27.5947 90
28.3766 96
28.612 173
28.7257 101
28.9494 140
29.2238 107
29.4925 137
29.6052 137
29.9355 159
30.0915 179
30.4672 218
30.6267 112
31.5502 177
31.6328 225
32.0983 147
32.4366 159
32.8922 220
33.3193 1
9385
8.0407 248
8.2926 119
9.0441 104
9.6328 221
10.6415 121
11.7137 132
11.9463 83
11.9782 147
12.5982 163
13.0288 184
13.0539 245
13.2438 232
14.7289 169
15.422 150
15.6697 232
16.4985 201
16.9154 190
18.9907 88
19.2996 135
19.3475 151
19.7206 146
20.0837 128
20.1249 132
21.5056 201
21.5594 176
21.7943 156
22.5314 218
22.9141 207
23.2247 110
23.3945 109
23.5124 198
24.202 121
24.3038 95
24.4028 227
24.5491 186
25.1585 163
25.4687 104
25.8451 244
26.3125 236
27.8122 219
28.1183 179
28.1726 84
28.8403 215
30.4649 96
30.6633 133
30.7728 116
31.4518 194
32.3514 224
32.5733 181
33.2114 189
33.7073 163
34.1652 118
34.4284 229
34.6784 114
34.7939 169
34.9665 231
35.1991 123
35.4501 150
35.7104 1
6879
5.7383 215
6.3325 141
6.7216 208
6.8206 241
7.0259 214
7.1833 203
7.4399 151
7.9953 89
8.0501 110
8.4367 244
8.5226 113
8.8941 233
8.9076 248
9.1983 194
9.6919 219
9.715 191
9.8713 188
10.2389 203
11.3232 227
11.9201 212
12.4473 170
12.6914 221
12.9136 134
13.2372 125
13.2503 109
14.2354 87
15.4587 154
15.5032 90
15.8085 89
16.9096 178
17.0597 162
17.3249 95
17.4881 170
17.8057 206
18.2543 206
18.7045 147
18.9249 229
19.269 86
20.365 198
20.5066 121
21.1618 236
21.2779 137
22.8351 215
23.4231 128
23.4694 152
23.9182 172
24.0987 1
3808
6.3809 102
9.9835 93
10.4812 181
11.027 116
11.323 166
11.9657 227
12.8655 134
14.3976 113
14.7331 84
16.8909 176
17.9432 164
18.3449 199
19.7291 128
20.264 168
20.7229 113
21.331 145
21.8735 230
22.4725 246
22.8195 132
23.1959 160
24.5351 179
26.4743 85
26.884 92
28.637 376
8558
6.3499 238
7.4934 109
8.3452 151
8.7043 127
9.3803 216
9.6084 163
9.7823 163
9.7912 160
10.4546 177
10.5155 242
10.7409 172
11.1615 223
11.2309 94
11.4031 156
11.4791 199
12.0537 161
12.1213 120
12.7641 209
13.0294 124
13.4392 248
13.8187 222
14.4851 134
15.5442 231
15.5513 189
15.6091 133
15.6824 124
16.0078 149
16.0307 122
16.5064 170
17.2132 233
18.402 232
18.7041 121
19.112 153
19.5281 85
19.5778 152
19.7145 243
20.178 107
21.1403 92
21.303 107
21.3933 160
21.7355 232
22.1294 163
22.1437 118
22.9398 139
23.1347 200
23.5839 167
23.8121 131
23.8437 121
23.8452 83
23.9724 184
24.1512 214
24.6508 200
24.7847 186
25.9353 218
26.4237 204
26.6244 227
27.5159 238
27.686 149
27.8201 240
28.0624 99
28.1664 110
28.2702 114
28.6508 147
28.6754 130
28.822 100
29.2345 152
29.2798 103
30.0561 153
30.2403 101
30.3384 1
9885
5.676 87
5.7331 157
6.1099 225
6.3249 123
7.0883 165
7.9457 138
8.2641 137
8.6409 170
8.6991 232
9.61 223
9.9381 95
11.116 196
12.2717 188
12.5322 224
12.7295 178
12.7848 230
12.9664 99
13.07 243
13.1262 240
14.0489 131
14.7152 99
15.8779 233
16.0245 207
16.7319 112
17.5988 232
17.6586 101
18.9003 221
18.9393 100
19.0634 226
20.2085 149
20.4924 223
20.7796 170
20.8002 215
22.2599 246
22.5371 117
22.6124 161
22.8978 238
24.4359 181
24.7821 204
25.4055 175
25.6422 161
25.7372 195
26.0323 182
26.5023 125
27.184 232
27.1853 243
28.5332 159
28.5593 193
29.1345 161
29.4234 179
30.3026 86
30.606 147
31.2988 141
31.6489 107
31.7559 89
31.9051 142
32.3468 131
32.687 96
32.8815 26
5372
4.1313 182
4.3111 112
5.0423 210
5.3509 225
7.2173 247
7.9624 224
7.9844 87
8.4295 157
8.4372 187
8.5128 193
8.9323 196
9.1257 144
9.7419 115
9.9706 183
10.2605 192
10.7045 105
11.0126 196
11.8909 179
12.5219 213
13.364 174
13.4963 150
13.9817 176
15.158 181
15.5308 227
15.5485 155
15.9854 123
16.4291 135
17.1203 113
17.3177 247
17.9067 234
17.9076 123
18.1897 115
18.4637 165
18.7175 185
18.8963 247
19.0592 155
19.1044 208
19.2277 159
20.5991 96
20.6528 97
20.8473 178
21.0125 84
21.8113 241
22.3018 179
23.3601 85
23.8309 239
24.6242 1
3671
3.7836 209
4.199 224
4.9331 171
5.2098 223
9.5428 217
10.4099 130
10.5094 177
11.9245 179
12.1622 116
14.4543 86
15.3784 249
15.8764 227
18.0608 223
18.3859 241
19.0064 112
19.7946 85
20.4385 155
21.9068 214
22.1616 227
22.1908 84
23.5784 220
23.5922 144
23.7724 160
24.5211 1
6329
3.4417 241
3.9802 151
4.4709 139
4.4926 157
4.8227 180
5.0414 124
5.2306 113
5.403 243
6.4466 196
6.5354 236
7.0134 182
7.3247 212
7.7813 198
8.8528 212
9.2292 204
10.4089 128
10.6893 109
10.7459 197
11.4098 180
11.5161 143
12.6579 146
12.9346 104
13.2047 166
13.2809 95
13.4612 241
13.9902 229
14.6618 224
15.4071 162
16.1471 216
16.7584 99
16.9372 171
17.3986 211
17.5836 221
18.2303 170
18.2451 138
18.4376 92
18.457 180
18.5786 94
18.851 121
18.9376 241
19.033 141
19.822 126
19.9706 96
20.3592 109
21.2747 168
21.4128 169
21.6324 160
21.836 137
22.0917 149
22.109 236
22.537 191
22.7539 107
23.4272 102
23.4443 183
23.5397 115
23.6566 119
24.4438 234
24.9379 119
25.7604 117
26.0949 148
26.8956 201
27.2295 134
27.3346 150
27.5132 179
27.6262 131
28.4345 122
28.9319 217
29.2623 162
29.5023 118
29.7059 1
8727
3.986 190
4.1811 115
4.6492 112
5.1289 218
5.3349 161
5.4821 159
5.7562 220
5.7817 167
6.2371 152
6.5804 219
6.8448 199
7.3021 243
7.4036 90
7.7532 83
7.8785 237
8.6699 239
10.6185 160
11.2357 99
11.3849 248
11.8587 226
12.3102 240
12.6357 249
12.8814 86
12.8835 223
14.2729 145
14.2809 141
14.7377 87
14.944 212
15.4287 192
16.4768 117
17.0334 123
17.8595 173
17.9159 135
18.8529 100
18.8732 192
19.9419 158
20.0208 161
21.9336 131
22.2021 101
22.223 235
22.2352 122
22.2868 148
23.8925 132
24.3415 205
24.9614 157
25.4021 209
25.8403 216
25.9043 116
26.0446 117
26.6436 91
26.7789 233
27.0906 184
27.3275 142
29.5298 164
29.9272 88
30.4647 246
30.531 179
30.7231 147
32.464 1
5054
2.1108 234
3.4456 217
4.0996 93
4.1723 178
4.4969 244
4.5889 128
4.7645 197
6.1721 158
7.0153 163
7.104 220
7.3727 189
8.2245 141
8.8466 225
9.7515 158
10.3504 226
10.9142 228
11.3479 198
11.5308 198
11.6125 109
11.8868 171
12.5263 201
12.7302 235
13.179 193
13.9116 146
14.4428 146
15.0466 181
15.1596 218
15.1732 153
15.62 110
16.0635 122
16.1912 101
16.5317 123
16.5796 167
17.32 222
17.6786 239
17.7193 143
17.757 225
18.2418 99
19.3943 99
19.8858 148
19.9489 126
21.4634 173
21.6405 104
22.4884 241
23.2187 187
23.5137 162
23.6257 1
3219
8.2297 121
9.7695 153
9.9484 239
10.4455 214
11.5898 114
12.4943 103
12.5569 202
12.7863 196
14.9072 121
15.4351 184
16.6489 109
17.8008 212
18.5654 129
21.2023 92
21.3832 223
21.4863 158
21.8747 169
22.206 167
23.225 120
23.6599 204
24.4299 125
24.7239 89
24.9969 167
25.4034 1
6055
2.0793 111
3.8275 119
4.1314 99
4.4753 136
4.5597 96
4.5962 84
4.7516 188
5.2325 129
5.3328 131
6.8646 97
7.3781 109
7.4905 176
7.5382 229
7.6624 165
7.9459 199
8.7663 218
8.9487 242
9.4785 214
9.4929 247
9.7774 183
10.2495 228
10.6894 208
10.7313 248
10.9234 95
11.7087 210
11.9071 155
12.685 97
12.6989 149
13.1318 102
13.737 116
13.9769 233
14.1195 213
15.5193 206
15.7497 168
15.9296 94
16.1527 163
16.6354 156
16.996 182
17.237 99
17.2443 177
17.4474 106
17.456 204
17.6196 156
17.8426 153
17.9789 165
18.1662 231
18.4748 129
18.6508 226
18.8191 169
19.0135 156
19.0661 87
19.8716 103
19.9507 133
19.9693 118
20.1177 122
22.4419 98
22.6244 218
22.9432 127
23.022 114
23.5768 233
23.5857 248
24.0547 142
24.7165 128
25.322 131
25.4211 181
25.5314 156
25.5407 191
26.3902 214
26.803 217
27.3247 1
6328
2.2215 188
2.8589 215
3.4275 166
4.0869 177
4.1162 194
4.9211 94
4.9705 98
5.2831 125
5.4938 232
6.3749 103
6.4495 180
6.9973 216
7.3046 135
7.6165 208
8.2428 134
8.4531 214
8.7237 126
9.9659 238
10.4904 156
10.7491 141
12.0946 127
12.6539 148
13.2764 105
14.1205 199
15.2016 141
15.9237 99
16.4011 149
17.395 111
17.4981 176
17.9169 190
17.9784 226
18.1722 210
18.6681 90
19.8293 148
20.3811 180
20.4856 171
20.4987 85
21.4084 181
21.7756 119
21.817 136
22.0235 143
22.5594 229
23.7614 144
24.7039 135
24.8878 233
25.0326 134
25.2359 161
25.3558 170
25.5695 139
26.2436 201
26.2909 231
26.6557 153
27.9181 195
28.2231 114
28.7287 146
28.8052 195
29.2012 84
29.511 105
30.2491 1
4316
1.3187 126
1.8631 161
3.0086 102
3.4797 168
4.0936 153
4.4678 197
4.495 84
4.7684 101
4.8159 244
4.9736 149
4.9914 241
5.4215 167
5.5818 239
5.6253 212
5.8729 177
6.028 223
6.0284 218
7.8387 204
8.7797 245
8.8939 179
9.4429 227
9.4926 141
10.4308 193
10.6065 113
10.646 228
11.2861 117
11.3601 149
11.4655 121
11.976 93
13.2919 108
13.5996 244
13.6732 176
14.4015 212
14.7323 154
14.952 248
15.8297 108
15.8345 97
16.1983 133
16.3114 199
16.5664 181
16.86 108
17.0374 217
19.0774 181
19.2798 230
19.3421 217
19.8114 214
20.967 1
3152
0.9958 200
2.0423 151
2.2301 111
3.7632 134
3.7886 195
4.3545 116
4.7266 168
4.8517 96
6.3616 110
7.7281 95
7.9544 178
8.3729 168
10.6403 95
11.8726 141
11.9718 182
12.374 225
13.5729 238
15.712 109
16.5229 87
18.3004 243
19.5668 98
20.9284 147
23.586 195
24.4094 1
6988
1.0049 159
1.4973 161
1.6021 143
2.1247 110
2.1361 96
3.5072 141
3.6769 125
3.8955 148
4.0894 229
4.4593 158
4.9754 219
5.0622 216
5.5945 109
6.3996 119
6.4836 161
6.5275 111
7.4789 211
8.6524 173
9.0989 194
11.2294 157
11.2678 206
11.7188 99
12.245 232
12.6324 133
13.1005 133
13.1644 175
13.2914 102
13.4844 110
14.2183 105
14.3018 175
14.4984 245
14.5009 112
15.1359 158
15.2907 89
15.4458 145
15.6885 166
16.2409 102
16.45 190
16.5155 194
16.851 213
17.2958 217
17.4783 159
18.0339 125
18.3654 136
18.5049 136
18.5542 198
19.0358 247
19.2119 85
19.3076 115
19.6512 207
19.9281 233
20.0733 104
20.3049 193
21.1012 108
21.3441 87
21.6466 93
21.9469 113
22.0006 116
22.1714 101
22.2056 137
22.25 118
22.4306 184
22.4604 185
23.2969 126
24.283 122
24.5354 135
24.6359 169
25.6509 168
25.6873 209
26.0504 1
6958
1.7793 211
2.6121 196
3.1173 214
3.1577 125
3.7342 220
4.3883 128
4.7208 95
5.3544 151
5.99 142
6.1954 178
6.8871 128
7.1299 182
8.0719 102
8.1162 127
10.0818 208
10.2727 171
10.629 135
11.7142 140
11.7348 196
13.0645 165
13.7106 115
14.1005 207
14.1354 151
14.553 97
14.8955 120
15.1679 214
15.6064 223
17.1913 154
17.337 236
17.3648 99
17.5741 244
17.7755 123
18.365 135
18.7083 128
19.0508 247
19.1831 206
19.5138 220
19.5144 99
19.7168 239
19.8774 106
19.9638 186
20.6742 237
21.6374 208
22.0208 108
22.133 146
23.0446 166
23.7056 249
23.7925 108
24.0024 214
24.6503 193
25.3238 89
25.9525 156
26.3245 91
26.4999 224
26.8992 84
27.1875 144
28.4817 136
29.7293 125
30.254 1
3260
2.5724 113
2.9725 183
3.193 134
4.2075 234
4.466 111
4.7936 100
5.64 166
5.7805 119
6.2844 111
6.45 190
6.6304 218
7.1817 187
8.2727 247
9.2212 156
9.3417 168
9.6295 177
9.8694 150
9.8708 139
10.7783 112
11.3802 161
11.3829 234
11.9227 86
12.2438 245
12.7877 233
13.2746 151
14.311 166
14.6343 178
14.6492 229
14.924 234
15.9104 153
15.9726 193
16.1455 216
16.2892 193
16.305 104
16.9474 205
16.9828 196
17.3639 127
17.629 159
17.6792 239
19.3875 222
20.0561 178
20.8613 91
21.7329 196
21.9645 140
22.0047 190
23.3509 235
23.6282 1
2312
4.2582 113
8.2706 98
9.0602 105
9.7684 235
9.771 246
10.0429 238
10.136 232
10.8456 111
11.2939 116
11.3851 173
13.1476 195
14.3488 174
15.1459 157
16.7455 96
17.0284 228
17.2511 132
18.2723 170
18.3247 137
18.3928 215
18.9157 93
22.1001 157
22.4235 121
23.9023 184
24.4221 1
5878
1.5435 179
1.9284 219
2.564 207
3.3228 125
3.6581 177
4.3438 204
4.5328 184
4.5733 164
4.6548 133
5.2069 244
5.6516 237
5.7867 111
5.8266 162
7.0212 149
7.1279 100
7.1444 90
7.5184 201
7.6212 182
7.6774 161
7.8491 113
8.0342 241
8.5109 153
8.6346 170
8.6814 148
8.9829 166
9.5459 84
11.6455 166
11.751 178
12.0394 104
12.2155 178
12.763 229
13.3869 122
13.5265 147
14.0374 148
14.7244 106
14.7878 223
14.9586 190
14.9795 118
15.1964 93
15.2972 85
15.5806 135
16.1921 210
17.0518 198
17.1793 151
17.1878 109
18.3029 183
18.5207 105
18.9302 99
18.9494 227
18.9584 192
19.4198 220
20.1019 130
20.2331 108
20.7199 213
21.484 123
21.666 170
22.5482 233
23.4233 123
23.5436 186
24.3093 164
24.411 129
24.4213 85
24.8195 211
24.9282 89
24.9914 173
25.2527 200
25.9944 210
26.3241 169
27.1922 100
27.9257 1
5043
3.1289 122
4.2318 225
4.3235 242
4.7984 227
4.8594 112
5.0924 147
5.115 215
5.2076 157
5.241 217
5.9538 91
6.7746 234
6.9521 107
7.5405 89
7.7706 91
7.856 225
8.5663 157
9.4329 240
9.8977 195
10.1204 89
10.4314 170
10.7522 130
10.8237 88
11.213 166
12.7139 112
12.7377 170
13.3491 154
13.4103 116
13.5662 146
13.7828 158
14.6553 122
15.6232 145
15.9883 198
16.1612 86
16.875 236
17.1872 184
18.6331 93
18.9977 98
20.3166 221
20.7721 110
20.8324 204
21.3266 100
21.8382 124
21.9713 228
22.2279 229
22.3622 102
22.9733 156
23.8003 125
24.3688 93
24.643 104
25.4505 85
26.6113 178
26.7281 238
26.7853 102
26.9926 143
27.6375 160
28.7972 218
29.4627 161
29.4732 224
29.8268 1
4195
3.4719 93
3.9991 229
4.5577 191
4.6128 221
5.0233 104
5.4568 233
6.3487 84
6.3496 124
6.3563 168
6.8297 169
7.9507 155
8.3458 96
8.6457 141
8.9523 228
9.2099 224
9.3759 243
11.4672 101
11.7892 86
12.9714 180
13.281 209
13.999 179
14.3294 145
14.4871 175
14.9588 224
14.992 128
16.1785 90
16.5373 184
16.5515 181
17.14 189
17.1818 134
17.7676 189
18.6539 206
18.6918 185
19.436 197
19.7478 86
19.8264 105
20.2473 135
20.34 233
20.9064 100
21.0177 178
21.3939 247
21.5017 171
21.5465 108
22.0439 196
22.8073 209
23.0113 231
24.692 1
2335
3.0906 135
4.6986 246
6.3514 194
7.8822 188
8.5859 124
10.4116 134
11.75 189
12.1732 144
13.426 215
14.9542 209
15.2764 210
15.5907 164
15.7757 143
16.0367 221
16.8603 219
16.9378 234
18.5718 139
19.7439 97
19.878 94
21.6684 181
23.7646 195
24.816 185
25.8388 176
25.9989 1
5347
4.2768 90
4.6127 124
5.1534 206
5.3849 134
6.0882 144
6.7724 105
7.2251 158
7.4122 170
7.4752 243
7.7587 142
7.975 176
8.4984 189
8.5756 182
8.5876 224
9.2093 86
9.2726 116
9.5076 220
10.225 106
10.7792 165
11.3417 167
11.3599 193
12.1514 134
12.2531 130
12.4083 188
12.8389 190
13.0565 147
13.1278 233
13.1455 245
14.361 124
14.4583 118
14.5202 243
15.5132 240
16.1894 172
16.5422 110
16.6381 96
16.6559 179
16.9622 119
17.219 107
17.5341 111
17.8892 178
18.6301 228
19.2087 120
19.8382 137
19.8501 125
21.2535 138
21.3379 240
21.6658 154
22.1897 176
22.4342 183
22.6369 138
22.8315 93
23.1168 116
23.2054 212
23.2324 141
23.6251 102
24.1184 221
24.1528 219
24.1994 153
24.6634 159
25.2848 237
25.3422 244
25.3875 192
25.5764 161
26.0601 211
26.2426 207
26.4022 134
26.6542 244
27.2906 107
27.3708 88
28.1832 1
6448
4.6033 206
4.6095 222
5.0408 170
5.229 113
5.8152 88
5.8201 125
5.8223 120
5.8835 117
6.7463 139
6.7749 161
6.8583 139
7.8159 168
7.9019 96
7.9856 142
8.1427 90
8.4392 209
8.5564 223
8.682 121
9.6849 126
10.1168 173
10.3051 87
10.8785 214
10.9673 146
12.5192 227
13.9706 140
14.1012 217
14.7607 116
15.8902 195
15.9687 205
16.0045 198
16.1234 221
17.8561 192
18.0069 168
18.2246 205
19.0671 240
19.2713 108
19.4606 96
19.7635 173
19.8132 126
20.5319 200
20.634 193
22.1449 112
23.5671 227
23.7586 110
24.2988 170
24.7268 213
24.8056 106
25.4057 140
25.6852 92
25.7885 115
26.702 89
27.4146 169
28.581 198
29.0843 192
29.9172 172
30.0893 115
30.4291 102
30.6356 145
31.0533 1
5752
5.0001 170
5.116 143
5.3038 212
6.3929 199
6.7864 89
7.1307 164
7.2286 90
7.3118 116
7.528 227
8.5627 83
8.5841 95
8.9511 234
11.0282 209
11.1057 164
12.2309 127
13.1825 115
13.598 131
13.6578 151
14.6393 200
14.7581 129
14.8751 179
14.9553 90
15.3285 87
15.7483 204
16.0577 171
16.2275 199
16.6561 85
16.6798 119
16.9918 117
17.2295 162
17.2561 205
17.8862 121
18.0814 178
19.1726 234
19.6129 237
19.8139 249
20.1097 209
20.1389 110
20.2507 185
20.7154 158
21.5087 161
21.7072 237
22.043 115
22.383 234
23.7644 170
23.8697 221
24.3575 1
3040
4.6247 126
5.5497 137
6.5851 172
7.0968 137
8.9639 219
12.1727 123
15.4343 200
15.701 211
16.115 172
18.6721 118
18.859 114
19.123 242
19.5047 213
19.7666 166
20.6994 163
21.7529 92
22.6363 176
22.7352 120
23.3735 147
23.5975 127
24.4495 214
24.714 183
24.7503 100
25.2543 1
6452
3.6313 149
3.8871 167
4.0429 105
4.7948 155
4.8378 150
4.8833 94
5.3772 129
6.201 106
6.3784 177
7.0446 220
7.2769 234
7.7491 164
8.3173 172
8.9284 229
9.2095 216
9.7557 222
9.804 106
9.8613 164
10.1509 243
10.4466 99
10.6052 144
11.5259 191
11.5739 221
11.6405 84
11.8947 107
12.3779 210
13.5799 213
14.778 155
14.9883 150
15.325 217
15.3646 209
15.5147 141
15.6799 114
16.4909 156
17.0163 120
17.1691 193
17.5871 191
17.7876 122
18.0945 206
18.3282 229
18.6564 205
19.2938 119
19.6956 176
19.8504 87
20.165 116
20.2984 203
20.8131 184
20.905 205
21.0953 151
21.35 226
21.5231 101
21.7815 164
22.2133 97
23.0916 229
23.9121 200
24.2143 200
24.3835 151
24.7333 84
24.7449 153
24.8977 165
25.7756 141
26.2292 158
26.26 155
26.7969 182
27.5033 120
27.5536 181
27.7372 117
28.1548 169
29.1028 118
29.8996 1
9126
4.2745 198
4.295 91
5.2158 182
5.3787 96
5.4193 214
5.8662 126
6.3034 147
6.4639 93
7.1359 120
7.8757 140
8.5482 153
9.5992 141
9.767 213
10.4004 104
10.7724 167
11.2952 216
11.3856 101
13.113 171
13.9477 241
14.8189 239
15.2426 232
15.9439 150
16.0152 175
16.1353 219
16.3493 144
16.3701 218
16.422 131
16.5223 138
18.5401 101
18.6329 177
18.6858 162
19.6369 145
19.7534 136
20.8886 155
20.938 104
21.3637 219
21.4903 119
21.6361 176
21.9925 173
22.0081 177
22.0665 224
22.1583 247
22.5011 120
23.1344 209
23.5941 143
23.9332 105
24.364 118
24.4304 143
24.8288 221
25.5551 224
26.8689 167
27.8911 149
28.7668 219
29.828 245
29.8783 104
30.2451 87
30.2961 103
30.6129 241
30.7988 1
5492
5.4736 209
6.4771 191
6.7099 121
6.9885 246
7.2169 110
7.8069 85
7.989 96
8.4936 197
8.5683 203
9.1211 116
9.2382 85
9.991 166
10.297 100
10.7564 147
10.9061 167
11.7145 154
12.4108 176
12.4356 220
13.8727 108
13.8922 127
14.0306 241
14.7059 145
14.7759 153
17.8105 99
18.6093 146
18.8938 196
19.6802 172
19.9237 178
20.2 225
20.4628 233
20.5143 202
20.5792 176
20.8574 138
20.9381 192
21.8045 130
22.433 206
22.6697 137
22.8824 171
23.0372 124
23.3328 157
23.6118 115
23.6219 160
23.7594 133
23.8844 93
23.9213 232
25.2269 176
26.1797 1
3571
5.7369 216
6.5191 126
7.3401 111
9.2032 90
9.4835 192
10.6072 163
11.4885 175
11.4942 232
13.4065 108
13.8304 172
14.0965 231
14.3512 138
17.5486 223
18.432 243
18.811 102
19.0556 179
19.3707 164
20.3736 138
22.3113 101
23.3617 97
24.4462 155
25.9042 180
26.7382 249
27.1093 1
9803
6.5674 225
6.6108 141
6.8732 144
6.9021 214
7.0559 184
7.0979 229
8.2789 110
8.2951 154
8.6216 192
8.7819 112
9.4842 90
9.5181 137
9.8104 180
9.8126 148
10.114 194
10.1206 236
10.4388 184
10.7593 85
10.9576 163
11.0455 244
11.4382 146
11.6649 111
11.7551 242
12.1343 218
12.6669 127
13.1755 195
13.4455 160
13.7556 189
13.7957 166
13.8746 143
14.0626 96
14.3133 199
14.9407 220
15.4112 156
15.7151 142
15.7425 136
15.8056 186
16.0194 181
16.5599 114
17.3818 93
17.6612 243
17.7924 236
18.8058 110
19.0205 189
19.342 158
19.9636 188
20.2111 105
20.2167 221
20.9031 182
21.1141 231
22.2453 191
23.3055 127
23.4514 163
24.2157 196
24.3183 228
24.4085 182
25.1416 149
25.7075 113
26.2012 129
26.9175 126
27.2124 166
27.7433 206
27.7594 224
27.904 145
28.3711 212
28.5344 160
28.8808 177
29.2507 195
30.0631 231
31.1317 1
11220
6.8301 179
7.0144 214
7.142 206
7.2011 118
7.7683 245
8.1767 145
8.3706 121
8.6537 117
8.9518 215
9.5255 151
9.9481 171
10.0731 231
10.2364 93
10.7262 144
10.9746 117
11.1266 124
11.4737 111
11.7056 136
12.0167 164
12.1245 213
13.2861 211
13.387 151
13.5383 143
13.9749 138
14.4861 113
14.526 148
15.4491 128
16.2954 216
16.608 243
16.8901 214
18.2236 203
18.4021 196
19.6138 148
19.9767 189
21.853 172
22.2906 142
22.8033 240
23.0123 229
23.3166 167
24.2694 230
24.9205 135
26.3292 211
26.3589 174
26.4189 109
26.421 93
26.4684 98
27.3257 121
27.4599 188
28.3408 114
28.4564 248
28.4757 193
29.6805 159
29.8954 133
29.9569 172
30.4749 180
31.8493 201
32.1977 236
32.7704 122
33.3844 1498
7145
7.5963 194
7.9858 224
8.9838 145
9.8718 92
10.1153 162
10.1837 137
10.691 109
11.0424 132
11.0537 231
11.9422 176
12.2159 111
12.2275 111
12.4486 191
12.5666 246
12.9524 209
13.6034 138
13.6901 138
13.8866 174
14.9535 116
15.0321 234
16.304 97
16.3048 193
17.1589 146
18.1091 116
19.0324 218
20.5908 216
21.3717 175
21.727 214
21.7351 122
22.052 240
22.496 175
22.7509 156
23.3247 131
23.378 87
24.4463 98
24.5083 160
24.8982 94
25.1371 124
25.87 190
26.2366 222
26.2711 222
26.7565 174
26.8324 170
26.9565 124
27.2637 135
27.3342 199
27.3598 1
4089
8.6289 157
8.6313 145
9.0948 142
9.1367 91
9.1874 209
10.6816 179
11.5186 126
11.8329 134
12.9683 90
13.3094 217
13.75 186
16.4052 149
18.1924 224
19.4954 159
19.9147 106
22.7574 98
23.9614 152
24.8826 239
26.3882 243
27.5907 139
28.8754 206
29.0994 223
30.3241 208
30.6072 268
10191
8.387 120
8.9376 168
9.1287 224
9.1992 186
10.0883 217
10.7583 89
10.7731 101
10.9874 158
11.6737 184
11.9479 211
12.021 136
12.3263 101
12.6392 145
12.9571 225
13.0839 190
13.2699 184
13.2715 89
13.7744 99
14.0616 237
15.1498 221
15.1817 197
15.2647 135
15.3599 131
15.8592 219
16.0794 182
16.3677 92
16.9678 232
17.587 109
18.5419 103
19.1716 202
19.442 235
19.567 234
19.8082 136
20.0613 104
20.5737 134
20.858 195
21.006 135
21.1394 212
21.1822 189
21.514 151
22.2566 94
22.3109 168
22.357 174
22.4381 126
22.4732 217
22.9284 211
24.6416 103
24.9566 180
25.2951 204
26.1053 107
26.4756 116
26.7556 193
26.8141 147
26.851 110
26.9412 94
27.7226 225
28.3921 215
28.523 191
28.9323 134
29.8541 156
30.4778 153
30.5076 226
30.6006 97
30.9704 240
31.4756 246
31.8005 171
32.1159 180
32.5099 155
32.555 100
33.7746 1
9753
7.8251 128
9.2041 168
9.2769 113
9.3008 145
9.604 121
9.8021 193
11.3445 176
11.3759 220
11.7058 223
12.3485 187
12.5013 89
12.994 237
13.2891 234
13.3001 182
13.6725 185
14.1964 140
14.2846 101
15.5934 123
16.2517 228
17.4809 183
17.5996 222
17.8429 85
18.8823 157
19.0662 138
20.1947 89
20.6958 174
21.1443 180
21.4865 144
22.1233 159
22.3928 134
22.6819 204
23.0798 106
23.9591 197
24.0176 123
24.7482 89
25.372 190
25.4542 226
25.7369 181
26.0564 163
26.7553 170
26.7567 95
27.3091 221
27.3773 110
28.0151 151
28.1703 248
28.2072 102
29.1637 89
30.1573 195
30.3139 141
30.6317 149
30.6663 236
30.9141 229
32.0426 155
33.7703 164
34.3505 185
35.2446 134
35.5351 203
35.9603 108
36.0811 332
7412
10.3927 159
10.9752 206
11.4218 106
11.9223 102
12.7745 102
12.978 165
13.053 209
13.7437 167
14.5035 154
15.6733 241
16.1048 191
16.6189 115
16.6287 241
17.1433 188
17.169 122
17.8206 158
18.8393 232
19.0569 175
19.1271 141
19.532 166
20.1506 109
20.7964 153
21.6365 232
21.6535 131
21.8452 100
21.8564 193
22.2932 233
23.1121 168
23.1255 186
23.5785 85
23.7609 230
23.7952 220
24.0072 245
24.1615 167
24.2892 130
24.3593 104
24.6241 227
24.9939 123
26.3179 88
26.499 219
27.2908 112
27.7885 237
27.9389 119
28.1372 146
28.4378 93
28.6552 233
29.8654 1
4143
10.914 165
11.03 176
12.6749 168
13.7715 176
16.6507 204
18.0292 91
18.696 96
20.1773 168
21.6908 185
22.048 107
22.3673 84
23.0276 204
23.1384 228
23.6611 111
23.6884 103
23.7128 149
24.0303 173
24.6184 120
24.9607 190
27.5246 120
27.9603 109
29.0275 125
29.6257 147
30.5864 745
9971
9.9672 108
10.0148 145
10.0626 142
10.5294 242
11.1792 209
11.6042 123
11.9327 148
13.3261 204
13.7751 98
15.3152 178
15.381 228
15.6378 237
16.4827 233
16.7118 93
16.822 191
16.8389 130
17.236 175
17.3975 239
17.5116 121
17.7012 167
17.7381 116
17.9287 103
18.3014 210
19.0427 86
19.2816 160
19.5973 227
19.8998 221
20.1807 233
20.5464 156
20.9638 109
21.2139 93
21.6049 112
22.1966 178
22.3565 119
22.4536 210
22.9417 144
23.4044 218
23.8988 166
24.1421 229
24.6872 183
25.033 161
26.0848 100
26.1222 176
26.4596 224
27.5061 222
27.7856 191
28.0049 202
28.1491 188
28.6452 208
29.2067 221
29.2441 126
29.2472 227
29.4506 121
29.5103 239
29.5937 246
30.0587 97
30.1348 188
30.1967 110
30.5809 120
30.9609 158
31.2435 238
31.4246 143
31.6569 154
32.2383 87
32.2561 139
32.3615 189
32.929 87
33.1871 228
33.3913 182
34.5167 1
12151
9.7656 165
10.095 202
11.1457 208
11.7323 152
11.9353 114
11.9983 164
12.0888 148
12.1186 239
12.15 90
13.2978 126
13.4555 112
13.5801 133
13.9376 128
13.9562 237
15.0976 90
16.5465 105
17.5 84
17.9872 235
18.122 225
18.3898 191
19.4382 221
20.3764 96
22.0056 93
23.5764 105
24.8888 202
25.4213 100
25.9534 243
26.8894 178
26.9211 226
27.2726 217
27.4296 170
28.1871 92
28.2526 179
28.4975 121
28.6253 222
28.8421 155
29.2829 201
30.8444 122
31.1121 179
31.2076 248
31.9189 193
32.3932 238
32.4842 113
32.5119 216
33.624 119
33.6948 224
34.1704 191
34.5733 187
34.8107 213
35.007 106
35.3227 192
35.4211 95
35.7734 214
36.1839 232
36.3508 184
36.7074 225
36.9068 194
37.054 134
37.5108 2364
6264
9.796 243
10.5362 193
11.8148 101
12.3994 120
12.7431 106
13.1372 99
13.3436 226
13.6597 198
14.2716 160
14.6792 106
16.2051 234
16.5263 152
16.8838 155
17.2453 173
17.6119 171
17.9095 154
17.9371 239
18.5495 131
18.7619 236
19.1469 88
19.7272 112
19.8056 193
20.5834 143
20.9452 119
21.0389 181
21.5318 84
22.0958 228
22.3244 141
23.0923 96
23.3851 109
23.3852 116
24.0968 187
24.2746 185
24.5516 183
24.934 89
25.0652 178
25.4633 173
26.1921 105
26.3279 247
26.4692 198
26.5539 116
28.1269 154
28.1347 115
28.3568 231
28.9126 102
29.0492 240
29.4053 1
5256
9.7918 232
9.8462 90
11.5134 188
11.5221 152
11.9177 247
13.1241 106
16.3716 210
19.3728 168
19.9037 141
22.351 191
22.5485 139
24.4071 190
25.5884 101
25.8559 177
26.1164 124
26.472 163
26.6163 140
27.5331 108
28.1736 209
28.6013 206
29.5609 228
29.7389 84
30.5693 104
32.0947 1559
11245
9.611 230
9.8193 114
10.2627 120
10.2743 133
10.352 189
10.5593 110
10.7991 172
11.1052 203
11.3295 89
11.4654 212
11.7312 102
12.0313 232
12.0734 218
12.1135 158
12.6202 123
12.6435 190
12.7182 239
13.0725 179
13.164 207
13.5464 227
14.0415 246
14.4242 233
14.4783 242
14.7477 101
14.9543 240
15.0838 174
15.97 106
16.1078 179
16.1631 242
17.4144 160
17.58 180
18.2015 103
18.4779 185
18.7663 176
19.105 154
20.0813 244
20.1881 109
20.5587 124
20.6077 183
21.5033 190
21.8554 214
22.5066 115
23.043 192
23.1042 194
23.2624 144
23.3086 116
23.609 186
24.2533 146
24.739 93
24.7567 135
24.7869 102
25.0578 142
25.0685 127
25.1801 98
25.682 214
26.6257 210
26.7643 220
26.8716 201
29.5644 156
31.9931 110
32.0156 131
32.298 120
32.3516 165
32.7903 191
33.154 178
33.2985 86
33.4227 90
33.6484 134
33.8161 152
34.3227 1
9956
9.7063 192
10.1924 215
11.1297 116
11.7878 193
12.3131 211
12.9135 198
13.0175 194
13.246 185
13.7421 190
13.7961 212
14.8252 84
15.0885 156
18.2534 120
18.3383 213
18.4969 206
18.7243 155
18.7675 176
18.8412 128
18.8762 208
21.2107 93
22.0062 179
22.1142 217
22.4361 185
22.4907 109
22.5318 157
22.6891 186
24.5156 136
25.1334 168
26.4139 120
26.6297 130
26.9473 237
27.0831 104
27.2346 154
28.195 238
28.3912 185
29.0208 166
29.0908 203
29.4179 177
29.5748 98
29.8257 135
30.1019 150
30.1095 147
30.1851 195
30.8102 110
31.0958 132
31.1818 215
31.3131 163
31.9404 221
32.7482 149
33.8591 172
33.868 136
34.1056 175
34.1723 113
34.6593 130
36.084 138
36.4909 109
36.7506 218
36.7928 231
37.1175 324
6578
9.454 162
10.6466 97
10.8467 86
11.5566 233
12.1986 129
12.5781 141
12.6806 244
13.9139 84
13.9603 206
14.3065 86
14.4451 171
15.5224 183
15.7094 104
16.0351 168
16.2629 160
16.8773 245
17.3223 172
18.0179 162
18.3473 180
19.388 240
19.5478 127
20.0425 95
21.2418 247
21.5368 201
21.5638 147
21.8126 178
22.5445 244
22.7199 98
22.9886 204
23.671 210
24.2349 185
24.3568 88
24.6931 176
24.7176 180
25.0844 184
25.6159 180
25.6722 196
26.7548 119
27.3712 83
27.636 110
27.6454 116
27.7323 207
27.8888 198
28.0662 248
28.1386 117
28.9863 96
29.2494 1
4453
11.1233 130
11.4884 230
12.1253 97
14.2195 215
14.4437 200
14.6477 102
16.8758 163
16.9057 97
17.0909 189
17.9058 126
20.5184 182
21.4278 182
21.4333 187
22.1183 98
22.4133 202
24.1454 169
24.6784 183
24.9047 236
26.0373 114
30.2613 99
30.579 244
31.5707 166
31.6491 190
31.6828 653
9369
10.145 195
10.9625 115
11.7732 161
11.8615 213
12.164 199
12.4901 154
13.5928 238
14.0558 224
14.4425 157
15.3149 212
15.3545 211
15.563 135
15.5921 94
16.4468 106
16.6202 192
17.4431 179
17.452 176
17.7671 128
18.2027 149
18.4883 182
18.5698 241
18.575 211
18.9781 205
18.9792 148
19.3754 125
19.5393 193
20.023 249
20.3242 246
20.6744 108
20.7891 129
21.4208 171
21.4328 142
21.6539 224
21.691 232
21.8992 93
22.2179 248
22.4925 220
22.7493 210
22.9591 153
23.5391 200
23.9716 229
24.3194 207
24.4388 98
24.6411 216
24.9121 238
24.9524 219
24.9744 204
25.5335 159
25.5465 156
25.8404 196
26.6017 223
27.1643 164
27.3218 133
28.045 184
29.3572 128
29.3818 134
29.6151 95
29.9632 185
30.1345 134
30.274 88
31.3786 183
31.6035 91
31.9246 143
32.0696 153
32.1557 112
32.2135 182
33.1248 205
33.2913 140
34.2912 199
34.5946 1
8646
10.6763 188
11.3824 105
11.6219 223
11.9706 123
12.5643 99
13.0444 112
13.3132 146
13.5652 190
13.7734 118
14.0844 108
14.2808 247
14.6676 168
15.0982 158
15.2116 109
16.2294 222
16.3086 223
16.9322 127
17.4884 152
18.4658 145
18.7428 172
18.8013 101
19.0676 231
19.8585 127
20.0395 224
20.4771 157
20.7972 225
21.0191 191
22.6582 225
23.3054 132
23.4628 106
23.7064 217
24.3409 146
24.5429 120
24.86 215
25.5037 235
25.6234 132
25.971 207
26.459 150
27.9409 147
28.3654 248
28.8607 114
28.992 247
29.1264 185
30.1842 126
30.2228 184
30.4684 88
30.6947 117
31.1314 112
31.234 132
31.2525 188
31.2803 184
31.7416 246
32.4174 159
33.3376 124
33.9086 222
34.1626 155
35.1387 216
35.3282 105
35.9216 1
6484
9.5628 183
9.7236 221
10.3726 204
10.7222 220
10.9273 231
11.7899 101
12.114 123
12.305 85
13.2603 221
13.3703 224
14.0524 203
14.5201 109
15.3271 228
15.3897 177
16.5077 185
16.7636 196
16.8149 171
16.8813 158
17.4404 206
17.5775 105
18.4443 214
18.5649 208
18.8027 147
19.5839 124
19.6534 110
19.6951 116
19.7697 174
19.8028 143
20.5183 106
20.6411 101
21.2759 110
22.0631 210
22.2224 97
22.4131 164
23.1425 194
23.9661 244
24.0422 91
24.4795 194
26.1327 130
26.443 174
26.6633 127
26.6989 149
26.7439 205
26.9299 218
27.1904 208
28.5339 233
29.0428 1
3318
10.5419 159
13.0824 154
13.354 164
14.4906 216
14.7047 233
15.067 137
16.2378 106
16.905 157
18.5513 157
18.6766 217
18.8906 212
19.9377 107
21.681 181
21.7148 89
22.595 164
23.4174 89
23.925 184
24.1505 101
24.8015 162
27.6518 163
27.7761 84
27.9952 84
28.5561 169
28.8494 1
7705
9.9315 88
10.4543 228
10.9125 132
11.0882 87
11.1923 176
11.6026 111
12.5865 180
12.7665 205
13.0684 236
13.2623 102
13.6344 123
13.6898 159
13.7122 137
14.3669 106
14.3783 192
14.823 173
14.8416 235
14.887 185
15.0162 178
15.0675 205
15.0693 187
15.7304 136
17.354 148
17.4181 137
17.8077 241
18.6928 160
18.7896 113
18.7999 117
18.8225 121
19.3442 93
19.3721 188
20.1496 152
20.2043 91
20.2053 245
20.2766 128
20.9315 152
21.2218 134
21.8457 169
22.0162 169
22.0377 192
22.0748 96
22.0853 247
22.0872 208
23.3696 198
23.501 195
23.8077 115
24.0939 179
24.9331 168
25.6409 145
25.729 155
25.8185 241
26.5383 143
27.0723 159
27.1864 156
27.4265 132
27.9453 159
29.1801 169
29.227 201
29.3863 196
29.8674 163
29.8852 100
30.5031 130
31.061 96
31.5345 100
31.7444 225
32.1947 172
32.2614 145
33.5001 137
33.7424 124
33.8718 1
8459
10.3695 92
11.3801 183
11.7487 106
12.3214 169
12.5288 159
12.6705 87
13.5631 92
13.8554 96
13.8603 143
13.9004 176
14.0574 226
14.5658 88
14.6079 219
14.6955 88
15.2711 245
15.517 161
16.0935 185
16.1673 144
17.0681 240
17.5061 168
18.0387 151
18.2293 217
22.0571 112
24.642 102
24.7126 195
24.7411 115
25.1709 224
25.4506 139
25.7124 129
26.2597 117
26.5727 153
26.5942 138
26.6418 187
26.7639 167
28.1716 184
28.3972 165
28.7784 197
28.9824 183
29.4318 158
29.8607 178
30.0101 159
30.4787 138
30.8 215
30.9341 119
31.7835 128
31.8248 200
31.8387 137
32.5276 103
32.8506 127
32.9042 198
32.9809 157
34.0078 245
34.3211 218
35.3242 194
35.4978 153
36.1104 150
36.4853 153
37.1742 151
37.4361 1
5080
10.1003 191
10.1681 110
11.1315 219
11.463 184
11.8735 158
12.317 182
13.112 185
13.6635 213
13.7937 204
14.2477 105
15.1931 143
15.2877 96
15.8073 144
15.8794 246
16.1885 145
16.4938 206
17.09 184
17.1682 206
17.7223 166
18.1315 129
18.5397 154
19.2042 99
19.2613 137
19.3589 99
19.5003 138
19.7617 245
20.4384 213
22.3098 240
22.3986 178
23.5928 91
23.7024 120
24.2256 89
24.4124 133
24.5628 183
24.5784 154
24.9957 128
25.1395 205
25.4769 215
25.4924 214
25.5674 161
25.7522 154
26.3672 133
28.1078 158
28.3967 248
28.6926 131
29.0706 101
29.3683 1
3487
10.4926 105
11.8342 204
13.3536 172
13.9791 138
14.9014 159
15.2238 165
16.1457 101
17.6675 149
18.0217 246
18.5301 239
19.0018 106
19.9136 89
21.0764 248
21.3201 103
22.8312 148
23.885 185
24.5821 209
25.0169 111
26.8568 112
27.3749 158
29.1811 155
29.6827 208
29.9553 111
31.69 1
8293
10.2114 190
10.8351 214
11.6339 232
11.7587 237
12.0262 237
12.0583 125
12.1061 140
12.5079 234
12.7145 219
12.8956 233
13.2436 230
13.665 157
14.6509 94
14.6688 133
14.8629 167
14.9061 94
15.1213 108
15.4575 153
15.5717 112
16.3428 165
16.3844 196
17.0303 134
17.121 218
17.3802 107
17.5009 237
18.5535 206
18.7338 248
18.9232 225
19.5012 183
19.7658 85
20.4157 185
20.4278 217
21.1769 85
21.2765 123
21.6492 166
21.7401 138
21.7563 202
21.9287 222
21.9711 116
22.3361 205
22.7854 213
23.0435 160
23.0517 189
23.6788 150
24.0145 87
24.5998 114
24.8117 216
24.9098 179
25.0599 210
25.0813 240
25.3759 144
25.776 177
26.3119 233
27.8894 213
27.9348 107
28.1465 158
28.3801 141
29.137 95
29.4119 176
29.5624 106
30.1103 176
30.8242 137
30.8745 92
31.1472 138
31.536 126
31.9353 87
32.3301 177
32.8656 201
33.9385 150
34.0335 1
8947
9.5372 169
9.556 149
10.5877 90
10.6179 115
10.6241 184
11.2553 136
11.2752 198
11.3317 216
11.6457 175
11.846 146
12.7702 224
13.0978 249
13.4298 232
13.5143 229
13.6005 235
14.3298 181
14.8711 96
15.0723 235
16.5582 144
16.829 202
17.3527 131
17.994 99
18.1439 105
18.7688 167
18.9586 242
20.227 151
20.5622 248
21.9392 177
22.2149 117
22.4693 202
23.7166 141
24.5665 235
25.4364 226
26.4763 84
26.6343 85
27.419 95
28.1434 230
28.2188 140
28.6346 105
28.6659 129
29.2106 176
29.5674 134
29.5954 99
29.6171 151
30.6208 205
30.6889 156
31.9461 102
32.8671 125
33.3984 236
33.8043 102
34.0354 179
34.5666 92
34.8056 217
35.2333 171
35.6 203
35.8597 94
36.4233 213
37.1841 177
37.2811 1
