24 100 10 4
0 1 0 1 
1 0 1 1 
0 1 0 1 
1 1 1 0 
0 214 0 555 
214 0 190 463 
0 190 0 521 
555 463 521 0 
20 14 35 31 
1536
12.103 245
14.0636 105
14.757 224
16.4379 164
16.523 127
16.7968 236
17.3467 176
18.1276 213
20.4301 152
21.6171 137
21.728 229
22.7573 152
24.2044 113
25.7131 192
26.7643 206
28.4792 234
28.5738 195
28.8324 136
29.1423 115
29.507 1
1155
9.3329 240
9.9139 103
11.82 94
12.5493 124
12.6481 92
13.9888 176
14.7619 139
17.0254 226
22.6572 96
23.7863 106
24.032 179
24.3615 112
25.3952 210
27.0431 1
3878
10.0834 223
11.4317 134
11.7385 193
11.9014 154
11.982 153
12.0312 191
12.8034 184
13.0393 171
13.3008 102
13.6588 221
13.8675 158
14.6683 133
15.7838 162
16.4498 230
16.5625 198
17.6389 225
17.9905 232
18.7371 248
20.1936 100
21.5684 157
21.6821 111
21.6948 183
22.8761 177
23.023 115
23.278 110
23.5791 237
24.5771 98
25.7112 231
27.8279 144
28.1762 214
28.604 215
28.9792 165
31.4436 166
33.0868 90
33.6741 1
3145
9.4165 130
11.4424 84
11.6555 125
13.3833 213
13.7029 186
14.23 189
14.9876 117
17.5994 200
17.7703 242
17.8327 87
17.9586 158
18.6309 150
19.0942 167
20.3908 214
20.9445 204
21.9174 245
23.6082 194
24.5913 196
25.7805 163
28.2043 128
28.7483 154
30.0679 116
31.2054 202
31.4288 96
31.6595 141
32.7724 97
32.9736 198
33.0797 226
33.1998 152
35.9468 140
37.1996 1
1196
9.6517 171
10.8494 235
11.9195 137
12.9879 184
13.5219 95
14.0426 163
15.2936 175
16.5613 238
17.4363 201
18.2457 187
18.2708 156
18.4497 179
20.8195 122
22.883 212
24.9106 217
24.9803 173
25.0409 174
26.1581 182
27.545 221
29.3677 1
818
10.2516 193
11.0772 164
12.5971 206
14.2119 100
16.1053 173
17.7135 99
19.4441 163
20.6926 143
20.744 191
29.2873 110
29.4859 170
29.5238 235
31.3373 117
31.7824 1
2747
9.3469 107
10.7998 194
12.3814 167
13.009 92
13.27 130
13.6559 210
13.9949 95
16.276 182
17.2507 227
17.4809 94
17.6022 170
18.21 174
19.2194 218
19.3461 185
19.5362 214
19.6663 102
19.6919 94
20.6612 152
22.5028 184
23.0909 206
23.9093 209
25.6634 89
26.1158 150
26.388 180
27.1668 148
28.5306 84
29.0304 172
30.5874 145
30.9149 201
31.1911 240
32.0022 227
32.5097 84
32.9847 130
33.3353 112
33.5788 1
2294
10.2305 237
10.4647 85
10.8793 107
13.3309 194
14.0889 202
14.3319 142
14.7661 154
14.9519 143
15.0571 93
15.2819 178
15.9063 141
18.3114 248
18.7234 140
19.5586 160
19.6527 247
20.2453 206
21.115 200
25.1238 207
25.1828 186
25.9438 222
26.6811 105
27.459 204
28.1259 146
29.616 176
29.9872 226
30.3116 207
30.8192 191
31.7695 242
32.5453 153
33.3732 87
35.9255 1
1180
10.5832 163
11.4372 221
12.6642 224
16.5762 179
16.822 129
17.0272 178
18.0536 217
18.1975 123
18.7521 128
19.44 193
20.5061 205
21.0188 83
22.4636 187
25.7951 165
25.8672 193
26.4412 210
26.5416 88
26.8329 84
27.1474 112
27.8391 1
706
10.2006 173
16.4179 182
16.4814 86
17.883 237
20.362 199
21.3885 204
22.2901 238
23.1576 101
24.8099 167
27.0554 121
27.3996 124
29.0132 87
30.5915 193
30.6486 1
2244
10.7158 180
11.6349 131
12.3138 238
14.4339 186
14.6285 204
15.5923 238
15.8353 217
16.2195 237
16.8871 108
17.092 126
17.2676 228
17.6784 223
18.8544 210
18.9032 202
19.5621 225
21.0775 162
21.3535 100
21.4483 204
24.3807 124
24.3878 184
25.3637 176
26.2645 148
26.6578 192
28.2439 147
30.0294 99
30.1088 226
30.7 224
31.8083 130
31.9646 176
32.4874 105
32.5665 206
33.0925 159
33.1572 147
33.812 238
34.0854 1
2091
10.3225 92
10.876 218
11.8646 139
12.6755 196
12.7909 221
13.3313 186
13.8771 123
15.5757 199
19.5043 192
19.9583 235
20.2683 132
20.4248 89
20.5455 112
20.5947 244
23.6029 188
23.6169 152
23.7172 197
24.7318 138
25.1979 103
26.0276 182
27.6068 235
28.0347 96
30.0819 146
30.8841 161
31.3046 183
32.5891 240
32.8746 223
32.8806 244
34.0324 162
35.663 151
36.2129 1
1081
9.9579 148
10.16 103
13.0225 218
14.4501 224
14.6536 191
14.9571 243
20.1755 187
20.439 238
20.6681 217
21.2122 232
22.1156 145
22.2004 99
24.0709 107
24.851 189
25.7144 214
25.7446 156
25.8518 214
25.9432 196
26.9876 117
27.5998 1
724
10.8889 214
11.8601 103
11.8649 169
13.9602 104
18.0955 193
21.1466 180
23.1348 200
26.0007 193
26.2611 173
26.6678 207
29.9578 241
30.1748 138
30.2735 130
30.4922 1
2430
11.6394 115
11.9489 104
13.5797 191
15.0937 244
15.6293 164
15.9297 240
16.002 143
16.7238 158
16.9259 125
17.2384 208
18.6319 248
19.3635 137
20.0368 230
20.2514 124
22.0313 86
22.5289 105
22.8689 95
23.413 154
23.6145 204
23.9755 96
24.1179 179
24.2048 126
27.7865 140
28.5347 216
28.638 228
28.9851 195
29.8847 207
30.0083 240
30.1596 177
30.4147 223
30.8222 108
31.2332 227
32.0429 90
33.4031 87
34.1254 1
1910
10.1705 212
11.1336 91
11.6172 185
15.6075 135
15.6076 165
15.7761 132
16.2167 149
16.2173 152
17.1325 104
17.5346 206
18.0504 140
18.9601 99
20.041 219
20.2214 119
20.8791 203
20.9621 182
21.3314 89
23.1046 240
23.5389 244
23.5537 205
24.9063 98
25.3668 199
25.8627 115
27.3487 160
29.094 165
30.7617 125
31.1001 220
31.4395 104
31.9242 162
32.9175 183
36.6361 1
1391
10.215 219
10.2842 100
10.6388 201
11.6396 111
12.7834 197
13.518 165
15.1717 172
15.2679 215
16.0501 145
18.5223 167
18.6008 180
18.9416 179
19.1554 159
20.1419 136
21.2837 129
23.1173 206
23.2827 208
23.7174 219
26.3559 138
26.419 1
889
10.4088 131
10.5927 172
11.6612 184
12.1786 214
12.5208 185
15.8347 150
16.2437 196
17.3395 233
17.4136 233
20.0343 191
21.9838 103
27.3402 184
27.6353 180
32.0006 1
3129
11.9699 162
12.869 107
12.9375 100
13.9872 185
14.7432 118
15.1771 175
15.4257 114
16.2618 216
16.4615 178
18.1802 230
19.0938 132
20.6459 108
20.8144 242
21.6742 185
21.9664 115
22.4328 118
23.9903 112
24.1043 199
24.3299 210
24.8698 132
25.7097 119
26.0738 109
26.3128 229
26.4026 196
27.3721 87
28.292 223
28.8347 98
29.3189 101
29.5018 200
30.1649 176
30.4429 90
31.0537 152
31.2833 123
32.9309 99
33.7965 1
2913
10.4049 129
11.2983 201
12.9354 105
13.8492 168
14.2407 244
14.5653 205
15.4525 237
16.2861 246
17.6639 93
18.9138 220
19.2163 161
19.2814 119
21.3969 158
22.6829 111
24.3989 183
25.3827 171
26.0826 110
26.2801 216
27.293 204
27.2974 87
28.3987 163
29.374 212
29.5069 189
29.5527 180
30.3445 235
30.3984 152
30.6641 199
30.8455 224
33.3486 88
33.5453 149
35.4111 1
1959
11.0076 112
11.2675 95
11.56 148
13.2979 204
13.5446 167
13.8932 97
15.0269 214
18.0798 194
18.2927 180
19.1561 110
20.972 86
21.1801 222
23.4484 114
23.7303 114
24.582 178
25.0141 184
25.374 90
26.187 113
26.3152 234
27.5037 1
1056
12.0555 178
12.4829 149
13.9781 124
14.0502 143
14.1926 101
17.7327 185
19.6123 169
20.1249 138
20.3266 138
21.7535 153
23.0195 147
24.4988 160
25.3448 95
25.73 1
4105
9.9202 172
11.6164 134
11.8766 142
13.3567 107
13.6096 113
14.272 248
14.3512 126
14.4067 186
14.7049 173
15.2423 226
16.7106 240
17.1055 113
17.1198 93
18.1518 111
19.5488 192
20.7667 190
20.9502 104
22.9724 145
23.3216 114
23.5173 127
24.8891 109
25.4453 213
27.0028 95
27.337 248
28.1602 160
28.5993 132
29.0755 248
29.4511 142
30.3679 129
30.4416 120
30.4988 204
30.925 97
31.2977 122
31.5682 147
33.7247 1
3379
10.5236 203
11.1247 120
11.8434 201
14.0171 145
14.5562 152
15.1581 133
17.5381 144
18.3082 145
19.8319 205
20.3292 95
23.4684 224
23.623 183
23.7834 121
24.1895 196
25.1302 90
27.1365 101
29.6636 201
29.6988 216
29.8337 145
30.16 118
30.4077 246
30.4169 164
31.6363 204
31.6524 114
31.6801 113
32.1781 146
33.1517 92
33.2197 188
33.3497 221
34.3658 99
37.1608 1
2417
10.6416 118
11.856 225
13.6279 239
13.8391 83
13.9846 99
14.2749 155
14.5011 180
15.7339 168
16.4648 197
16.5593 244
16.8846 87
17.3344 211
17.7927 210
21.2035 200
24.4508 126
24.8679 101
24.9163 201
25.6727 84
26.5947 210
27.2058 1
1352
10.3755 244
12.4183 228
12.6999 217
15.0829 100
15.9685 153
17.638 193
17.642 220
18.5475 107
18.9962 214
22.548 243
23.0116 188
26.2338 86
28.0681 211
29.587 1
5161
9.9295 85
11.0897 131
12.7922 223
12.9402 239
13.7146 134
15.3789 239
16.6128 197
17.6266 154
17.8062 211
18.0806 133
19.2141 144
19.4763 222
19.9457 246
20.1866 194
20.6744 143
20.7825 85
21.0348 88
21.5242 183
21.8396 128
21.8787 130
22.2701 223
22.7372 192
23.2737 157
24.1988 149
25.7295 133
27.048 229
28.8892 87
30.3802 216
31.395 144
31.6408 113
31.8105 139
32.4638 142
32.7271 174
33.0921 155
34.1482 1
3677
9.558 148
10.508 224
10.7632 109
13.6187 189
14.9308 91
16.1198 117
17.4924 95
18.645 132
18.6502 161
19.3998 167
20.1663 156
20.5051 117
22.9212 150
23.3359 145
23.9157 104
24.4511 169
24.6773 146
24.7432 114
24.9242 164
25.1448 148
26.4995 125
26.7889 151
27.6194 172
28.183 163
29.3026 112
30.627 226
31.2215 167
32.1464 195
35.2961 156
36.3527 153
36.6119 1
2752
9.5887 93
13.8521 186
14.6119 187
14.8573 180
14.9828 113
15.1157 154
15.7786 163
16.0124 192
18.6954 165
21.4721 98
21.8363 87
22.1248 179
23.4313 207
24.5126 110
26.0577 138
26.8678 212
26.9355 160
27.2418 104
27.7064 213
28.0092 1
1603
8.0857 102
8.8178 191
13.536 95
14.3166 216
14.8099 244
14.8705 197
15.0931 234
15.8443 215
16.7278 222
18.1293 108
18.513 121
22.3194 112
24.1125 169
25.6995 1
6089
7.9716 93
8.4443 157
8.8813 113
9.1772 124
9.5809 127
9.9983 216
11.5451 196
11.6056 188
12.4661 238
13.5284 125
13.9219 222
16.6874 161
17.3032 242
17.9631 193
18.1462 186
18.3381 209
18.3591 139
19.0334 229
19.445 226
20.4824 213
20.9231 200
22.4262 86
22.7972 86
24.2371 221
24.3191 121
24.3532 186
25.1304 107
25.4953 113
25.6905 164
25.9359 140
26.9035 184
27.8654 142
29.8973 162
30.9317 133
31.6327 448
4220
9.0509 157
9.9533 147
10.3077 151
10.6846 203
11.2926 86
11.569 120
12.6306 190
12.7684 191
13.3657 228
13.7635 95
14.8512 95
15.3057 95
16.4016 240
16.4402 96
17.0799 114
18.9621 107
19.9017 123
20.8259 195
21.5459 137
22.1345 197
23.698 201
25.7479 238
25.8646 125
29.8672 187
30.2764 167
31.2834 102
31.6463 104
31.8958 124
32.1819 134
33.214 113
34.2918 1
2810
8.85 241
10.7906 87
12.8731 249
14.4943 116
14.6013 125
14.9671 135
15.5415 162
16.4207 205
16.6037 130
18.8699 219
18.9215 148
18.995 85
19.6387 210
21.6165 164
22.7311 210
22.9571 90
22.9632 149
22.98 179
23.5601 235
27.2818 1
1535
8.6403 85
9.6004 160
10.1128 127
10.5595 149
15.6048 151
16.1646 154
18.9181 98
20.5496 171
21.0545 127
23.6736 235
25.1297 98
27.2592 224
28.2308 186
29.5789 1
5976
8.4537 91
10.628 220
10.8453 104
13.6194 105
14.1443 230
14.9689 244
15.0676 203
15.1357 134
16.2988 186
16.3655 181
17.759 218
17.781 188
19.9959 191
21.136 97
21.3313 177
21.8399 203
22.4034 99
22.4707 107
22.5571 116
23.0121 124
23.2385 211
23.7852 101
24.1394 160
24.7327 117
25.2004 185
26.2649 176
26.8079 190
26.984 249
29.3077 149
30.4316 153
30.6824 98
30.7109 171
30.8471 94
31.297 148
33.4338 557
5576
9.2452 115
9.3756 100
11.2264 121
15.1054 243
15.1517 108
15.2371 211
16.6152 123
16.8149 153
17.4443 176
20.2352 152
21.1962 233
22.1207 241
22.436 152
23.3709 162
24.1731 181
24.1812 154
25.0291 245
25.2184 188
25.7706 184
25.8147 112
26.4647 97
27.5639 91
28.1561 127
28.7266 115
28.7484 132
30.2243 181
30.7814 199
31.242 236
32.7688 200
33.8958 188
34.3896 657
3057
8.8709 201
9.2167 223
9.8402 87
9.8948 177
9.9149 200
10.4967 231
11.2168 147
12.2389 149
13.9561 179
14.2478 193
15.3267 86
15.6854 160
16.3955 133
17.4936 85
19.0404 212
19.0691 148
21.4247 178
21.4409 201
23.3837 86
28.494 1
1667
8.4823 125
10.2624 231
11.8674 227
17.8521 143
18.7913 85
21.7428 122
22.9437 155
23.5948 161
25.7024 194
25.9122 156
27.1834 147
27.8434 103
30.4845 182
31.0028 1
6642
10.3394 85
10.9481 104
13.8803 193
16.0787 130
16.3665 93
17.3205 129
17.7477 243
17.7763 218
18.1735 176
21.0913 231
21.5828 180
22.0693 97
22.1908 151
22.7091 166
24.1543 144
24.5099 203
24.9218 129
24.9864 100
25.9722 110
26.5604 134
26.6584 179
26.7801 198
27.1437 84
27.5129 175
28.5815 217
28.8112 171
29.5287 154
29.7453 242
30.2275 237
30.2518 239
30.3539 186
31.3966 103
31.5111 157
32.901 237
33.2644 1048
5621
10.3756 205
10.44 170
12.8843 118
13.5264 221
13.7669 143
14.4727 87
15.7606 190
16.4395 166
16.5529 197
17.074 170
18.2169 187
19.2267 147
19.6784 89
20.2973 122
20.638 131
21.0256 170
21.9268 160
22.2852 152
23.2355 102
23.796 151
24.4529 131
27.0306 222
28.7773 213
29.048 84
29.8538 217
29.9434 213
30.5295 150
30.5671 172
31.6138 190
32.0263 94
36.2269 858
2545
6.4669 129
7.4037 201
8.3191 232
9.523 89
9.9526 169
11.7002 148
12.6205 86
16.1398 139
17.0767 141
17.3832 148
17.9198 213
18.6662 128
19.4649 232
19.7135 248
20.3837 165
22.0805 214
23.4709 179
23.826 113
24.9557 185
26.0779 1
1677
8.0781 229
11.1532 206
11.2309 160
13.6528 163
15.0081 213
16.2626 140
17.5957 131
18.2599 178
18.4606 86
18.9669 152
20.0309 91
21.3554 106
25.1244 213
28.332 1
6572
5.8351 213
6.5828 133
7.1034 147
8.0987 244
8.4863 223
8.9 135
9.1531 122
10.429 149
10.5452 119
10.7534 208
11.0791 94
11.7085 83
12.3584 156
15.5797 84
16.3156 190
16.4891 199
16.6581 92
17.3025 237
17.5591 128
19.1026 247
19.363 232
19.6364 156
19.7943 146
20.2853 173
21.3204 189
21.8282 102
21.8799 85
22.9305 242
26.5637 152
26.5703 118
27.245 217
27.5646 143
27.9186 213
28.7379 237
28.794 965
4276
6.4169 191
7.7755 153
8.5645 188
9.1818 224
10.1613 114
12.1837 204
12.1942 245
12.8503 171
13.2969 192
15.2533 166
16.1066 241
18.8401 165
19.0676 170
19.9992 176
20.1909 152
20.4275 116
21.9743 131
22.4813 211
22.5205 96
23.301 148
26.9633 86
27.8276 241
27.948 91
28.014 86
28.5533 225
29.2402 187
29.4204 132
30.8225 91
31.5451 120
31.8055 203
31.9953 1
2191
3.9984 111
5.6692 163
6.0957 175
6.7371 123
6.896 188
7.0929 169
7.1892 241
7.8294 145
13.8103 225
14.0681 230
14.0705 214
14.4491 200
15.8167 173
16.7367 94
16.8746 172
17.5498 106
20.2112 144
22.6588 122
23.4893 165
24.2452 1
1168
5.9171 150
6.748 116
6.7779 235
8.5935 160
8.967 233
12.0376 111
13.6276 145
13.7292 242
15.9059 194
22.5723 179
23.6034 144
24.3911 229
25.5694 182
25.7646 1
3802
5.3085 178
5.4859 221
6.2108 109
6.9887 167
7.6525 212
7.8776 136
7.9283 237
8.9996 210
10.2176 212
10.2536 195
10.3671 200
11.1902 205
11.6503 190
12.0849 109
12.2012 190
12.476 88
12.4857 111
12.8496 246
13.216 211
13.9398 88
14.1089 168
14.4675 151
14.9601 111
15.2073 148
15.4904 236
16.2411 102
18.5434 244
20.8454 191
26.4737 127
26.4841 196
27.1685 242
27.7813 234
28.5633 240
28.757 224
29.7667 1
3332
5.5506 198
7.476 207
7.6307 245
8.9327 187
9.229 182
10.2797 91
10.3512 211
11.6729 157
14.439 122
15.0681 247
16.0096 85
16.6777 162
17.6724 237
18.3977 121
19.386 123
19.7378 105
20.3065 199
20.4686 193
20.9123 193
21.696 201
22.8194 199
23.2036 91
24.4207 237
25.0306 203
25.3888 175
26.6469 170
27.125 219
27.6743 159
30.816 226
31.5176 199
31.5292 1
2179
3.4483 189
5.4245 211
6.1729 201
6.3117 117
6.4466 162
6.6299 134
8.0586 141
8.9149 187
9.4968 108
9.664 128
9.7392 174
9.9804 113
13.1875 238
14.758 237
15.6951 245
18.7107 92
20.3301 196
20.7016 228
20.8288 135
21.6763 1
1110
2.7672 194
4.4578 151
5.1218 108
8.3889 200
8.6649 225
8.6685 139
9.327 100
10.6826 186
13.182 222
15.487 246
16.4186 109
22.0143 212
23.2943 93
24.0207 1
4172
2.4572 139
6.6771 97
6.7014 222
7.0936 139
7.2677 248
7.8675 111
7.9876 177
8.7909 90
10.2289 219
11.4231 152
11.6395 118
12.3161 248
12.645 126
14.5353 220
14.5773 117
15.1646 160
15.7965 209
16.1809 135
17.3033 152
18.3019 91
18.7662 121
20.0976 161
20.3938 124
20.4425 192
21.3025 138
21.4737 210
21.6013 245
21.6655 126
22.5511 242
23.088 220
24.2753 133
24.4789 145
27.5942 135
27.9012 102
28.7782 1
3221
4.0318 91
6.0704 176
6.2512 196
6.9775 230
9.1348 231
9.5569 169
10.3426 198
11.3537 218
12.8913 130
13.0732 122
13.4005 99
13.5122 151
14.1691 216
14.2915 179
14.4897 159
14.4941 221
14.9292 107
17.2716 93
18.0368 206
18.0458 203
18.2112 231
19.2632 198
21.1994 85
21.7546 172
24.0288 94
24.5153 145
26.6133 197
27.7461 224
28.0926 132
29.0379 111
30.7582 1
1563
2.2077 220
4.3458 100
4.5432 234
5.4223 175
5.6289 172
5.8581 151
6.2692 186
7.2259 228
8.7013 240
11.043 165
11.616 118
12.7566 145
12.8666 185
13.6571 238
13.7895 241
15.7221 177
16.1387 89
16.3761 224
17.0632 248
18.418 1
1174
1.1179 122
3.327 115
3.4116 157
7.3116 162
8.4491 209
9.2823 123
10.1842 237
11.8435 134
12.2395 227
14.3822 97
16.7647 212
18.0415 226
20.5138 140
21.0682 1
3578
1.4203 147
1.5671 153
2.2554 180
2.4527 208
2.4588 150
2.859 173
2.9297 216
3.6144 87
4.7079 113
4.8128 212
6.0488 85
7.8202 236
8.0685 236
9.3186 132
11.6616 165
11.6749 87
14.4842 166
14.7351 131
15.2454 174
15.4831 180
16.7595 130
16.7791 156
18.2497 226
20.8066 202
21.7682 85
22.0381 166
22.33 225
23.1511 220
23.1848 237
23.3655 140
24.551 157
24.616 109
24.9657 100
25.0809 113
26.03 1
2896
1.622 104
2.5853 93
2.77 89
3.5391 113
5.1855 176
5.3481 179
5.6787 200
6.0317 159
6.3002 114
7.7563 167
7.8928 117
8.3704 178
9.4922 118
10.2132 229
11.8459 156
12.603 210
13.235 117
13.4335 235
14.4117 84
15.0885 195
15.6115 237
16.3519 215
16.4831 187
17.7698 87
19.8542 241
20.9343 86
20.9354 199
23.1172 104
25.5119 201
26.4374 131
27.6135 1
1384
2.1854 189
3.4593 101
5.8348 92
6.3305 86
7.8905 119
10.0029 222
10.4676 92
12.9308 198
13.4285 91
15.0475 176
15.8196 235
15.9069 225
16.5721 126
16.9115 223
19.3476 138
19.4242 120
19.4367 84
19.5333 177
20.2409 126
22.048 1
937
3.3792 163
3.4516 247
3.7979 246
7.6118 186
9.6966 213
10.0237 125
10.8818 180
15.4352 170
16.9349 190
17.4806 149
19.6629 229
23.063 107
24.1807 139
25.3907 1
3997
4.936 110
5.0388 175
5.1223 196
5.2001 89
7.6092 135
7.6195 241
8.1861 204
8.3736 202
9.206 173
9.8243 84
9.826 190
12.1434 104
14.8991 174
14.9933 99
15.3099 164
16.9908 193
17.5637 131
18.0107 207
18.5021 241
19.2615 146
19.4005 87
20.7228 183
21.0609 122
21.3037 128
21.4589 171
22.0329 125
22.9655 228
23.041 131
23.1808 102
24.2881 190
25.2536 103
26.5015 206
26.6391 198
26.6681 111
27.8738 1
2734
4.1287 126
6.3209 88
6.5363 212
8.3576 163
10.1609 130
11.2111 155
12.912 165
13.1056 150
14.7044 166
15.1065 173
15.793 135
16.9644 162
17.235 142
17.9258 235
18.3097 112
18.7368 192
19.2655 141
20.5679 239
21.4919 102
22.4271 87
22.4374 108
22.6734 172
23.2165 240
24.6702 249
24.8359 204
24.8867 147
25.5423 187
26.2515 157
26.3653 87
30.0469 167
30.2348 1
1524
3.9573 235
6.719 205
7.5622 238
7.6541 107
8.1055 182
9.7257 133
10.3694 111
11.4881 205
11.6158 116
16.7262 153
17.1043 137
17.563 212
18.961 108
19.053 185
20.0048 85
20.2442 182
21.359 88
21.7942 84
22.8158 173
23.7158 1
1040
5.536 114
6.0327 86
7.2802 138
7.6483 237
7.7998 194
7.9825 160
8.276 94
10.1715 159
16.11 89
17.3338 115
17.6046 118
20.5 162
21.9308 212
23.9687 1
3521
5.1525 206
5.4117 158
5.5381 122
5.946 196
6.2367 234
6.4209 219
7.5163 139
7.768 211
7.7813 216
9.9032 85
11.9111 108
11.9806 146
12.4576 198
14.9802 143
15.4 130
15.8954 174
16.8312 101
16.8731 224
17.4382 240
17.8825 207
18.0927 172
19.4905 184
19.8979 207
20.9552 209
21.7049 152
22.881 105
23.6262 124
23.7109 86
23.7518 171
24.8824 212
25.4007 105
27.2639 202
27.7215 155
28.1217 169
28.3024 1
2429
5.0121 126
8.7685 245
9.3272 197
9.3558 115
10.0374 206
13.2702 90
13.4349 89
14.2918 129
14.5771 204
15.2211 248
15.5454 158
15.6812 186
18.3759 220
18.9321 205
19.3725 119
19.3971 222
20.3945 183
21.9315 95
22.1881 180
22.328 122
24.0344 154
25.2792 117
26.1635 108
26.4101 129
26.4711 101
27.1499 107
27.7827 244
27.9089 226
28.9684 249
28.9908 198
29.9852 1
2337
4.2163 97
4.5373 103
5.0817 96
5.6025 129
8.1309 158
8.2264 106
8.6443 242
10.9209 178
11.4696 162
11.4958 134
12.725 174
14.1441 203
17.1738 99
18.5457 193
18.8955 247
19.8137 115
20.4262 123
20.7283 137
20.7405 188
22.4505 1
1195
6.5098 245
6.5186 222
7.0844 138
9.7578 117
11.6644 127
11.8446 190
11.9961 129
12.7489 208
13.988 189
17.1111 112
17.6488 180
25.2151 111
25.4004 219
25.8584 1
4764
5.0107 108
5.7102 171
5.8625 204
7.7356 84
8.1918 110
9.7534 158
10.2474 111
10.4563 182
11.4087 202
11.4419 205
11.9682 236
12.3294 242
12.562 186
13.4061 150
13.4499 177
14.0938 234
14.6511 190
15.3167 237
15.9861 199
17.3026 209
17.9634 159
19.7006 223
20.7686 216
20.9777 229
21.1069 196
22.3265 93
22.3433 178
23.3429 138
24.4661 118
24.6243 102
26.7161 207
26.8359 83
27.4678 165
27.7472 95
28.6054 1
4250
4.7419 87
6.6468 102
7.7417 238
8.2918 176
8.3195 248
9.1493 187
10.0436 98
10.2265 234
12.9692 121
13.5488 204
13.786 149
14.325 227
14.7533 221
14.7936 179
16.6166 217
16.9842 208
17.1955 190
18.6396 247
21.0783 201
25.0941 226
25.1451 213
25.7942 221
26.6209 227
27.4515 244
28.8309 190
29.4771 136
30.1953 90
30.2908 126
31.0376 215
31.8126 211
32.4403 1
2386
6.9075 201
7.2003 89
7.3207 245
7.7104 85
10.1463 93
10.4434 85
11.6959 144
13.8085 125
13.9074 234
14.1932 214
14.709 220
15.0912 100
16.2914 238
16.9468 137
18.8805 194
19.8208 156
21.6115 138
23.156 107
23.9314 248
25.8278 1
1751
6.8799 156
7.5457 92
9.0845 225
12.8636 241
13.0672 144
14.1698 162
16.5495 121
17.4396 185
18.6137 118
22.2473 238
24.6821 133
25.8051 90
27.0377 213
28.1375 1
5558
5.6038 105
5.8828 196
7.5682 153
7.6032 248
8.5548 183
9.4107 178
11.178 231
11.9187 137
12.7705 124
13.7252 210
14.0018 219
14.3578 195
14.5237 89
15.6188 228
17.8446 202
18.9279 134
19.6735 238
19.8175 99
20.8829 87
22.295 215
22.3373 222
23.1134 126
23.328 230
23.4746 170
23.8282 194
24.0739 125
24.3227 95
24.9234 120
26.012 127
27.3197 191
27.9957 247
28.3307 170
28.4599 148
28.6289 170
28.9384 1
4372
5.2509 206
5.8189 216
6.1801 129
6.4733 176
7.6842 95
8.2981 249
9.7159 220
10.5145 216
11.6839 223
12.0629 126
12.1787 164
14.3119 189
15.0488 102
15.4462 150
15.8685 137
16.1084 201
18.9982 148
19.7955 217
20.5528 188
22.1185 90
22.9418 161
23.62 169
26.0752 93
26.6279 93
27.3331 216
27.7916 127
27.9124 222
29.4758 131
29.8859 233
30.2545 208
31.2358 1
2675
8.3409 159
8.6885 242
9.2912 190
11.3272 101
11.5743 191
11.6626 177
12.0017 154
13.9391 204
14.8594 192
15.4418 115
16.6138 202
19.8916 175
20.2604 118
21.4646 185
21.6106 158
23.7208 146
23.9761 142
24.3495 193
27.7452 211
28.537 1
1857
10.8805 99
11.8311 94
13.0605 226
14.8354 96
15.8846 248
16.2472 101
17.6573 121
18.9599 158
19.7392 95
19.8569 209
27.3529 207
28.885 129
29.7958 109
30.4166 1
6055
9.4837 191
10.9319 220
11.5935 134
12.354 199
13.3367 139
13.8138 215
13.9529 115
14.6429 178
15.2013 120
15.9948 236
16.4647 153
16.9689 176
17.7198 90
17.988 197
19.015 170
19.2771 120
19.3591 153
21.5871 116
21.7364 146
22.1197 180
23.6651 104
23.8511 167
24.1194 217
24.2291 117
25.3803 223
25.911 152
26.7765 194
26.9336 155
27.1349 232
27.4574 210
28.7807 214
30.6381 217
31.1338 136
32.072 137
33.8099 333
4874
8.0447 197
11.015 129
13.3059 231
14.9274 219
16.1545 161
16.4345 156
17.4803 226
17.7402 115
18.2759 176
18.4003 177
18.6766 190
21.5443 110
22.1998 118
23.3793 129
23.5594 156
25.1198 179
25.1805 161
25.8063 209
26.8924 245
28.3332 195
28.3979 175
28.4406 150
29.513 185
29.7531 148
30.7055 202
32.2908 127
33.0396 138
33.7188 192
33.728 179
34.3555 189
34.8846 1
3134
10.6152 188
12.6346 214
12.6398 114
13.2564 103
13.8541 183
14.8441 170
16.4616 172
16.5285 163
19.1304 222
21.4227 102
21.7131 122
21.8967 181
22.3017 220
23.2777 178
24.0076 147
25.5802 141
26.9567 141
27.761 118
29.1907 238
29.5891 18
1761
10.0209 136
15.3273 238
15.8978 247
17.1437 112
17.4164 99
19.9755 243
20.2829 122
20.9239 85
23.7084 184
27.8567 203
28.0313 208
28.6982 213
29.1996 95
31.5889 1
6397
10.1764 96
10.9556 167
12.0204 209
13.1028 227
13.6432 163
13.9303 190
15.3615 122
15.6383 95
16.0948 142
17.4427 235
17.7937 228
18.5086 176
18.7317 191
19.0797 228
20.0826 197
20.6972 96
21.9611 241
22.3415 184
22.8221 146
23.2435 85
24.5952 137
25.4027 199
26.3459 93
26.3538 205
27.1502 99
27.6511 149
29.7356 169
30.2452 90
30.723 96
32.5136 225
32.7211 243
33.2711 110
33.4169 219
33.7496 184
34.4935 762
4616
12.427 118
12.7668 111
13.1385 215
13.4713 183
16.0967 204
17.7045 165
19.4056 134
19.7431 243
20.6242 123
21.7121 194
21.8138 136
22.7154 85
23.5576 170
24.0437 202
24.6654 220
24.8981 168
25.079 85
25.6606 137
26.0605 179
28.2402 181
28.4274 237
28.4713 242
28.7736 201
29.251 111
29.748 206
30.4144 104
31.1419 138
31.5618 95
31.5697 218
33.5707 169
36.1061 1
2825
10.1852 246
12.7379 86
14.7837 130
14.9559 168
15.1737 185
15.721 153
16.3908 243
16.7115 239
16.8709 132
17.0286 120
17.8932 144
18.5484 141
18.5617 160
19.7011 124
23.5875 112
23.749 132
24.5439 159
25.8154 108
27.8505 197
29.8685 1
1711
12.6819 200
13.7237 159
13.7784 122
14.4586 205
17.2148 153
19.7541 206
20.603 149
22.6866 129
23.576 223
23.7455 217
24.2238 159
26.7886 145
28.1638 158
29.5752 1
6113
10.9664 171
11.0998 175
13.6896 168
14.0573 119
14.372 181
14.3905 87
14.5074 163
14.8359 83
14.9585 176
16.2791 122
16.3933 219
17.2784 233
17.292 89
17.5725 193
19.7512 235
19.9478 196
21.1004 94
22.2894 190
22.7141 94
23.0258 108
24.276 191
25.1884 196
25.4221 88
26.3297 179
28.3509 229
28.6522 188
29.1936 190
29.2894 119
29.3922 190
30.1221 108
30.9979 222
32.5526 123
32.8902 219
33.7297 87
34.6466 689
5149
9.4279 153
9.8552 91
10.2767 198
11.469 134
12.2017 105
12.4185 199
12.8226 215
13.5215 188
13.7039 240
13.8125 211
15.0544 138
15.4761 204
16.2745 140
16.6012 245
18.0534 96
18.3377 174
19.5867 191
20.0626 197
20.7949 124
23.314 155
25.477 89
26.1813 85
26.43 249
27.5573 97
28.4168 153
30.363 200
30.5167 167
31.5614 151
32.433 224
32.4891 224
32.9806 113
2606
9.9365 187
10.251 218
11.1472 88
11.2074 219
11.9369 240
12.5721 122
16.4694 136
16.8747 203
18.5794 86
18.8242 139
19.105 86
20.6968 174
21.0329 151
21.1748 175
21.7436 86
21.8357 170
23.192 221
26.189 232
28.2002 119
29.1305 1
1695
10.582 210
11.4018 219
12.7126 214
12.9255 246
13.8911 101
17.0415 214
18.2764 234
22.5554 167
23.0994 228
23.1052 216
23.4778 88
25.9865 216
26.2748 163
28.0169 1
5744
10.1898 133
10.7447 207
11.2134 238
11.2992 205
11.3615 137
12.5333 162
13.1949 239
15.3332 178
15.4432 101
16.3387 166
16.4908 143
16.8428 233
16.9757 175
17.0069 114
18.204 89
18.5757 237
18.993 109
19.2925 192
19.5658 151
20.9646 144
22.6594 202
22.7736 154
23.9216 114
24.6056 131
26.1501 148
26.1511 180
27.0748 219
28.5929 158
29.7118 240
31.7622 139
32.2067 146
32.5846 216
32.921 144
33.9174 249
34.3719 1
5756
10.714 244
10.9945 89
11.3248 211
11.8619 183
11.9236 193
15.7518 222
16.0486 121
16.5814 235
17.5243 166
19.3517 85
20.3682 217
21.6782 121
22.6739 222
22.9662 119
25.2565 105
25.3722 176
25.8999 87
26.3997 115
28.1056 213
28.12 179
30.3895 239
31.1022 228
31.1251 135
31.2369 247
32.1576 132
32.2332 226
32.3146 201
33.9911 84
34.2454 199
36.1152 155
37.1329 608
2581
10.1504 178
12.5041 93
13.843 152
14.6611 100
15.9612 187
16.1682 170
16.3251 177
16.9845 183
17.4114 109
19.3546 156
19.4569 169
20.0226 95
20.2271 231
20.4645 140
20.5019 234
21.0929 249
26.0918 172
27.0574 194
27.6602 137
28.5198 1
1756
12.4951 236
12.7436 88
13.7258 241
13.9235 124
14.4392 88
16.5523 117
17.554 102
18.5448 136
19.6956 181
23.5477 239
26.813 148
29.0651 87
29.6254 202
31.4304 1
5312
9.1864 142
9.7349 197
9.7665 185
9.8142 247
11.499 143
14.3564 242
15.2051 176
15.8017 218
16.8091 169
17.7217 118
17.917 139
18.1147 115
19.1353 239
19.1528 153
19.7804 203
20.981 84
21.1984 240
21.8257 152
22.9085 93
24.0824 118
25.4458 89
25.8827 157
26.2329 93
26.8549 180
27.1451 142
27.4064 90
28.1245 180
28.9293 207
29.595 167
29.8722 127
29.9744 163
30.1057 244
30.5849 123
32.4357 237
34.2195 1
4566
11.1086 186
11.4636 186
11.8158 215
14.1608 242
14.5468 247
15.696 118
16.8473 218
17.3061 174
18.0682 91
18.6086 112
18.6167 129
19.6846 89
19.8779 86
23.2646 210
23.2784 225
23.9452 240
24.5483 216
24.5486 165
25.555 170
26.1933 131
26.8 91
27.2245 249
28.7302 236
28.7838 209
29.546 128
30.4549 143
31.8459 204
32.5121 241
34.1293 158
34.7497 224
35.108 1
1891
10.6343 195
11.1893 95
12.1113 97
12.8196 138
13.4137 241
14.1682 147
14.6867 123
17.6437 124
17.7517 155
21.7641 92
21.8502 185
22.8344 84
23.9067 98
25.1477 179
25.4873 248
25.8067 153
26.0254 158
27.0466 241
28.1848 195
29.3063 1
1333
9.5646 88
9.7606 177
11.9787 175
14.782 139
15.0332 155
15.144 183
19.2917 208
21.7944 167
22.1912 116
24.8892 84
28.7063 88
29.0783 185
29.2254 247
30.388 1
4620
10.0974 134
10.3264 186
10.8015 103
11.3233 147
11.9761 190
12.2587 100
12.2999 203
12.9166 117
13.5053 186
13.517 114
13.5915 230
14.2967 205
15.9908 130
16.2637 214
17.0268 233
17.8321 206
18.087 184
23.4877 219
24.8374 181
27.712 249
27.8381 157
28.0023 88
28.9048 220
28.9651 161
29.7433 234
29.8536 109
29.8763 240
30.2056 145
30.22 207
30.9225 160
31.6622 90
32.0821 232
32.0824 202
32.1955 185
34.9374 1
3828
9.7049 121
10.503 149
10.6145 214
11.4573 230
11.7536 84
13.0933 179
13.7084 228
15.1962 111
17.6416 173
17.7128 111
18.0692 226
19.454 205
20.1127 95
20.3313 242
21.2812 191
21.6268 217
21.7607 220
22.0096 146
23.0635 109
23.7743 229
25.7756 120
25.8362 232
31.2398 108
31.339 235
31.5189 145
32.1366 162
32.6694 206
33.7285 92
34.7339 90
36.2005 176
36.9442 1
