24 200 5 4
0 1 0 1 
1 0 1 1 
0 1 0 1 
1 1 1 0 
0 325 0 1134 
325 0 835 1136 
0 835 0 943 
1134 1136 943 0 
33 20 84 63 
3891
9.9826 207
11.7971 187
12.7946 204
12.8862 125
14.8372 247
14.9921 200
15.7329 146
15.9169 138
16.2729 239
16.9092 180
17.3626 225
17.4936 90
18.9948 188
19.2225 154
19.3696 228
19.3889 140
20.8626 229
21.1805 95
21.1988 190
22.1614 134
22.4968 228
23.4333 138
24.9347 94
25.4308 242
25.8106 136
25.8333 212
26.0035 238
26.1755 178
26.3431 139
26.9553 106
27.0344 200
27.1074 232
28.4439 1
2624
11.9291 192
12.282 130
12.8905 204
16.0653 248
16.2339 215
16.6514 95
17.933 214
19.539 145
20.8587 180
21.4232 225
21.9352 197
25.748 208
26.0129 201
26.419 130
26.5871 152
29.4592 147
29.5366 100
30.0155 163
30.6516 115
31.9448 1
5151
10.4969 186
11.0907 201
11.484 206
11.8384 152
12.4873 90
12.5435 147
12.7757 177
13.1268 222
13.4874 116
13.9561 210
14.15 175
14.1721 139
14.9113 239
15.2115 235
15.2398 233
15.3141 218
15.7418 210
15.7758 176
16.2945 183
16.3076 132
16.6379 176
16.9407 241
16.9935 202
17.4157 107
17.8171 189
18.1141 241
18.399 131
18.6552 188
18.8226 102
18.8336 173
19.4959 123
19.6843 215
20.0958 183
20.2412 179
20.5515 236
20.5868 222
21.4826 246
21.6391 176
21.9049 189
21.9672 152
22.3377 153
22.5094 132
22.5341 240
22.6215 129
22.6793 204
22.7352 172
23.8375 94
24.2275 85
24.553 136
24.5788 144
25.0161 214
25.5046 87
25.6641 136
25.8486 103
26.015 169
26.3749 208
26.8507 103
27.0937 112
27.6085 110
27.7656 109
27.804 227
28.097 98
28.6648 150
29.2546 199
29.548 112
29.6641 168
30.0768 191
30.1297 148
30.3031 201
30.3209 241
30.4348 131
30.4755 226
30.5324 194
30.62 174
30.9364 144
31.4318 221
31.5704 147
32.9658 112
33.1541 210
33.5395 106
33.757 223
33.9643 159
34.2238 139
34.2411 1
6300
9.0772 240
9.6619 102
9.7085 139
9.7161 204
9.9869 126
10.6653 136
11.4254 245
11.7961 163
12.1219 146
13.1027 220
13.3763 240
13.699 88
14.0862 228
14.3336 106
14.4214 142
14.5224 102
14.6691 167
14.7866 180
14.9191 136
16.5131 194
16.7423 241
16.9474 179
17.3561 246
17.4289 137
17.6124 203
18.8167 180
18.9756 109
20.7 88
21.7474 221
21.7898 179
22.2161 144
22.2825 246
22.2935 170
22.6648 236
23.038 91
23.5756 187
24.5801 114
24.9626 229
25.0082 130
25.2389 129
25.6374 106
26.1812 153
26.2512 233
27.0085 167
27.3995 137
27.4339 86
27.4939 93
27.7076 197
28.2668 248
28.8541 187
29.6329 194
30.0823 214
30.7312 127
31.0354 161
31.4667 173
31.7637 104
31.9655 133
33.0212 168
34.102 90
34.1394 189
34.5666 127
35.7855 226
37.3516 1
3058
9.0235 247
9.9604 87
12.1746 218
13.2589 176
13.5263 201
13.7182 247
14.0214 105
14.2331 93
15.6254 196
16.1644 245
18.5114 171
19.0735 99
19.0887 201
19.3922 127
19.6823 160
19.9253 126
20.2165 119
20.2503 185
20.842 227
21.2745 243
22.5874 117
22.6621 227
23.1033 191
23.2273 219
23.4394 121
24.4487 183
24.5887 137
25.1348 104
26.074 152
26.446 178
26.7155 236
26.8801 177
29.0725 1
1816
11.2894 167
13.989 199
14.4745 97
14.6159 102
17.0231 115
19.2031 158
20.041 124
21.4364 152
21.929 102
23.0194 158
24.5961 208
24.8976 91
26.1559 103
26.4469 142
27.9797 94
28.8598 166
30.3234 196
31.2403 211
31.2862 192
31.5279 1
3848
9.6358 85
9.9637 92
10.4638 114
10.7414 175
10.7876 239
11.0082 194
11.4503 177
13.2016 230
13.2028 248
13.2873 163
13.3037 132
13.5075 183
13.7302 121
13.746 101
13.7918 236
13.9218 178
14.1043 135
14.2541 138
14.6057 116
15.1839 108
15.426 84
15.6016 132
16.0537 141
16.1568 235
16.8137 118
17.2281 161
17.2823 130
17.4902 234
17.6167 89
17.6673 147
18.327 171
18.3791 228
18.5533 165
19.2391 168
19.5208 83
19.7919 130
19.9929 217
19.9979 89
20.0521 160
20.5944 122
20.6955 173
21.2368 137
21.2953 195
22.3548 89
22.55 156
22.5525 225
22.8795 120
22.9852 118
23.6095 175
23.9299 225
24.4691 96
24.6527 125
25.2272 205
25.2586 205
25.3026 98
26.2451 145
26.5289 105
26.588 158
26.6005 237
27.4757 201
27.5761 112
27.7612 149
27.8727 155
28.5444 98
28.6411 170
28.8485 188
30.0638 249
30.5917 187
30.9251 210
31.3606 193
31.785 109
32.3751 185
32.5362 92
32.5722 241
32.8356 168
32.8707 190
32.9685 177
33.1996 90
33.5655 212
34.2327 199
34.2571 84
34.3072 241
34.4701 174
34.8265 1
4976
9.8836 110
10.278 231
10.6376 197
11.0595 219
11.4072 222
11.5925 158
12.1822 168
12.6551 127
12.9623 245
12.9771 112
13.0518 242
13.2817 84
13.5883 222
13.9115 161
15.1138 119
15.212 186
16.0099 106
16.4826 231
16.4839 152
16.8497 213
16.92 200
17.9226 181
18.1557 239
18.5305 140
18.6654 204
19.3944 122
19.9526 237
20.1126 247
20.1743 91
20.7565 84
22.1102 114
22.323 229
22.3852 130
22.6515 92
23.2697 153
23.4891 104
23.5654 235
23.9241 180
24.0462 103
24.1099 221
24.2358 102
24.251 171
25.0095 167
25.2791 234
25.9887 111
26.3485 125
26.8501 130
28.2854 224
28.5051 174
29.4367 222
29.6446 138
29.7288 224
31.2634 159
31.8908 233
32.1983 235
32.2771 110
32.8087 117
33.5466 248
34.2442 116
35.2176 117
36.0166 141
36.3655 156
36.6847 1
2789
9.8707 206
11.6298 229
12.377 158
12.7521 193
13.013 114
13.2413 209
14.072 142
14.6211 106
15.5221 150
15.5642 205
16.7669 167
17.8379 124
18.0512 168
18.6562 114
20.0841 142
21.0055 225
21.5507 210
23.0467 85
23.4732 194
23.515 228
23.9221 148
24.7365 216
25.0408 241
25.9177 224
26.1142 106
27.5467 186
27.6789 139
27.9464 210
28.5247 168
28.7997 212
28.8801 184
28.9898 115
29.0785 1
1653
9.5918 88
13.0736 139
15.451 149
15.8733 238
16.9915 210
17.3678 156
18.1116 173
21.9561 99
23.9937 159
24.2059 162
24.7961 218
25.7975 211
26.0084 135
26.8238 171
27.3461 136
28.7806 218
29.178 91
29.8272 237
30.6472 185
31.4009 1
3773
10.0006 162
10.4633 181
10.5003 188
11.5146 93
11.9711 121
12.1635 179
12.3055 95
12.3463 242
12.5921 141
12.7852 216
13.2051 83
14.0736 191
14.3199 191
14.4389 248
14.4424 198
14.4972 100
14.7908 200
15.3063 146
15.594 86
15.7102 179
15.7216 186
15.7242 116
15.8822 230
16.2469 212
16.7452 102
16.8124 122
18.025 174
18.1841 135
18.4254 189
18.4859 114
18.7847 173
19.0785 198
19.3147 117
19.653 94
20.0612 162
20.3348 200
20.3987 131
20.5972 247
21.6072 224
21.7626 131
21.836 225
21.9909 193
22.125 162
22.8348 149
23.393 208
23.4658 183
23.5087 240
23.5587 100
23.6219 125
24.0243 242
24.2775 144
24.3159 86
24.3701 185
24.6295 246
24.8102 98
25.1357 126
25.1499 167
25.2677 150
25.7368 121
25.798 87
26.0821 235
26.3097 90
26.4881 189
26.9639 125
26.9848 183
27.0032 173
27.9358 225
28.4758 141
28.6955 244
29.3799 95
29.6311 87
29.7484 221
30.2086 133
30.7553 210
30.835 234
31.1467 187
31.1488 208
31.2548 117
31.6856 95
32.1457 213
33.4485 233
33.5664 157
34.2028 242
34.9006 1
3530
10.3503 162
11.2767 108
11.2948 139
11.5086 140
11.8599 101
12.3731 211
12.4207 206
13.0452 123
13.2085 186
14.1876 187
14.304 247
15.6562 84
15.7211 178
16.5401 91
16.5978 196
16.7734 193
16.9803 138
17.8398 201
18.3185 227
18.4065 228
18.452 226
18.6318 246
19.5423 166
20.0602 154
22.8693 214
22.9731 188
23.0924 180
23.5702 224
23.7026 213
24.2543 104
24.8176 209
24.8719 233
24.9839 165
25.0829 87
25.1218 109
26.0172 167
26.086 239
26.5032 90
26.6694 184
26.6924 188
26.7584 167
26.995 237
27.0754 204
27.0814 240
27.1905 248
27.9081 103
28.3507 150
29.5893 156
30.5893 97
31.2576 204
32.2222 193
32.4971 235
32.596 195
32.7444 215
32.785 236
33.8744 174
34.2698 147
34.3228 92
34.8849 86
35.2107 110
35.7997 172
35.8753 177
36.1779 1
2785
10.3536 223
10.8071 225
11.141 235
13.0752 178
13.9768 142
14.9623 132
15.0592 194
16.5051 187
17.8417 219
17.9652 156
18.644 101
18.7708 246
18.847 160
19.4638 169
20.4775 218
20.531 92
21.546 123
22.6109 143
24.3113 86
24.5382 120
24.6844 121
25.3217 229
25.3929 148
25.6652 203
26.0418 244
26.4538 155
26.7546 97
26.8986 198
27.1612 142
27.2898 236
27.7481 125
27.7632 206
28.6592 1
1504
10.0881 225
10.1574 228
10.761 244
12.4577 115
12.818 131
13.0468 226
16.469 84
16.5181 185
16.7604 247
17.2584 126
18.5833 184
20.5011 174
20.628 90
21.7896 225
24.5936 223
26.4782 111
28.9047 198
29.5416 186
31.2002 168
31.473 1
3318
9.8556 247
9.9766 206
10.5427 98
10.8398 110
11.5317 127
11.8711 86
12.3808 103
12.5712 167
12.5862 107
12.7789 248
13.1499 109
13.412 98
13.5596 206
13.6723 225
13.8697 139
14.2183 208
14.8634 101
14.9723 128
15.339 110
15.7665 219
15.888 238
15.963 148
16.0215 109
16.1695 137
16.2725 95
16.3769 152
16.7389 188
17.1123 157
17.3552 204
17.4511 218
17.7638 231
18.2411 122
18.4176 200
18.6996 201
18.8605 221
19.0716 224
19.1192 214
19.8693 223
20.227 124
20.4774 226
20.6946 248
20.6987 90
20.8988 173
20.9264 127
21.0498 113
21.27 196
21.6935 147
21.7239 138
22.1703 141
22.1881 247
22.754 98
22.7742 234
24.1475 100
24.4698 221
24.9922 226
25.4057 162
25.5997 121
26.3427 164
26.6811 136
26.7599 83
27.0094 222
27.465 182
27.482 123
29.1012 125
29.6757 199
30.1129 182
30.5256 84
30.9201 191
30.9624 182
31.3241 237
31.3332 119
31.7421 178
32.1597 169
32.1916 173
32.2332 83
33.0038 184
33.1593 192
33.5792 145
33.7904 176
33.8554 105
33.8907 217
34.2828 203
34.3865 131
34.6581 1
3999
9.8483 162
9.9612 149
10.8018 197
10.8537 209
11.2675 193
11.3789 191
11.5905 103
12.1287 201
12.3018 178
12.3154 215
12.8753 229
13.8498 237
13.9212 95
14.1659 112
14.8443 151
15.0073 87
15.0807 102
15.1155 228
15.5924 221
16.3778 146
16.3796 92
17.3505 88
17.4463 197
18.3728 203
18.386 92
18.5426 168
19.1119 97
19.4069 162
20.421 173
20.8473 110
20.8801 208
21.1383 218
21.6416 244
21.7895 143
22.1341 95
22.956 111
24.4886 126
26.1683 176
26.9345 212
27.0724 146
27.0756 153
27.2793 206
27.4801 135
27.6847 234
27.6876 197
27.6994 196
28.5948 110
29.2668 128
29.6041 139
29.7539 186
30.1723 147
30.1933 94
30.5949 91
31.4478 92
31.4878 83
32.1268 104
33.2543 173
34.0006 249
34.0498 87
34.7318 99
34.7684 101
36.2295 84
36.5174 1
3482
9.8044 151
10.2597 127
10.3663 108
11.8422 102
11.8586 88
14.1082 207
15.3669 149
16.5918 206
18.0554 177
18.2745 170
18.8688 171
18.9676 123
19.6385 123
20.3063 118
20.6111 244
20.7294 148
21.1509 118
21.2037 196
21.2121 85
21.2535 156
22.7304 182
22.7399 196
22.7993 121
22.9665 205
22.9885 208
24.33 211
24.6225 93
25.8378 111
27.3687 199
27.5043 90
27.5476 106
27.9439 88
29.8494 1
2109
10.2544 229
10.6534 226
10.8831 148
12.4141 87
14.0358 184
17.1646 190
20.638 212
21.4347 170
22.5063 203
22.5612 123
22.9536 169
24.6783 178
24.9578 103
24.9731 166
25.3324 180
27.0593 91
27.3929 135
28.3293 133
29.4824 143
30.7557 1
3820
9.6351 169
9.7895 84
9.977 117
10.4159 127
10.8013 143
11.1783 145
11.4812 147
11.8087 212
12.5794 161
12.6318 165
12.75 104
13.1658 158
13.4028 185
13.5109 201
13.5645 155
13.5685 238
13.7921 211
13.9466 209
14.9635 186
15.4348 118
15.7853 103
15.8188 92
16.0597 239
16.7099 190
16.801 111
17.0554 191
18.4172 222
18.4739 85
18.5783 210
18.8731 114
19.2568 232
19.3518 201
19.3648 142
19.542 218
20.0826 92
20.2265 150
20.2902 118
20.6677 115
21.0699 133
21.0789 196
21.2844 107
21.5324 235
21.7813 124
21.9735 91
22.0592 229
22.6589 161
23.3755 229
23.4227 225
23.6747 164
24.2366 212
24.3846 174
24.5486 185
24.9577 184
25.2277 167
26.2816 116
26.5109 247
27.1286 237
27.2947 177
27.7393 245
27.748 200
28.2241 158
28.2786 221
28.6262 102
28.7439 175
28.8751 243
29.1266 103
29.3608 132
29.9634 85
30.3257 84
30.4414 122
30.6413 244
31.162 84
31.2102 149
32.2577 200
32.4264 146
32.7476 112
32.859 119
33.5006 94
33.6454 117
33.8097 172
33.871 209
34.2027 246
34.6819 214
34.8882 1
5039
9.737 125
9.7982 136
10.4428 107
10.5372 234
11.2964 202
11.9289 175
12.2489 180
12.9928 223
13.4092 108
13.5863 234
13.7634 104
14.0398 157
14.6089 183
15.3 97
15.4747 161
15.7067 178
16.5748 229
17.0325 241
17.3681 193
17.9352 101
18.1207 124
18.8654 194
18.9115 190
18.9915 123
19.0425 175
19.5124 222
19.6746 111
22.4066 164
23.1486 201
23.987 119
24.2548 228
24.7919 123
25.4858 173
25.7297 217
25.9627 204
26.1626 188
26.2031 107
26.312 146
26.3168 238
26.713 187
27.0785 225
27.4075 131
27.7343 128
27.9094 220
27.91 201
28.7374 88
29.029 99
29.3625 165
30.3653 91
30.9186 182
31.0451 126
32.1927 154
32.6249 110
32.9332 157
33.4551 143
33.5571 191
34.0946 90
34.1856 238
34.1964 219
34.5536 173
35.0299 200
35.9284 159
36.6082 1
4943
9.6095 168
10.2244 137
11.0271 185
11.0707 89
11.2069 203
11.7557 202
12.0629 235
12.2179 187
12.9127 96
12.9764 210
12.9832 231
13.3847 127
14.1131 140
14.1263 239
14.2099 94
15.1077 225
16.5793 127
17.1195 198
17.8946 196
18.0633 235
18.1724 173
18.3834 248
19.3282 162
19.5606 159
23.85 195
24.5691 85
25.0808 109
25.4059 237
25.8828 247
26.5988 153
26.7682 217
27.8407 233
29.0054 1
3238
9.6338 198
10.3666 247
13.7425 189
13.7596 149
15.8467 163
17.1749 181
17.4799 231
19.7745 90
19.9816 189
20.9627 90
22.9227 143
23.4501 154
23.4809 239
23.7039 161
24.7473 190
26.6757 242
27.181 113
29.4322 107
30.5982 227
30.9829 1
6645
9.9519 144
10.1045 184
10.2771 225
11.2399 90
11.7844 191
12.2395 133
13.6301 153
13.7395 203
14.0684 212
14.251 111
14.6912 122
16.3514 209
16.4261 174
16.554 85
16.978 204
17.1021 97
17.2839 232
17.4192 128
17.5135 111
17.9143 154
18.2931 213
18.5004 245
18.5325 143
18.9243 243
18.9736 100
19.5396 139
19.9543 135
19.9846 196
20.2044 178
21.5509 158
21.6653 184
21.898 162
22.0801 202
22.2636 175
22.451 83
22.68 229
22.6924 170
22.8658 194
23.3424 219
23.8743 245
23.9446 165
24.4091 194
24.5076 227
25.6243 89
25.6907 159
25.7414 183
25.9475 192
26.3377 242
26.7299 149
26.7913 152
27.1312 235
27.2414 179
27.3279 156
27.8336 235
28.0518 159
28.8959 85
28.9885 84
29.0192 185
29.0461 179
29.2053 115
29.3212 135
29.518 119
29.5945 104
29.6119 209
29.828 125
29.9599 220
30.0306 175
30.0561 117
30.0598 198
30.3255 244
30.4678 168
31.3052 220
31.961 196
31.9879 124
32.2364 204
32.8571 142
33.2191 246
33.2497 140
33.7639 180
34.0231 126
34.3035 104
34.42 185
34.7121 102
34.7239 1
6663
9.7264 102
9.9969 208
10.5054 183
10.6417 226
10.6877 146
10.8338 215
11.3222 212
11.3939 173
11.626 104
11.6279 87
11.995 141
12.0027 148
12.2919 149
13.0393 200
13.0969 123
13.5928 174
14.2794 128
15.167 123
16.6101 122
17.0107 217
17.0769 237
17.6276 130
17.8926 166
18.3594 100
18.9441 204
19.2887 166
19.563 164
20.5654 124
20.8448 180
20.8705 171
22.1603 93
23.4421 216
23.6892 149
24.0639 157
24.4418 234
24.7219 189
24.8288 201
24.8708 125
25.0681 234
25.7707 221
26.6248 163
26.7032 213
26.739 156
27.0331 88
27.9361 183
27.9521 105
28.2181 111
28.3257 174
28.3627 205
28.5217 215
28.7833 174
30.0969 194
30.5767 193
30.785 215
31.9476 244
32.6293 89
33.5717 171
34.6055 130
35.8125 225
35.8324 119
35.8578 179
35.9703 217
36.716 1
4916
10.2017 137
10.2133 191
10.2289 242
12.5401 130
12.7436 197
13.0652 174
13.2772 191
13.5727 148
14.0256 95
15.0598 222
16.796 94
16.958 115
17.4917 220
17.5588 203
18.71 193
18.766 114
19.7022 102
19.8364 91
20.5781 113
21.6661 138
21.6667 239
22.2268 95
22.2706 155
24.466 241
24.7577 151
25.0564 219
25.2295 166
25.6224 162
25.9402 186
26.2129 117
27.8539 185
28.848 176
29.0636 1
3728
11.2727 170
11.9244 210
12.0336 143
12.9043 156
15.8648 86
17.1484 164
17.9725 244
18.1047 131
19.2022 97
19.7439 124
20.266 85
20.3874 164
20.8619 129
23.7624 242
24.3811 119
25.254 123
27.6885 165
27.7309 187
29.7971 99
32.066 891
7697
9.7216 139
9.8239 124
10.3239 125
10.3726 122
10.83 115
10.8496 106
11.3259 229
11.5483 195
11.7744 191
11.9123 244
12.028 114
12.1386 234
12.2433 168
12.4112 134
12.4589 198
13.1384 235
13.15 162
13.3872 101
13.7402 192
13.9894 223
14.1309 240
14.9708 169
15.1233 197
15.2857 169
15.3388 233
15.4896 179
15.6236 224
15.8257 156
16.0758 138
17.2144 197
17.4468 132
17.5346 89
18.1596 155
19.1322 85
19.5195 158
20.6928 195
20.9907 91
21.6034 221
21.6774 118
21.7632 103
21.8048 217
21.9656 141
22.2119 195
22.311 174
22.7044 228
22.7841 103
22.9538 176
23.3338 151
23.7281 222
23.7899 102
23.8132 89
24.3878 175
25.234 176
26.3599 87
26.5607 172
27.0696 150
27.1214 109
27.124 240
27.1819 141
27.8464 202
28.2099 149
28.36 168
28.6572 151
29.0833 176
29.4492 205
29.535 219
29.9513 131
30.1856 142
30.5535 94
30.7828 122
31.4429 93
32.5847 103
32.5968 232
32.6308 209
33.2492 134
33.2592 150
33.2862 207
33.4525 159
33.4703 89
33.6374 247
34.0844 94
34.2399 242
34.3799 169
34.6784 1
7400
9.7133 130
9.8529 196
10.9334 106
10.9972 208
11.1499 229
11.2722 102
11.6897 219
11.7907 195
12.6638 180
13.6437 156
14.4953 178
14.798 237
14.835 178
14.8421 150
15.049 105
15.2921 208
15.4263 232
15.4505 96
15.6362 148
16.164 224
16.2208 193
16.7081 186
17.1924 245
17.3243 238
17.4555 117
17.7979 243
19.0207 166
19.3218 83
19.6256 170
19.9576 86
20.324 146
20.492 168
20.9226 210
21.5986 245
22.5722 122
24.5891 189
25.8444 178
25.9111 190
26.3487 111
26.3653 90
26.734 226
26.7741 131
27.5999 143
28.4395 107
29.389 91
29.4005 153
30.9633 198
30.9988 101
31.1714 183
32.2605 131
32.4122 190
33.3908 101
33.5091 185
33.8496 178
34.0532 220
34.1996 127
34.328 239
34.6312 139
34.7216 176
34.9156 113
35.1413 144
35.3027 107
35.477 1
6682
9.4525 105
10.0067 158
10.7589 99
11.1642 225
11.5648 201
12.1368 96
12.6188 178
13.5404 193
15.4822 247
16.9109 148
16.9188 193
16.9787 181
17.6118 219
18.1414 234
18.2643 243
18.2821 227
19.4973 212
19.593 145
19.7771 137
20.3801 156
20.788 159
20.9047 96
21.9484 118
22.0537 107
22.9229 129
23.3389 216
23.3526 99
24.0141 109
25.1769 203
26.0681 113
27.4821 154
27.8081 106
28.5557 1477
3829
8.9107 111
10.2421 234
10.6498 106
10.6925 218
10.7369 248
12.4977 122
13.7124 204
13.9794 206
14.0672 92
14.9369 164
16.7052 103
17.1079 195
18.6609 130
21.9817 185
23.5635 97
23.6359 205
26.6436 208
26.6929 207
26.9016 133
27.4071 662
10125
8.2929 148
8.7766 228
8.8736 200
8.957 203
9.0769 157
9.1051 203
9.3325 110
9.3414 185
9.6902 221
10.382 98
10.4517 87
10.8783 104
10.9752 218
11.1895 87
12.0134 211
12.1996 176
12.8004 107
13.1968 181
13.3286 233
13.639 226
13.6414 124
13.6462 137
14.0041 195
14.5836 109
14.6757 131
14.7424 207
14.8239 114
15.2366 200
15.389 135
15.6621 192
15.9579 163
16.0604 113
16.1985 171
16.2381 150
16.295 126
16.8408 183
16.9032 206
16.9245 105
17.4912 201
18.1224 233
18.2901 237
18.7102 123
18.924 158
19.3303 142
19.3713 218
19.9367 213
20.7248 149
20.8296 236
21.1916 166
21.3926 229
21.9755 89
22.0475 201
22.3196 167
23.8126 87
23.9476 88
23.9934 106
24.2581 146
24.6317 177
25.0324 133
25.4648 99
25.75 223
26.2735 134
27.6216 98
27.8955 233
28.0813 97
28.7759 179
29.0071 138
29.1087 201
29.1242 222
29.9475 106
30.1178 181
30.1702 231
30.3797 239
30.4733 228
30.8294 178
30.8626 150
31.0166 188
31.3372 98
31.7516 228
31.9193 119
32.2221 110
32.3387 200
32.5622 228
32.9989 1
10118
7.8719 142
8.9406 177
9.4393 244
9.857 145
10.5559 230
10.6945 226
10.8533 152
11.3086 100
11.4618 244
11.4716 139
11.917 245
12.3287 212
12.5565 95
12.8472 208
14.3333 87
14.6688 241
14.7062 172
15.4272 207
15.4308 234
15.543 196
17.3263 87
18.0181 207
18.1975 210
19.3137 209
19.6895 181
20.0524 237
20.1816 102
21.1124 177
21.3942 115
21.6928 138
21.695 244
21.8374 155
22.1588 105
22.1979 215
24.1621 136
24.2502 232
24.348 129
25.1474 124
25.8825 156
26.46 109
27.2381 122
27.4317 171
28.6135 144
28.8991 236
29.358 137
29.3975 168
29.6345 91
29.7158 233
29.7286 88
30.3565 233
31.1596 104
31.3641 98
31.7714 216
32.4083 189
32.5785 223
33.0132 221
34.1605 149
34.1837 111
34.7876 84
34.8761 243
35.0051 96
35.3454 187
36.2034 1
7222
7.7644 194
9.0069 123
9.5801 181
10.0918 218
10.2618 205
11.1812 173
11.5347 195
11.9281 245
12.0982 152
12.5216 136
13.0349 182
13.2879 132
13.4015 200
14.1892 191
14.4135 84
15.251 190
15.402 84
16.28 184
18.7895 95
18.8981 220
19.9301 132
20.1371 171
20.6195 104
20.7979 145
20.844 231
21.8613 176
22.0504 227
22.164 199
23.2545 142
25.0165 195
25.0436 182
25.1671 86
25.6874 1849
4573
11.585 150
14.1833 100
15.3282 115
17.3938 147
17.6551 221
18.8121 178
19.7562 221
20.1888 150
20.509 173
22.9883 223
24.6709 235
24.9371 201
25.3738 219
27.6602 244
28.0508 104
28.1664 131
28.5773 148
29.0486 121
30.031 124
31.0397 1369
10924
8.5805 237
8.788 139
8.883 179
9.1459 131
9.2799 207
9.4586 105
9.5265 190
9.838 238
9.8595 110
10.0176 185
10.3313 223
10.4777 171
10.6574 149
10.7152 85
11.5436 152
11.7005 231
11.9276 202
11.9603 248
12.2155 161
12.2226 113
12.3619 153
12.8324 162
12.968 100
13.186 209
13.317 137
13.4403 143
14.4857 203
14.8453 164
14.9684 97
15.3513 142
16.1446 104
16.4835 201
16.9272 99
16.9396 116
16.9608 146
17.6593 95
17.803 229
18.7857 191
18.8008 137
19.2298 140
19.3502 147
19.6046 137
19.7153 221
19.7914 122
20.1741 170
21.1084 96
21.2083 108
21.7598 174
21.8761 232
22.4242 121
22.7281 208
23.0754 85
23.2069 236
23.4019 104
23.4539 171
23.54 135
23.8585 157
25.0991 110
25.123 179
25.637 124
25.8982 140
26.3433 85
26.8462 150
26.9809 89
27.1795 236
27.3471 191
27.4354 88
28.3476 213
28.7486 141
28.7882 246
29.0109 163
29.2175 218
29.3544 162
29.7083 176
29.8603 122
29.9399 152
30.0439 87
30.7742 126
31.8738 120
32.175 247
32.6205 178
33.0006 222
33.0403 152
33.9563 1
11679
7.8121 197
8.9779 161
9.7031 201
9.825 90
9.8719 163
9.9167 143
10.2433 180
10.3824 195
10.4066 188
10.725 99
11.0257 125
11.417 135
12.6285 245
13.5936 105
13.6596 124
14.261 101
15.006 103
15.2969 192
15.6534 97
16.1355 119
16.2932 107
16.7104 196
16.7906 173
17.3798 160
17.8506 176
18.3496 183
19.3793 110
19.7593 164
19.9568 224
20.4268 101
20.5364 188
20.6267 208
21.1527 231
21.1958 102
21.3125 215
21.425 208
21.7645 140
22.6218 227
23.0609 185
23.5518 216
24.0718 140
24.7509 158
24.9393 187
25.5718 181
25.9836 124
26.4181 190
27.2639 181
27.2955 142
27.6565 186
28.5262 137
28.9737 142
29.5175 210
29.537 151
29.9197 133
29.9314 185
30.5562 205
31.1773 101
31.2478 132
31.7429 114
32.0822 221
32.1114 128
34.9957 163
35.4837 1692
6542
9.4213 164
9.4292 176
9.594 181
11.0223 84
11.1904 188
11.4052 94
11.6561 240
12.2705 124
12.3898 153
12.6761 133
12.9808 210
13.0694 84
13.4108 173
13.7153 193
14.0251 185
14.0533 211
15.0135 85
15.0613 239
17.8468 148
17.9757 241
18.2936 180
18.5582 246
19.1211 122
21.4261 98
22.1766 126
24.1741 173
24.214 129
24.585 170
25.0638 146
25.6329 205
25.9904 221
26.1104 126
27.5694 1295
4800
9.0286 168
9.8224 195
9.8591 226
10.267 184
11.0 97
11.4748 156
12.389 151
12.6618 217
13.8023 232
14.4598 211
17.8951 135
19.8605 149
20.2033 231
22.218 164
25.3353 133
25.4351 136
28.08 153
28.4158 196
28.7408 143
28.9202 1524
10803
8.314 176
8.3563 202
8.497 239
8.915 185
9.6921 158
10.0187 172
10.0263 189
10.2907 201
10.4091 108
10.8381 154
11.5666 220
12.1762 233
12.2175 157
12.8033 167
12.9374 111
13.0158 168
13.5808 170
13.6615 134
14.0353 163
14.4102 193
14.4539 204
14.4895 113
14.7236 170
14.9394 111
15.5247 243
16.9491 194
17.0372 232
17.0458 144
17.6522 154
17.6682 245
17.693 237
17.9261 92
18.1838 190
18.7729 131
18.8696 112
19.1633 162
20.0304 176
20.0807 120
20.222 213
20.2486 165
20.4371 167
20.5045 154
20.9003 166
20.9071 160
20.924 119
21.1209 177
21.2824 194
21.6255 205
21.654 122
22.5808 155
23.782 158
24.9294 157
25.0546 174
25.1229 223
25.4825 108
25.9988 98
26.1404 147
26.8122 188
27.0134 137
27.1229 244
27.3913 197
27.5316 227
27.6433 86
27.807 145
28.1986 225
28.5288 157
28.687 228
28.7381 127
28.8351 176
28.9819 86
29.7657 149
29.9495 169
30.3558 220
30.8509 144
30.9888 100
31.3637 84
31.5272 178
31.5755 156
31.6807 164
32.0679 212
32.2869 243
33.0807 173
33.0985 137
33.1967 1
9385
8.4247 94
8.4916 127
8.8378 182
9.1175 176
9.5121 132
9.6234 126
9.8623 107
10.0154 132
10.1221 242
10.9297 238
11.5895 152
12.0245 229
12.3533 159
12.4496 231
12.692 87
13.2073 212
13.514 88
14.4309 237
14.9619 104
15.5838 87
15.7191 195
17.5527 192
17.765 224
18.7918 163
19.4517 179
19.6713 211
19.7116 201
20.4198 193
20.8639 165
21.1556 104
21.7583 123
22.2743 237
22.3069 243
22.6082 137
22.683 210
23.042 92
23.0473 208
23.6125 124
23.8949 220
24.4689 122
25.5555 227
25.5925 206
25.6479 146
25.6912 245
25.9256 210
26.3727 161
28.9793 93
29.9929 162
29.9963 136
30.3357 96
31.223 142
31.3264 208
31.814 96
31.8936 185
32.0791 137
32.3758 84
33.0717 96
33.6632 179
33.7941 165
33.9154 186
34.0584 88
34.2768 125
34.8106 1
6879
5.7054 109
6.9918 86
7.5581 103
8.5333 177
8.9559 110
9.1244 232
9.2775 155
9.4754 142
9.6667 105
9.8258 170
9.9696 133
11.0844 145
11.2754 201
11.5612 173
11.9488 87
12.0914 157
13.038 114
13.2104 149
13.2607 188
14.2511 189
14.8133 151
15.9628 210
17.4929 93
17.5325 179
18.8814 91
19.3739 224
20.1761 213
20.4599 215
20.936 120
21.0856 116
21.1158 105
24.2499 204
24.8676 2034
3808
5.9503 90
6.8183 244
9.5539 160
10.1968 124
10.3386 126
10.4142 105
10.56 98
11.2776 94
11.6011 121
11.8954 102
12.8483 248
13.8818 228
14.1675 231
16.7649 178
17.2532 191
17.9526 113
21.7003 189
23.3625 134
24.7072 208
25.2055 825
8558
5.5419 147
6.7519 114
7.3553 122
7.4815 188
7.7099 127
9.1235 99
9.4696 219
9.7007 234
9.8547 149
10.4289 195
10.4311 151
10.5554 219
10.8993 134
10.9462 159
10.9486 117
11.0387 119
11.2332 219
11.4518 161
11.4578 212
11.583 196
11.6632 119
11.9261 180
13.0273 94
13.1103 134
13.6422 193
14.1519 167
14.6838 98
14.7717 246
14.8112 191
15.0829 193
15.4275 131
15.4856 142
15.7861 193
16.2205 107
17.0364 198
17.3684 118
17.4453 198
17.7496 92
17.8168 114
18.1022 177
18.3137 208
18.3947 123
18.5548 131
18.5719 152
18.8504 189
19.7458 176
21.168 119
22.0602 151
22.4185 97
22.5075 238
22.9708 215
23.1699 205
23.3431 158
23.3768 220
23.5416 246
23.6232 201
23.9976 193
24.38 188
24.7935 86
25.4548 163
25.6176 156
25.6403 99
25.7189 120
25.8781 95
26.1069 194
26.683 122
27.3276 110
27.4218 229
27.7977 90
28.1289 89
28.2751 217
28.4485 244
28.6581 138
28.6961 128
28.8265 142
29.0087 160
29.0368 138
29.2363 167
29.331 247
29.6647 94
29.9561 121
30.6684 93
31.0263 200
31.1472 1
9885
4.9386 109
5.3481 203
5.3687 161
5.9969 223
6.6247 186
6.6864 155
8.9486 112
9.2141 205
9.3815 171
9.9974 141
10.2726 222
10.5965 210
10.742 206
11.3844 118
11.9898 94
12.3611 115
13.0388 146
13.3642 207
13.7748 137
14.3165 163
14.3628 195
14.4782 121
14.9321 90
15.1664 120
15.4643 103
15.7757 205
17.3916 189
18.0421 153
18.0781 205
18.6887 94
19.518 130
19.6528 178
20.7328 187
20.9294 185
21.2459 134
21.278 213
22.1853 189
22.342 184
22.3552 149
22.3801 163
22.5512 158
22.884 124
22.8874 195
23.8338 191
24.0123 131
24.2847 190
24.6616 135
25.5696 167
25.9069 247
26.2596 213
27.3332 160
27.3927 129
27.4394 89
28.6065 148
28.7089 88
29.4042 146
29.7374 177
30.3967 172
31.1953 176
31.8707 106
32.0385 168
33.1551 248
33.5577 1
5372
4.5787 204
5.2529 182
5.301 177
6.2895 238
7.0654 89
7.5856 171
7.6549 114
8.0056 200
8.5491 232
8.6369 118
8.8701 149
9.6965 189
11.3305 227
12.0655 178
13.8464 238
15.0811 141
15.1038 101
15.2077 122
15.28 208
17.8426 188
18.3986 209
18.4033 236
18.6344 139
18.6538 102
18.9281 217
19.095 107
19.2885 203
20.0966 94
20.4274 174
21.6573 84
22.4584 97
23.1841 184
23.8988 61
3671
4.8749 223
5.0171 234
7.3205 114
7.8909 172
8.4058 195
10.2904 96
14.3506 156
14.7547 110
15.9957 190
15.9991 213
16.8291 148
16.856 238
18.8006 162
18.8388 223
18.9766 160
20.1672 89
22.429 146
22.6145 228
23.632 240
25.7278 335
6329
4.1268 168
4.3606 162
5.4369 220
5.5727 237
5.8848 188
6.0045 109
6.2865 221
6.6315 97
6.8696 215
7.2253 190
7.3644 125
7.8698 109
7.9407 231
9.1311 89
9.1373 138
9.1525 139
9.6754 198
9.767 197
10.3482 200
10.3617 145
10.5629 139
10.8963 228
11.4987 96
11.9896 87
12.1046 137
12.1732 176
12.3454 229
12.6041 247
12.9797 191
13.3862 108
13.4697 161
13.5352 151
13.9893 140
14.1088 145
14.3489 198
14.6558 134
14.9804 179
15.0296 222
15.4451 163
15.7953 176
16.0463 98
16.6458 134
17.1599 231
17.2988 83
17.3007 187
17.468 121
17.9065 181
18.3517 106
18.3936 111
18.5105 94
18.5121 244
18.7635 163
19.6623 199
19.7381 194
20.2388 93
20.5426 116
20.9052 106
20.9766 236
20.9846 95
21.5674 219
21.7136 214
22.0811 149
22.5146 215
22.5262 118
23.6336 231
24.3803 182
24.4271 120
24.4319 182
24.4531 124
24.5266 244
24.5798 115
24.8135 245
25.0482 89
25.1259 201
26.0733 114
26.1034 92
26.8777 225
27.2574 188
27.5271 232
27.6234 174
28.3123 125
28.4719 193
28.8151 227
29.9297 1
8727
5.0421 207
5.077 142
5.4517 112
6.2359 230
6.9301 188
7.2988 136
7.4387 133
7.5192 206
7.8037 126
8.0228 244
8.2049 177
8.2158 238
8.9093 216
9.037 93
9.9963 86
10.8082 168
10.8334 153
11.5143 144
12.3203 97
12.6715 249
13.1318 89
14.1398 229
14.1605 152
14.4327 187
16.2264 130
16.2678 113
17.0049 92
17.0628 242
20.3661 93
20.6027 219
20.8335 221
20.8422 86
20.8752 173
20.9639 142
21.0199 89
21.5378 214
22.6925 140
22.9461 177
22.9653 105
23.1672 204
23.2542 129
23.622 182
23.6773 111
23.8023 92
23.9923 107
24.4477 136
24.7397 155
25.0244 151
25.6819 87
25.78 88
26.221 134
26.6738 94
26.8397 100
26.8726 178
27.4082 101
28.856 87
29.3229 87
29.468 135
30.4288 160
31.2489 144
31.2906 97
31.5682 91
31.9421 1
5054
2.3433 220
2.6357 231
2.6921 192
4.4658 184
4.6999 153
5.3627 248
6.4747 159
8.5073 95
8.9409 229
9.5187 140
10.1527 97
10.4007 222
11.0501 211
11.0668 191
12.229 136
12.3755 186
12.6998 198
13.0754 96
13.6404 97
13.8003 130
15.4314 154
15.7662 140
16.0229 135
16.2926 218
17.1553 222
17.6797 90
18.4957 106
18.6938 207
19.0826 210
20.0528 104
20.1618 193
20.3309 156
21.6161 1
3219
3.7555 204
4.3679 164
5.161 191
6.4273 130
6.8141 235
7.1381 124
10.072 99
11.2382 129
11.2959 132
12.1569 146
13.5058 100
13.5873 127
14.1849 131
15.1146 221
16.5634 200
16.9933 239
18.326 85
19.1181 125
21.9159 121
24.255 317
6055
2.1935 215
2.7469 173
3.273 120
3.4567 180
3.6351 240
3.8975 208
4.0246 203
4.5028 196
4.7531 237
4.9456 232
4.9745 237
5.3954 133
5.9522 218
6.0307 215
7.0518 133
7.6827 102
7.6986 238
7.7928 234
7.8114 101
8.4113 131
8.8968 245
8.9562 84
9.1252 167
9.1685 244
9.916 101
10.0153 121
10.2933 136
11.1917 187
11.2847 166
11.3562 228
11.4948 111
11.7157 177
12.1815 207
12.406 174
13.008 105
13.0083 178
13.0876 159
13.4248 120
13.7894 147
14.0265 216
14.5027 169
14.7398 86
15.1518 144
16.4576 139
16.9441 87
16.9631 145
17.6169 183
17.6289 239
17.6654 231
19.4546 114
19.6272 243
19.6946 242
19.7348 137
20.185 176
20.2743 179
20.8844 209
21.477 114
21.8204 241
21.9206 143
22.2074 153
22.3129 122
22.3205 116
22.605 150
23.1702 134
23.2999 104
23.9159 184
24.0262 211
24.1329 109
24.15 190
24.2777 229
24.3925 181
24.832 131
24.8687 144
25.009 90
25.1733 185
25.6875 202
25.9318 189
26.0897 116
26.1967 232
26.6622 147
27.1929 224
28.1639 95
28.1736 154
28.4151 1
6328
1.62 245
3.8621 235
4.1228 155
4.6306 157
4.9593 142
5.2962 170
5.7729 181
5.9841 227
6.8296 242
7.3217 114
7.4767 105
8.4187 96
9.1394 208
9.6675 148
10.6791 148
11.0149 178
11.2179 236
11.5014 150
11.7426 233
11.7888 168
12.0677 159
13.1108 202
14.3928 208
14.4963 240
15.4147 167
15.4381 126
15.9294 144
16.0319 200
16.1643 109
16.2793 143
17.2196 125
17.3355 141
17.5919 117
17.6401 157
17.7583 91
17.7986 220
18.896 87
19.495 196
19.7638 85
19.9159 203
20.7104 166
21.2587 102
21.3183 173
22.4284 213
22.4695 193
22.7599 88
22.9972 101
23.1659 93
24.1529 100
24.325 85
24.9261 160
25.039 202
25.3211 221
26.6601 229
27.7451 124
28.0593 160
28.3499 124
28.4454 90
28.5292 181
29.0983 190
29.5018 244
30.3992 181
31.565 1
4316
1.5905 229
1.8593 169
1.9439 227
2.4201 93
3.144 172
3.3432 183
3.5966 149
4.0485 217
4.7216 156
5.8069 154
7.2343 87
7.5252 153
9.0418 114
9.06 195
9.2927 198
9.802 117
10.4614 103
10.6473 174
10.8815 192
11.277 247
11.5851 163
12.3189 151
13.7778 125
14.0228 135
16.4707 163
16.7041 167
16.8583 191
17.0441 236
17.5957 182
18.9154 240
19.7993 157
20.0244 183
20.8218 1
3152
2.3398 244
2.5099 109
4.6968 229
5.2644 130
5.7068 166
6.041 141
7.916 232
8.8165 206
9.412 136
10.9809 148
11.7787 86
12.1439 200
13.4708 127
16.0322 124
16.4491 178
17.3061 206
18.8071 240
20.1994 149
20.8339 225
21.2449 1
6988
1.6976 122
2.1198 98
2.6933 148
2.8984 125
3.0526 96
3.8268 196
4.4397 193
4.6885 126
4.7126 96
4.9815 145
5.1016 122
5.2339 220
5.9421 244
5.9741 227
6.0477 166
6.112 145
6.4485 118
6.7515 194
6.7582 184
7.1766 151
7.439 240
7.5758 199
9.0818 188
9.3255 156
9.4017 148
9.8128 232
9.912 128
10.0132 149
10.2108 150
10.5026 137
10.9688 157
11.1066 217
11.1921 98
11.7739 246
11.7944 220
12.5055 195
12.5432 138
13.0267 241
13.0814 208
13.3631 97
14.2434 138
14.7787 145
15.2185 152
15.5959 220
16.0449 165
16.1968 215
16.3886 133
16.578 105
16.8083 223
16.8389 195
17.0415 168
17.0466 161
17.5423 237
17.8215 100
18.2401 196
18.2693 154
18.952 185
19.0893 171
19.3065 211
19.4475 184
19.4539 248
19.537 216
19.8319 241
19.9291 235
20.6921 100
20.8179 137
21.0867 124
21.7095 94
21.7193 134
22.0241 137
22.5069 152
22.5916 140
22.9411 99
23.1381 208
23.4472 150
24.2672 169
24.295 131
24.601 129
24.8853 205
25.7592 123
25.8907 96
26.4516 131
26.5505 85
26.8154 1
6958
2.1458 138
2.9087 164
3.2275 126
3.234 108
3.6931 183
3.795 219
4.8554 196
5.1471 189
5.1773 182
6.0161 220
7.3874 94
7.5069 84
8.5179 129
9.0847 164
9.1279 131
9.2196 134
10.4267 113
10.5014 243
10.605 106
11.1223 119
11.9017 185
11.9911 240
12.0523 108
12.1174 181
13.0579 215
13.8299 106
14.9404 102
16.6132 214
17.1158 248
17.4325 218
17.9716 245
18.3136 167
18.7247 152
19.0863 141
19.1955 161
19.421 155
19.4478 98
19.8203 84
20.0595 195
21.105 230
21.6196 135
21.6346 192
22.2136 162
22.3551 99
22.5234 94
23.518 223
23.7784 166
23.8548 226
24.2205 173
24.5183 135
25.1668 160
26.2338 101
26.4175 89
26.4443 123
27.2333 102
27.463 163
27.6308 233
27.8397 91
27.9816 215
28.5215 91
28.5719 219
29.0666 199
29.2428 1
3260
4.3798 235
4.3836 187
4.4939 188
4.9976 188
5.7364 112
5.9532 239
5.9616 96
7.1255 203
8.0106 186
8.3024 103
9.3489 122
9.9261 99
10.6907 113
11.0893 185
11.0924 112
11.58 195
12.5965 132
12.6093 161
12.7105 242
12.72 199
13.6073 241
14.3408 121
14.3976 192
14.4947 115
14.8703 212
16.594 187
17.737 110
18.0256 246
18.4116 184
19.7104 152
19.7292 188
22.9356 214
23.8124 1
2312
3.8779 151
4.2622 140
5.3265 165
6.4741 187
6.9317 168
7.4326 199
10.2105 146
10.5617 244
11.3946 132
11.7808 133
12.1712 240
13.3984 219
13.5179 96
13.6153 112
14.1735 129
15.5684 234
18.1939 109
18.8829 239
22.6607 187
24.7701 1
5878
2.5833 214
3.2274 170
3.7494 240
4.1212 190
4.3166 212
4.8639 110
5.2255 201
5.4626 148
5.4796 127
5.612 235
5.7216 146
5.817 243
6.2209 110
6.465 112
6.525 128
6.6292 208
6.6867 126
6.9272 119
7.3708 121
7.5616 189
7.9755 240
8.0438 157
8.3092 208
8.6964 181
8.9027 109
8.9869 141
9.4759 119
9.6427 127
10.3088 98
10.5231 122
10.777 117
10.9426 173
11.2852 152
11.6171 161
11.6612 128
12.3633 236
12.5369 118
12.7448 139
12.876 217
13.1135 151
13.4233 136
13.4332 195
13.4783 180
14.0145 156
14.2521 206
14.3434 165
14.6121 172
14.718 137
15.0055 185
16.046 97
16.2753 121
16.4973 133
16.5263 186
16.6134 216
16.8483 186
17.6034 105
18.4827 165
19.2721 243
19.2844 225
19.949 173
20.0541 146
20.145 94
20.1986 147
20.6118 124
20.7305 117
21.3377 95
21.5649 159
21.8219 92
21.9013 162
22.1012 208
22.219 211
22.2398 175
22.4029 95
22.6418 100
24.2462 201
24.5204 93
25.4753 209
26.1477 222
26.1961 169
26.4107 223
26.7016 185
26.8508 107
26.9581 135
28.6046 1
5043
2.2191 191
3.2784 214
3.637 94
4.1855 239
4.6969 202
4.6971 190
5.0524 196
5.9465 172
5.9493 95
6.0903 208
6.1858 222
6.1977 201
6.8082 206
7.1905 219
7.2776 233
7.7191 199
8.9249 224
10.1689 145
10.5883 191
10.8416 241
11.0268 83
11.2652 180
11.315 223
12.0448 155
12.0568 183
13.1676 228
13.3776 214
14.6548 96
14.8877 188
15.4182 121
15.4322 127
15.4501 161
15.5186 166
15.9101 106
16.7611 177
16.8326 177
16.8453 214
18.0562 107
18.3041 163
18.4292 105
19.5432 148
20.1944 226
20.6032 87
21.1476 131
21.2551 133
22.4236 94
22.9906 164
23.0141 99
23.0383 231
23.1861 195
24.1934 233
24.2288 93
24.3022 136
24.5819 87
24.8518 128
25.7232 105
25.824 105
25.8256 130
26.0717 190
26.1751 176
26.4976 187
27.9988 105
29.3543 1
4195
5.2023 139
5.6126 190
5.8356 237
6.8957 132
6.9358 113
7.2974 89
7.3031 168
7.3934 247
7.4309 171
7.5874 203
7.8479 133
9.2624 107
9.2947 219
9.6799 227
10.0542 151
10.4963 168
10.8438 91
11.1503 145
11.1614 226
11.792 232
13.4148 204
16.1884 187
16.2213 225
17.3279 100
19.8904 84
20.2852 114
20.3909 232
20.6417 187
21.3829 172
21.8214 199
22.5349 191
23.2318 169
23.7294 1
2335
5.5872 185
6.4056 241
9.7802 210
10.0737 131
10.3207 118
10.8444 175
11.1521 229
12.3637 83
13.2087 168
13.5187 158
16.0899 206
16.5765 184
17.8092 127
21.9209 230
23.9121 166
24.6791 133
24.8026 181
24.829 160
25.0505 198
26.6529 1
5347
3.4872 209
4.1833 100
4.2422 119
4.9118 149
4.9664 217
5.6329 121
6.1966 95
6.3724 205
6.4765 138
6.51 178
6.9295 172
6.9763 235
7.3003 248
7.6 131
7.6749 95
7.7077 193
7.8619 120
8.0275 115
8.0887 152
9.4027 126
9.9944 87
9.9985 167
10.425 215
10.5423 178
10.7496 110
11.1295 193
11.3574 187
11.5185 152
11.764 93
11.7934 184
11.833 171
12.0171 235
12.0683 172
12.1231 136
12.1436 145
12.3918 147
12.6908 178
12.7311 167
12.8424 244
13.9059 143
14.1436 183
14.3217 180
14.5962 198
15.2873 103
15.2968 120
15.4171 90
16.1963 148
16.209 129
16.4264 239
16.4268 220
17.159 134
17.2903 199
17.5941 134
18.0019 117
18.2405 172
18.5645 153
18.5932 167
18.8974 154
18.9943 220
19.18 194
19.9784 103
20.3979 154
20.9085 181
21.9428 161
22.5089 161
24.1727 199
24.2373 162
24.5796 201
24.6643 89
24.7373 206
25.0772 187
25.1603 130
26.6159 121
26.9391 192
27.0824 232
27.3468 211
27.6609 221
27.7261 148
27.918 209
28.2419 226
28.2683 108
28.2768 87
28.4249 148
29.064 1
6448
5.8581 122
7.5607 209
7.6952 113
8.248 205
8.3081 152
9.6211 109
10.3146 124
10.3664 177
10.7697 98
11.0752 207
12.085 249
12.4307 240
12.432 154
12.7935 231
13.383 102
14.3488 110
14.4833 120
14.6358 213
15.0448 135
15.1971 144
15.3057 183
15.5514 208
15.9456 86
16.4042 227
16.9867 91
17.0678 121
17.1781 85
17.1851 132
17.8196 181
18.2421 148
18.2617 112
18.6068 125
18.6194 115
18.892 193
19.0979 146
19.4299 186
19.674 239
19.7136 225
20.1408 104
20.7727 249
21.2558 223
21.2624 232
21.3621 142
21.4457 200
24.5624 164
24.5675 217
24.6659 185
24.7325 103
25.1968 98
25.3621 233
25.4003 135
25.651 103
25.9507 227
26.9361 184
28.5981 214
28.8188 170
29.5421 186
29.976 138
30.0863 139
31.0112 94
31.5455 169
31.8083 102
31.8306 1
5752
4.6198 150
4.8819 102
5.2117 178
6.2487 191
6.2682 158
6.3824 211
9.5772 165
10.0258 209
10.8999 217
11.4794 134
11.7718 170
11.8257 165
12.6484 210
13.1324 113
13.2126 198
13.6795 92
14.1662 121
15.0894 237
16.2229 88
16.513 193
17.1706 114
17.3563 87
18.1335 232
19.1393 184
19.5631 102
19.7096 161
20.5335 111
21.9208 151
22.1579 181
22.5187 218
22.6571 104
22.7218 103
24.7981 703
3040
7.4898 206
8.8089 172
9.4632 138
9.5672 210
10.9286 91
15.7619 190
15.8681 116
17.2226 229
18.5815 145
19.0593 132
19.5888 207
20.9787 237
21.1853 138
21.5953 91
22.6556 156
23.5869 163
23.6587 146
25.6864 212
25.8661 83
26.2586 1
6452
4.2984 238
4.9058 155
5.0694 158
5.4238 196
5.4544 156
5.6242 211
6.2009 143
6.2513 89
6.3682 142
7.0925 185
7.3503 104
7.386 107
7.4263 106
7.4369 229
7.6556 215
7.9234 130
8.3603 219
8.8803 177
8.9517 102
9.1651 104
9.2232 95
9.9196 84
11.3854 107
11.8024 155
12.1546 182
12.3694 92
13.7021 187
13.8633 218
14.0976 173
14.3903 123
14.4221 197
14.5549 161
14.6339 133
14.6645 137
14.8508 194
14.8996 200
14.9439 184
15.2191 141
15.2669 84
15.561 207
16.1587 104
16.5753 248
16.5783 201
16.5868 227
16.6445 125
16.6915 223
17.1351 188
17.6624 87
18.1192 232
18.1249 184
18.1749 178
18.7781 101
19.2997 136
19.4287 151
19.6569 121
19.6948 129
20.3669 95
22.2607 190
22.7642 189
23.0314 175
23.3821 118
23.4679 241
23.6853 154
23.7303 173
24.0235 215
24.2017 154
24.4464 178
24.7685 127
25.2408 200
25.761 172
26.3384 120
26.7798 177
26.9265 223
27.3709 158
27.5383 246
27.6726 198
27.6993 168
27.9638 181
28.4153 193
28.4481 114
28.6689 103
28.811 177
28.8793 120
29.4045 1
9126
5.2721 188
5.6951 101
6.4694 184
6.9055 170
7.3752 228
8.8996 238
9.8746 122
9.9981 171
10.4265 210
10.9125 123
11.8614 209
11.9266 136
12.1688 180
12.4807 232
13.3103 114
13.7508 222
13.8569 95
14.0771 240
14.5686 232
14.9847 145
15.3529 133
15.9853 87
16.1003 118
16.3086 226
16.3121 129
16.8604 134
17.156 198
17.539 201
17.7798 169
18.0184 221
18.1306 128
18.1813 211
18.4745 133
18.7248 85
19.9923 185
20.2087 199
22.0693 199
22.1439 206
22.1971 105
23.1017 173
23.9267 126
24.0072 206
24.1625 150
24.7408 181
25.0919 136
25.4852 200
26.1496 171
26.9563 96
26.9811 213
27.1646 90
27.1672 118
27.2024 103
27.2222 223
27.448 103
27.5124 172
27.8776 230
28.4563 206
28.5952 205
29.5214 158
30.383 120
30.4557 168
30.9348 157
31.0424 1
5492
5.0897 113
5.8872 172
7.4721 152
8.7775 165
9.0125 241
10.2964 103
10.9291 198
11.1875 157
11.2552 147
11.7716 100
11.8595 128
11.8956 190
12.1645 155
14.2007 189
14.6373 200
14.822 120
15.0001 152
15.493 174
16.2316 144
16.9869 179
17.7943 182
18.9071 205
18.9615 193
19.8173 89
20.2856 138
20.7255 181
22.614 94
23.4854 187
23.7558 235
24.1742 217
24.2094 128
24.4473 196
25.3056 269
3571
5.6116 106
6.6797 206
7.6903 105
8.6827 84
9.1893 153
11.2983 174
12.5363 100
15.1218 169
16.1574 138
16.3722 195
17.1169 190
17.1912 115
18.0169 134
18.3319 211
22.2288 226
22.4366 239
23.4331 85
26.7775 201
26.7831 137
28.7075 604
9803
5.6066 172
6.3438 204
6.7034 191
6.8214 184
7.0541 243
7.5457 154
7.6928 230
7.7212 84
8.1725 84
8.251 117
8.6974 129
8.9421 211
9.1863 211
9.5976 128
9.644 115
9.8502 158
10.0047 95
10.1036 222
10.6071 240
10.9294 184
11.226 122
11.2549 114
11.5275 177
12.2018 136
12.2719 100
12.7078 120
12.7433 195
12.9641 145
13.3548 217
13.6138 165
13.8426 244
14.0085 120
14.322 120
14.6176 129
14.9814 101
15.1169 184
15.1599 178
16.0475 188
16.3346 243
16.5357 114
16.7976 241
16.9016 156
17.2009 200
18.0412 144
18.3816 158
18.4401 178
18.7797 125
19.2695 230
20.9511 182
21.9695 160
22.5056 159
23.0403 195
23.2186 106
23.6522 176
23.7454 195
24.062 138
24.156 208
24.2304 131
24.4664 161
24.4816 144
24.8536 145
25.5134 126
25.5405 129
25.7508 238
26.027 211
26.1511 186
26.185 138
26.5751 222
26.6328 144
26.8004 118
26.8013 198
27.209 114
27.285 161
27.338 231
27.4703 120
27.5422 160
28.0179 183
28.1507 240
28.6787 92
28.8736 169
29.1228 132
29.2578 90
29.5804 128
30.4604 1
11220
5.7244 131
6.4785 209
6.9498 238
8.022 215
8.1783 112
8.8142 129
8.9433 155
10.5133 173
10.88 151
11.6006 228
11.6837 98
11.6979 129
12.0395 198
12.7062 88
12.8294 242
13.5591 127
14.1531 188
14.2068 99
14.5156 156
14.5307 198
14.7126 176
15.5809 110
15.8929 204
16.3683 238
17.058 219
17.0756 110
17.8015 119
17.8408 135
18.2224 238
18.3006 128
18.5206 162
18.9171 196
19.1321 85
19.2497 155
19.9477 133
20.0562 142
20.4109 104
20.7005 225
21.055 177
21.5546 153
23.3295 244
23.3581 127
24.2018 119
24.396 99
25.0745 174
25.8886 212
26.2775 192
27.4056 241
27.4149 89
28.6339 115
28.9622 179
29.7699 121
30.53 179
30.8982 87
31.9342 127
32.2168 139
32.2198 196
32.3683 152
32.7261 112
33.0001 101
33.1708 235
33.7259 173
33.9314 1335
7145
7.838 209
8.9971 233
9.0735 157
9.319 137
9.6082 167
10.0261 147
10.879 173
11.459 187
11.52 188
12.9697 142
13.3305 243
13.5238 131
15.209 173
15.5723 197
16.3835 183
16.4125 85
16.6111 205
16.6273 176
18.0691 210
18.6287 99
18.723 93
18.8185 236
19.5849 162
21.6204 200
23.6211 152
25.1013 102
25.1701 92
25.4835 138
26.4624 231
26.6371 237
27.7095 122
28.5897 183
28.7012 1756
4089
8.9853 226
11.8283 164
13.7981 119
16.217 119
16.2293 176
17.4497 216
17.498 155
18.9158 99
20.1747 143
20.3838 183
20.4496 226
20.6009 174
20.7994 141
21.1937 238
23.6677 189
25.2216 164
26.4349 100
27.8875 127
29.1864 198
30.3646 933
10191
8.7865 162
8.9223 152
9.3394 122
9.5453 133
9.6515 178
9.9816 188
10.1644 237
10.1882 166
10.5857 164
10.6005 206
11.1794 142
11.6813 222
11.7446 160
11.8674 119
12.0435 217
12.6415 223
12.747 139
13.0392 132
13.6506 203
13.7699 181
13.9463 210
14.8081 132
14.8109 200
14.9781 226
15.1433 137
15.2007 219
15.3414 217
15.842 182
15.8503 123
15.8938 214
16.2735 205
17.0693 138
17.3401 89
17.4521 170
17.8548 86
18.2399 110
18.5661 140
18.7302 181
19.223 187
19.2282 197
19.6681 213
20.2911 153
20.4487 92
21.1682 221
21.171 192
21.6818 222
22.2703 100
23.0701 161
23.0781 133
23.3417 201
23.8432 236
24.1235 91
24.1431 103
24.3594 155
24.4867 132
24.5291 197
24.5558 140
25.0359 139
25.4413 216
25.6991 215
25.8867 113
26.1405 122
26.7313 113
26.7639 145
27.3266 220
27.3487 106
27.5279 140
28.3108 102
28.4658 220
28.6525 101
29.8283 195
29.9304 127
30.3883 146
30.4337 161
30.508 108
30.84 123
30.8574 209
30.9362 193
31.1564 217
32.8423 204
32.9761 154
33.1478 169
33.5329 136
33.6078 1
9753
8.5489 119
8.8597 248
9.0953 167
9.3809 161
9.9205 114
10.6635 134
11.1476 227
11.3332 228
11.7983 98
12.4105 86
12.7714 219
12.9594 140
13.0068 142
14.1488 191
14.6143 171
14.8326 232
15.3059 145
16.0451 233
16.0992 187
16.1975 191
16.7509 217
17.0052 181
17.2907 240
18.1453 110
18.9279 177
19.305 102
19.7345 118
20.2397 240
20.5738 225
20.6043 170
21.3315 115
21.7121 96
21.8962 152
23.1808 248
23.8095 170
23.8735 102
24.7868 158
25.1481 192
25.4325 208
25.5388 239
25.7771 165
27.0197 240
27.184 104
28.5261 133
28.5539 233
29.0958 181
29.1524 220
29.7955 243
29.8457 87
29.912 103
30.4766 134
30.9457 142
31.2987 224
31.3461 143
31.661 183
31.8031 143
32.3346 136
32.4611 84
32.6926 195
33.1091 102
35.1344 223
35.4579 137
35.7685 1
7412
11.0588 175
11.7511 228
11.9382 147
13.0394 232
13.2065 113
13.6924 161
13.7499 120
14.4297 83
14.5191 135
14.9444 209
15.7879 93
15.8466 239
16.0769 210
16.5693 145
17.5647 117
19.8883 140
20.0678 226
21.5746 136
21.7481 200
21.7533 236
22.1942 101
22.878 151
23.1983 181
24.5967 184
24.6954 144
25.1363 210
26.3964 174
26.9807 180
27.3574 152
28.0392 186
29.0887 215
29.2106 137
29.9807 2053
4143
10.1431 232
10.5007 108
12.5574 103
13.4527 182
13.6193 131
15.8106 141
16.0399 111
17.6356 95
17.9408 127
19.4647 115
20.1742 207
20.2223 142
21.6286 216
21.9133 137
22.7749 128
24.4669 215
25.5442 154
26.08 113
28.4261 111
28.6343 1376
9971
9.3065 200
9.3997 146
10.1289 135
10.5541 90
10.9813 167
11.933 189
11.9482 89
11.9556 176
12.5263 83
12.8144 222
13.0147 84
13.2453 241
13.4243 209
13.8963 148
13.9326 233
14.8118 139
14.9039 210
15.1437 181
15.2159 188
16.8948 136
17.1065 205
17.1495 172
18.8173 235
18.8514 162
18.9908 114
19.1056 103
19.219 229
19.797 146
20.2542 138
21.4171 86
21.8021 174
21.83 172
21.8698 110
22.3369 184
22.3909 209
22.7192 163
22.7355 142
23.1154 246
23.1534 231
23.3066 152
23.4451 231
23.8036 238
23.8946 179
24.3044 145
24.5527 153
24.8705 158
25.0742 223
25.3087 223
25.408 103
25.4863 154
25.4964 202
25.5884 138
26.1301 196
26.4499 243
26.8795 99
26.9762 236
27.0342 226
27.3592 96
27.5359 90
27.6683 229
28.2273 225
28.8589 222
28.9267 142
29.3143 190
29.347 149
29.4605 225
29.6441 232
29.7787 220
30.6551 96
31.0663 126
31.1318 230
31.521 226
31.7015 199
31.7215 89
31.9869 164
32.1698 194
32.9657 135
33.0048 121
33.0133 233
33.3436 121
33.5836 226
33.613 238
34.0793 138
34.5838 1
12151
9.756 145
10.2018 104
10.6432 108
10.8808 144
11.7444 201
11.9768 233
12.0653 133
12.3787 166
12.5926 186
13.0216 212
13.4013 141
13.9409 240
15.0216 203
15.6776 243
15.7753 121
16.4269 207
16.4569 138
16.5458 186
16.6913 136
17.7068 97
17.8107 225
18.1543 152
18.4631 152
18.5846 121
18.8024 182
19.8518 248
20.0676 192
20.384 88
21.1595 245
21.2893 217
22.0498 197
22.3005 118
22.3594 100
22.7969 248
23.2709 201
23.5413 235
24.1637 99
24.3842 139
24.5406 95
24.8287 238
24.9273 96
25.1881 210
25.2738 187
26.0323 114
26.0999 235
26.1966 170
27.7486 172
30.0998 160
30.3444 229
30.3456 97
30.5822 83
30.5935 100
31.0932 208
31.4146 141
31.5492 245
31.9313 188
32.4714 246
32.7579 228
33.1542 112
33.4809 231
33.5691 194
33.7782 121
36.7601 1549
6264
9.9029 161
10.724 85
11.7261 96
11.7303 139
12.6526 166
13.0123 154
13.6954 226
13.7943 196
14.695 242
14.8857 210
15.636 209
15.9915 119
17.1937 173
17.5701 190
18.2319 166
19.134 204
20.4124 214
21.3967 164
21.4112 178
21.4453 182
21.8665 231
22.2452 154
22.7391 151
23.1392 110
24.9971 163
25.4045 182
25.4623 142
26.1349 224
26.8233 125
26.9198 187
27.1146 207
28.3725 115
28.7142 800
5256
9.7014 242
10.4324 168
11.0256 234
13.2175 101
13.5756 210
15.1778 217
16.1551 164
16.6996 153
17.7603 157
18.6377 110
19.5701 194
21.2167 121
23.6267 235
24.9236 151
25.8967 202
27.5987 83
28.8646 235
29.1681 161
30.5809 202
31.1044 1917
11245
9.7954 181
9.8682 177
10.0078 97
10.7659 237
11.2923 173
11.5448 186
11.8232 238
12.0689 156
12.3979 88
12.7395 125
13.0963 148
13.1348 170
13.1858 90
13.2688 205
13.2725 127
13.886 97
13.8958 191
14.2196 219
14.6782 167
14.9259 236
15.1586 202
15.218 145
15.4121 136
15.6596 111
15.7672 161
16.6313 242
17.1537 152
17.3226 119
18.7487 122
18.8592 181
19.0851 189
19.2602 99
19.4303 149
20.2193 142
20.3599 180
20.5429 162
20.6883 125
20.9359 120
21.2027 165
21.2532 207
21.5949 109
21.7906 187
22.4021 139
22.738 109
22.7691 137
23.1817 124
23.2533 116
23.3455 149
24.2893 195
24.7752 176
25.0544 116
25.3391 83
25.7343 215
26.2647 196
26.5577 127
26.9061 167
26.9465 242
27.2275 125
27.8722 102
27.9887 115
28.0378 230
28.0989 149
28.182 149
28.4392 205
28.7905 143
28.8564 240
29.3137 108
29.3141 98
29.4969 131
29.8649 173
29.916 126
30.3117 117
30.3568 144
30.7839 146
30.8006 235
31.182 155
32.1864 83
32.3637 189
32.8365 203
33.5353 156
33.9304 157
34.0062 127
34.6264 106
34.8836 1
9956
11.1182 120
11.287 241
11.4013 123
11.4144 137
11.8999 110
12.2883 231
12.3819 211
12.4679 190
12.7023 144
13.7982 192
14.0592 209
14.2129 141
14.3357 146
14.3919 155
14.8665 225
14.942 146
15.1013 99
15.1737 160
15.2535 232
16.4968 160
17.1846 234
17.5966 107
19.4052 228
19.6854 233
20.0688 246
20.4034 212
20.8349 187
21.4869 159
22.2419 98
22.2668 129
22.4109 131
22.8334 128
24.5886 188
24.6169 198
24.741 97
24.9366 179
25.1012 119
25.2262 237
25.4817 214
26.0779 230
26.5597 223
28.5737 111
28.5853 125
28.752 143
30.6986 92
30.8172 212
30.8953 121
31.1186 182
31.8472 226
32.1608 174
32.9002 163
33.2834 158
33.4649 157
33.9805 136
34.5992 203
35.167 172
35.4578 92
35.5333 115
35.7749 248
35.9399 85
36.0537 178
36.2647 103
36.7322 1
6578
9.7394 243
10.1172 196
10.1207 203
10.1426 235
10.5304 212
10.5756 138
11.7441 105
12.4344 87
12.564 106
12.9492 137
15.8919 205
16.823 91
17.2784 173
17.6977 246
18.6251 194
19.8626 142
20.5565 187
20.7999 224
20.9837 109
21.763 140
21.9082 185
22.1819 95
22.5623 209
22.8145 230
24.5714 116
25.2087 171
25.4311 234
27.2823 135
27.8208 229
28.7334 159
28.7647 201
29.158 226
29.3067 1016
4453
11.4088 209
15.4918 173
15.6633 165
16.006 150
16.1294 246
16.4619 163
17.4635 212
18.7715 167
20.3034 99
23.1267 226
24.2949 108
24.8464 153
25.1157 85
25.2617 165
25.5231 204
26.9459 220
27.4616 160
30.0623 187
30.0953 187
30.8409 1175
9369
10.1435 220
10.3133 127
10.6186 142
10.686 151
10.782 154
10.804 109
10.881 101
11.1343 231
11.6354 202
11.8841 223
12.1867 146
12.5635 164
12.6926 104
12.7394 222
13.2699 203
13.4711 230
13.8007 132
15.8345 100
16.0133 206
16.1871 145
16.4742 184
16.4861 229
16.5231 200
16.5333 85
17.1155 124
17.1624 102
17.1849 164
17.2443 141
17.3731 238
17.9362 149
18.0232 97
18.068 91
18.7686 207
19.0709 88
20.0176 116
20.0206 136
20.4898 122
20.7712 154
20.9379 117
21.5254 216
21.6219 96
21.8414 191
22.1796 157
22.6624 177
22.9908 103
23.6279 142
23.7714 245
24.0059 228
24.6387 187
24.7672 237
24.9572 120
25.3766 154
25.3965 161
25.4244 145
26.2269 119
26.4509 205
27.2216 221
27.2325 193
28.166 94
28.3628 211
29.546 237
29.6668 150
29.7146 86
30.2851 145
30.8613 233
31.1288 158
31.3383 116
31.6925 189
32.112 248
32.2654 237
32.703 91
32.9258 234
33.6163 208
33.7595 139
33.872 107
33.9098 161
34.138 195
34.1568 206
34.1669 156
34.2123 88
34.235 157
34.2593 135
34.7786 173
34.9034 1
8646
9.5741 242
10.7304 91
11.132 186
11.2864 226
12.0012 109
12.2247 161
12.3902 133
12.6235 164
12.6428 198
12.9162 162
13.4746 171
13.8382 100
14.2116 140
14.2971 213
14.4553 94
15.0642 201
15.2057 229
15.4909 122
15.6341 121
15.8013 175
16.107 226
16.4257 237
16.5298 190
16.6053 219
19.8021 172
20.3185 218
20.3554 194
21.9129 121
23.049 166
23.0529 93
23.1041 132
24.1349 106
24.2016 126
25.95 175
26.4046 162
27.1528 142
27.6523 191
28.4565 166
28.5321 216
28.5781 201
28.7931 145
29.1324 143
29.8259 115
29.9129 217
30.202 95
30.295 247
30.4438 85
30.6754 98
30.6953 242
30.955 121
31.543 161
32.8253 210
33.718 141
34.0176 128
34.7384 208
35.011 159
35.3116 148
35.682 243
35.7246 243
35.973 237
36.2532 235
36.2944 167
36.3221 1
6484
9.5889 196
10.8928 155
11.0653 137
11.1773 215
11.5541 176
11.9097 201
12.8282 190
13.6962 97
13.8087 191
14.0907 166
14.8824 146
15.9476 171
16.3022 226
17.3329 158
17.7241 130
18.1604 117
18.4658 102
18.879 132
19.2703 133
19.4623 172
19.532 85
19.6082 130
19.8942 159
21.6604 159
22.1805 197
22.6 217
24.5737 88
24.9042 131
25.8589 157
26.4021 129
26.8101 127
28.2253 239
29.1057 1456
3318
11.4198 95
16.6255 175
17.0563 104
18.7001 152
19.7909 168
19.9447 207
20.3475 135
20.8214 87
21.0186 185
22.1089 126
24.9619 171
25.2886 174
25.8296 204
26.9716 223
27.9569 126
29.4943 216
30.5057 168
30.989 108
31.203 193
32.4172 302
7705
9.7205 210
9.9039 200
10.8286 240
11.0973 120
11.646 197
12.1798 207
12.8015 177
12.9279 100
13.0849 149
13.2201 160
13.3482 197
13.3966 224
13.4682 120
13.6671 85
14.32 196
14.7764 113
15.434 169
15.5088 88
15.6116 244
15.7121 180
16.1543 209
17.4425 91
18.0079 114
18.2627 122
20.0338 164
20.3471 108
20.4879 88
20.7059 200
20.9638 174
21.3486 162
21.5074 164
21.7066 100
21.9218 86
21.9372 115
22.1591 230
22.5698 102
22.6613 229
22.7142 169
22.7784 122
23.303 115
23.3382 129
23.7262 124
24.0878 176
24.1121 247
24.4481 135
24.5483 108
24.8323 181
25.1253 152
25.3126 191
25.7738 117
25.8578 87
26.1081 200
26.3951 233
26.4015 120
26.7758 133
27.0357 207
27.1109 110
27.4043 150
27.5979 230
27.7978 225
27.8685 103
28.1442 199
28.2484 124
28.2593 239
28.4468 247
28.7683 231
29.1344 169
29.3786 245
29.6791 153
30.0463 228
30.0524 185
30.2322 153
30.3419 169
30.4863 103
30.593 206
30.6885 84
31.3964 176
32.3168 243
33.1935 133
33.2473 173
33.5798 192
33.5843 100
34.2584 228
34.3569 1
8459
10.6477 220
10.6528 136
10.8532 199
11.4533 246
11.6467 117
11.9816 235
12.0652 200
12.5682 238
12.7338 238
13.253 179
13.7925 144
14.0374 163
14.3151 132
14.3224 152
14.385 164
14.4566 120
14.5597 218
14.6681 152
15.6163 141
15.9098 182
16.0201 225
16.0624 160
16.1867 201
16.5629 192
16.7465 144
16.9181 86
17.0518 132
19.7402 88
19.896 86
20.6377 113
20.6556 164
20.7579 218
22.2237 221
22.7025 125
23.6362 122
23.7488 129
24.5926 87
24.5977 147
24.9528 102
25.5703 95
25.6245 146
25.6385 179
26.8379 230
26.935 225
27.6547 138
27.7854 188
28.5179 108
29.2275 121
29.6419 237
30.5736 94
31.0257 150
31.1422 239
31.2161 219
31.5418 113
31.9179 154
31.9755 104
32.0001 94
32.8494 93
34.1005 138
34.8216 137
35.6966 210
35.7546 166
36.9086 1
5080
9.3726 220
9.6397 99
9.8891 142
9.9814 246
10.3237 118
10.3359 139
12.9533 245
13.7315 201
14.1912 137
15.4616 239
15.8452 179
16.0246 231
16.585 177
16.6825 155
16.8666 193
16.9663 149
17.7289 211
19.981 225
20.7429 92
20.8443 161
21.1923 224
21.3611 138
21.6612 191
22.2577 182
23.2909 238
23.6906 144
24.4164 129
24.4883 153
24.523 233
26.169 215
26.2398 189
27.1455 99
27.2523 1
3487
11.4935 185
11.6691 103
12.0656 151
14.2919 151
15.4583 245
16.9888 124
18.2634 226
18.303 91
20.9533 214
26.3663 152
27.1464 215
27.6915 247
27.9782 227
28.9729 220
29.0801 245
31.0541 234
31.0601 192
31.1548 139
31.2222 88
32.3024 39
8293
9.4362 248
10.3419 109
11.4826 225
11.8962 211
12.4437 231
12.7142 176
12.7903 130
12.9216 98
13.2714 215
13.6829 248
13.9176 200
13.9848 173
14.569 205
14.7621 112
14.8818 238
14.9714 113
15.3164 184
15.5255 216
15.6001 240
15.9651 229
16.3126 154
16.8778 163
16.9615 123
17.3128 130
17.4354 95
17.9841 208
18.5791 182
18.8097 114
19.2673 189
19.3193 199
19.4203 145
19.4322 167
19.5749 92
20.2669 228
20.7264 107
20.8898 165
21.057 137
21.1139 110
21.485 173
22.2436 112
22.2788 95
22.3564 246
23.208 103
23.3034 192
23.6009 98
23.6387 188
24.0876 228
24.1432 194
24.1774 235
24.6493 185
24.9975 120
25.5445 168
25.9635 132
26.0344 191
26.5691 98
26.8352 181
27.0717 173
27.596 229
27.6188 136
27.764 147
27.899 91
28.1192 90
28.417 209
28.4676 116
28.749 207
29.006 222
29.1452 111
29.1776 185
29.2929 223
30.0868 170
30.4987 85
31.1565 156
31.1937 191
31.7219 84
31.885 230
31.9057 248
32.0847 231
32.3918 188
32.478 203
32.8726 94
33.136 177
33.5406 188
33.7762 107
34.5556 1
8947
10.6542 120
10.6676 116
11.1565 90
12.0201 243
13.1766 107
14.3519 160
14.3643 105
15.2133 188
15.2939 138
15.3856 244
15.548 86
16.5433 217
17.2928 87
17.4586 117
17.6003 151
18.5381 224
18.7927 212
18.852 142
19.1488 136
20.0628 198
20.1452 242
20.1922 120
20.6762 85
21.631 86
21.6322 191
21.7112 102
21.9077 151
22.755 194
22.8932 249
23.1163 203
23.5397 170
23.5642 233
24.1321 97
24.4553 117
25.4812 155
25.6061 193
26.9697 199
27.0718 199
27.3763 152
27.7774 145
27.7893 232
28.8679 229
29.209 229
29.7203 223
30.2581 167
30.969 110
31.0605 101
31.1102 198
31.3358 247
31.4596 97
32.146 133
32.1744 111
32.965 83
34.3461 210
34.5524 202
35.193 127
35.2902 241
35.7003 97
35.7212 218
36.3722 167
36.3981 234
36.6608 210
36.8811 1
