24 100 5 4
0 1 0 1 
1 0 1 1 
0 1 0 1 
1 1 1 0 
0 247 0 577 
247 0 401 325 
0 401 0 521 
577 325 521 0 
19 12 38 31 
1536
9.4203 200
11.0984 152
12.0283 193
12.2934 91
13.9593 157
15.0379 126
15.5798 109
15.7739 171
17.0315 164
17.8506 176
21.7619 208
22.4321 230
23.0337 165
23.29 135
23.3493 161
24.6953 217
25.8805 228
26.0886 218
26.7714 1
1155
10.1237 240
11.0782 239
12.7981 234
13.6684 90
14.4513 207
16.1753 199
17.3554 192
18.541 201
21.3528 233
22.221 189
27.6287 145
31.4405 1
3878
10.0647 138
10.3949 152
10.7606 100
11.6327 234
12.4503 162
12.8964 223
13.5078 245
13.9698 140
14.2313 163
14.676 199
16.363 154
17.4577 133
18.6606 205
19.1065 231
19.9636 236
21.1026 187
22.0594 145
23.1037 245
24.1611 189
24.5068 94
24.6813 97
25.9941 207
27.6337 93
27.9218 84
29.2423 148
30.0372 169
30.2211 157
30.7579 164
30.7697 180
31.5359 196
31.8918 153
32.1302 144
32.3131 247
32.4569 126
32.9581 212
33.7528 155
33.821 143
34.6597 1
3145
10.3803 215
10.6337 192
11.3488 83
12.5539 113
13.2379 167
13.5896 125
17.5322 94
20.4756 226
20.5492 240
21.3934 133
22.1311 151
23.4508 217
23.5413 93
24.5175 189
24.9836 104
26.3389 131
26.4504 221
26.794 92
27.0523 89
28.713 152
30.3535 165
30.8033 226
30.8279 202
31.0416 195
31.1612 108
31.9047 247
32.0821 151
33.8119 185
34.3765 147
35.5021 91
35.7814 1
1196
9.5045 197
9.5866 88
10.0838 236
10.2188 243
10.9685 203
11.6612 96
14.7626 95
15.3249 143
18.8186 88
20.8047 141
21.9392 85
25.4669 245
26.4079 219
27.9131 95
28.0883 231
28.3396 118
28.7651 117
28.8923 195
28.9821 1
818
15.1232 174
15.9016 206
16.1646 107
16.4599 153
19.2614 189
19.5172 97
20.1183 157
20.1696 144
25.4393 241
26.79 93
30.2559 151
31.3369 1
2747
9.8849 83
10.7108 199
10.7745 186
10.8658 84
11.702 133
13.5867 211
13.7124 187
14.7394 174
15.5691 109
16.3247 200
16.7525 161
16.8661 196
17.7385 209
20.9186 122
21.0329 209
21.3148 129
21.7515 246
21.8545 103
22.2591 230
22.7774 90
23.944 126
24.1021 170
24.5592 180
24.9088 149
25.3489 100
25.7329 125
26.1313 130
26.8835 208
27.0478 234
27.3647 182
27.6931 89
29.2001 215
29.4096 134
29.6386 139
31.9523 171
32.2928 124
33.2047 236
35.0399 1
2294
10.6621 122
11.2762 97
12.3462 114
12.6336 92
13.5677 189
14.406 112
14.5487 184
14.8886 185
15.3932 200
16.4153 168
17.5007 130
17.976 229
18.4274 142
18.4592 159
18.6184 188
21.2102 169
21.4884 242
21.6267 241
21.6465 237
21.8747 238
22.5451 179
28.3811 164
28.6466 200
31.4503 119
31.854 127
34.2316 90
34.7769 110
34.8827 84
35.0812 192
36.1694 106
36.4722 1
1180
11.4472 172
12.0712 126
12.161 121
13.3993 103
14.1482 213
14.4245 99
14.4293 205
16.7785 124
16.988 130
20.4559 205
20.739 192
21.2248 206
21.9144 169
22.6608 226
22.7732 103
23.8624 190
25.5586 103
26.2354 205
29.1277 1
706
10.2481 170
10.7332 143
17.6655 159
17.7131 85
19.7978 120
23.441 191
24.1133 193
24.4765 165
25.6585 241
28.3861 163
28.4306 135
31.0499 1
2244
10.0154 87
10.5171 90
10.8006 120
12.0754 192
14.1663 94
14.9035 93
15.3306 244
16.3368 153
16.4993 231
18.3983 119
18.9335 155
19.1877 142
20.6179 112
21.4249 138
22.6401 247
23.5774 207
24.3522 147
24.6916 151
25.0304 127
26.2935 171
26.4013 205
26.7165 197
26.7182 160
27.5192 90
27.5401 236
27.6958 151
27.8197 148
27.8731 84
28.7457 106
29.2905 227
30.0266 168
30.0868 205
31.8831 108
32.1741 138
32.8165 222
33.2435 219
34.3607 124
34.6276 1
2091
9.6023 247
10.0664 83
10.6148 106
11.5285 90
15.1638 104
16.923 237
17.007 240
17.6819 163
20.7609 240
21.057 219
21.9762 212
22.2178 207
23.5443 114
24.9235 174
25.4385 153
27.1033 241
27.5841 112
28.2895 111
29.8128 192
30.4286 109
31.0023 101
31.0756 167
31.3874 215
31.7803 183
32.0336 208
34.5722 127
35.5115 130
35.5425 154
35.6674 247
35.7036 202
35.7857 1
1081
11.3277 221
11.6684 104
13.1842 201
14.3887 137
15.0598 87
15.1938 162
15.3067 170
16.3823 90
16.597 177
19.3881 141
20.1009 84
20.9919 115
21.3983 101
22.764 173
24.3374 90
25.5079 237
25.5274 223
28.9086 240
29.6039 1
724
10.3918 180
10.4951 189
11.313 89
12.0543 209
13.8468 219
17.2937 95
17.4691 191
17.7017 159
20.388 123
22.2122 159
28.3689 109
32.2468 1
2430
10.3926 93
10.8871 135
12.3848 148
12.5313 92
13.0581 210
14.4704 201
15.0996 142
15.2259 222
16.2212 96
16.2434 92
16.3337 142
17.6206 233
18.4865 209
18.5286 195
18.6054 176
19.7096 216
19.9844 151
20.4662 88
20.8242 216
21.003 115
22.4214 147
22.8833 142
23.1391 103
24.5371 141
25.2941 112
25.6081 185
29.2664 191
30.2142 85
31.0784 159
31.5141 175
31.7221 228
32.0117 165
32.2643 96
32.477 92
33.2195 226
33.6691 214
34.0205 226
35.0112 1
1910
9.8498 145
11.9476 87
13.4135 185
13.9029 162
15.9072 122
17.2728 90
18.6977 136
18.9584 215
19.0199 243
19.6679 101
21.319 229
21.677 91
24.2251 201
24.6498 87
25.4065 153
26.0599 227
26.796 148
27.9793 236
28.656 201
29.1045 183
29.8202 110
29.9542 140
30.8249 151
31.9504 181
32.9924 248
33.8176 130
34.1345 167
34.4047 238
35.2661 140
35.5391 187
37.3616 1
1391
9.5845 200
11.5863 238
14.6615 169
17.8266 199
18.721 190
18.7537 117
19.6825 190
21.1657 246
21.2256 101
21.3984 197
21.4148 185
22.467 145
23.6487 215
25.6219 85
26.2515 231
26.5692 219
27.1937 163
27.6179 101
27.6938 1
889
10.1932 113
11.2007 173
11.6639 109
12.7487 224
15.1059 221
15.2499 107
20.8613 94
22.4676 94
27.4333 148
29.0925 241
29.429 175
30.6243 1
3129
9.2525 135
10.1231 120
10.5516 165
10.882 240
12.2101 167
12.7315 140
12.7844 96
13.9444 178
14.3997 121
14.8734 144
15.3126 146
15.8456 209
15.9715 121
16.4323 238
16.6526 206
17.9978 163
18.3843 229
19.1605 143
19.3342 147
19.5171 104
20.3528 212
21.5444 150
21.8447 166
23.8891 161
24.008 192
25.2381 145
25.3111 235
25.7427 155
26.2083 143
26.4934 150
26.6984 210
27.5888 248
28.8726 227
32.4288 163
33.4875 131
33.4961 157
34.2947 140
34.673 1
2913
10.3584 104
11.0529 231
11.7677 161
13.9361 159
14.1572 139
15.1458 152
15.9814 146
19.1216 177
19.3305 139
20.5459 219
20.694 122
21.4295 124
21.4769 163
21.6964 238
21.8656 87
21.9976 203
22.6999 84
24.0474 150
24.1938 210
24.5207 157
24.9513 154
27.0648 125
29.3092 162
32.0609 121
32.2044 130
32.8272 191
33.6123 183
34.2293 237
34.8984 244
35.2066 170
37.2426 1
1959
9.809 208
10.5941 241
10.9653 148
11.4576 160
13.8514 173
14.8801 231
14.944 200
15.5752 87
18.9721 117
19.2504 225
19.437 180
19.544 228
19.838 151
22.2152 118
23.6124 84
24.5185 248
24.8213 106
25.7995 190
28.992 1
1056
14.2541 155
17.9351 193
18.3729 243
20.1741 209
20.5429 230
21.5997 103
21.619 154
22.4612 88
23.3039 128
26.871 147
28.8148 140
29.0811 1
4105
9.9604 213
11.061 141
11.3099 176
12.1846 200
12.4098 248
12.5215 198
13.217 243
13.4976 149
15.3322 184
15.496 207
15.5503 141
15.7557 128
16.5273 244
16.6953 141
16.7774 249
17.789 224
21.776 119
21.8922 220
22.2952 246
22.7886 129
23.0924 193
23.8649 211
23.8712 97
25.9105 219
26.5059 134
28.4779 200
29.1512 241
29.6588 89
30.0166 185
30.6536 132
30.6966 102
30.7814 201
31.0661 246
31.7244 168
32.2207 140
33.0257 158
34.0499 152
34.1266 1
3379
11.1327 227
11.2721 215
11.3097 206
12.146 203
13.2498 214
13.4507 224
13.863 93
14.9655 111
15.5678 167
18.9173 118
19.363 172
20.1639 165
20.2496 104
21.8128 97
22.3264 85
22.4297 220
22.5504 97
23.0326 243
23.1405 246
23.6241 207
23.9848 158
24.3081 129
28.4596 151
28.7291 140
30.1885 149
30.9917 204
31.3075 231
32.295 109
32.3355 123
32.4172 118
36.177 1
2417
10.4042 215
11.1601 83
13.1575 228
13.366 239
14.2773 114
15.9484 112
16.7929 243
17.7845 143
19.4321 218
20.0572 84
21.8416 247
21.8647 86
22.2398 184
24.3787 237
25.4807 221
27.3113 135
28.2196 219
28.4336 148
29.3684 1
1352
9.938 129
12.1674 245
12.4576 184
13.687 138
15.8423 232
20.675 96
21.1501 216
23.1857 109
23.9048 101
27.0649 126
28.2195 202
28.7674 1
5161
9.9885 212
10.4005 106
10.7664 103
11.0568 147
11.2174 245
11.8396 230
12.7893 135
13.3582 219
13.8186 97
15.2563 148
17.0437 179
17.2574 247
17.3486 91
17.8775 151
18.1939 236
18.5632 88
18.6046 182
18.6301 149
19.0984 176
19.6587 200
19.7356 151
20.6231 231
22.1078 242
22.1756 247
22.4938 92
22.7873 222
23.2661 229
23.5341 107
23.9273 239
25.4808 104
27.6541 117
30.2655 242
30.3328 221
30.4247 179
32.1787 131
32.5949 125
32.6759 150
33.8405 1
3677
11.3394 192
11.7946 206
12.038 230
12.6972 196
13.8699 224
15.2506 213
15.9549 110
15.9678 90
19.4917 206
20.9209 170
21.0616 249
22.5116 110
23.4977 147
23.6169 131
24.4206 229
24.7371 163
24.7796 235
24.7917 200
25.804 249
26.4958 183
26.7978 245
28.4723 112
28.6495 156
28.6756 179
30.718 245
32.8816 177
33.4874 227
34.4673 187
34.7481 168
34.9283 148
37.3249 1
2752
10.6793 225
10.7706 180
11.2466 138
11.9 205
12.2155 182
12.8102 99
13.0439 177
14.2647 86
14.6714 214
18.9761 220
19.0547 204
19.421 98
22.2359 181
22.7668 148
24.9335 104
26.0173 231
26.46 239
26.5598 236
27.2543 1
1603
9.5366 90
9.7005 136
10.9209 120
13.2307 112
15.6265 136
15.7788 229
18.5022 121
21.0731 191
24.8972 205
24.9803 195
28.4677 114
30.3316 1
6089
8.74 140
9.0483 226
9.9038 205
10.1821 147
11.9015 104
12.074 201
12.2846 173
12.8115 108
13.5285 89
13.7825 185
14.1228 169
14.4392 179
15.244 152
15.253 161
15.3486 148
15.6773 98
15.6867 172
16.5919 103
17.7041 195
18.334 207
19.2904 111
19.965 116
20.8275 123
21.1718 182
21.913 150
23.8607 230
24.1969 174
24.4055 170
24.4427 119
25.0744 98
26.2097 237
26.5126 100
26.679 105
27.0304 115
30.8197 179
31.2061 189
31.2535 155
32.1813 375
4220
7.8673 124
12.7688 90
13.837 226
15.5889 196
16.0161 181
16.3693 160
16.4745 126
17.6094 180
18.2716 200
18.4702 215
19.8518 110
20.4528 187
21.5355 196
21.5382 179
21.8722 204
21.9733 169
22.6045 241
24.8917 191
25.1639 187
25.241 85
25.2693 107
25.3367 183
26.6552 210
27.1888 107
28.1662 189
29.2883 109
29.7329 210
32.7027 219
34.514 186
35.4934 94
36.0626 1
2810
9.9071 112
10.5287 86
10.7298 139
10.8456 201
12.0297 226
15.6613 101
18.8736 88
19.0492 134
19.332 186
19.8235 236
19.9677 138
20.3864 212
20.6612 104
20.9478 189
21.0558 124
21.5809 209
21.7754 234
23.2402 156
25.0967 1
1535
10.7255 135
11.6154 102
18.2823 212
18.812 231
19.7545 100
20.1407 185
20.6463 206
21.4806 124
22.2086 222
22.2546 197
24.2107 157
26.4147 1
5976
8.9914 225
9.1647 205
9.3775 229
9.4858 202
9.5021 125
11.6402 128
11.8041 110
16.3501 229
17.37 232
18.0421 137
18.7217 87
19.028 162
19.1401 214
19.9472 200
20.5449 195
23.2214 86
23.3566 100
23.9931 204
24.1504 219
24.1553 113
24.1642 219
24.5647 241
24.767 183
25.0118 175
25.1346 88
25.3365 152
25.9853 161
27.2092 241
28.7903 156
29.2293 85
30.0531 177
30.3282 94
31.111 248
31.1273 193
31.3068 202
32.6241 198
32.7885 239
33.3363 1
5576
9.7109 130
11.4372 215
12.301 133
12.4082 88
12.5467 219
13.2201 138
15.2 160
15.829 93
17.4622 191
17.7875 221
19.0186 119
19.5756 238
21.4826 188
21.6859 174
21.6885 117
22.5533 228
22.6208 153
23.895 90
24.1129 237
27.5304 144
27.9031 132
29.0444 93
29.0447 88
29.4248 90
29.5307 228
30.3491 227
31.2853 161
31.471 96
32.0531 106
32.943 240
34.7396 840
3057
8.6732 125
12.3353 114
12.7062 102
13.5173 194
17.3977 123
18.7696 216
19.978 211
20.1298 242
20.435 212
22.0533 247
23.898 176
24.7879 88
25.648 138
25.9657 148
27.2667 243
27.4328 153
27.799 128
28.2035 216
28.3879 1
1667
10.3204 158
16.5576 186
18.6486 139
22.2881 219
23.0895 144
24.7166 211
24.9585 86
24.9656 143
27.2191 163
27.3262 233
27.9456 203
28.8542 1
6642
8.6584 234
9.7068 207
10.0589 99
11.1173 109
11.2375 112
11.4041 126
11.4663 233
12.3503 153
12.4046 172
12.4094 153
12.5359 160
12.537 125
13.0062 135
13.4754 125
14.8998 130
15.2966 184
15.9999 87
16.3332 239
17.2603 168
17.2853 166
18.1486 153
19.022 204
19.5479 209
19.9832 203
20.1323 243
22.4227 152
25.5647 97
25.7987 216
26.3215 201
27.4911 87
27.7488 165
29.3699 217
30.0384 240
30.4813 141
30.6112 161
31.3232 157
32.9541 207
33.4596 473
5621
9.5709 245
10.2054 200
10.6662 216
11.5397 166
11.5569 99
13.0372 180
14.0943 157
15.3675 136
18.0523 98
19.7486 135
21.251 128
22.3628 142
22.6303 201
22.8952 102
23.1582 146
23.5396 209
23.7922 134
25.7492 225
25.7528 226
25.8924 114
27.0259 191
28.3511 189
28.5131 111
29.0329 176
29.4518 162
31.3719 123
31.5665 201
32.0448 232
32.3181 232
32.8266 101
35.6266 645
2545
6.5717 186
6.8401 186
7.5048 113
9.0959 115
12.1556 174
12.5008 221
13.698 135
15.7792 112
16.4418 91
17.7397 171
18.6019 171
18.8436 185
19.178 174
19.4583 192
19.5971 227
20.1294 136
20.1421 215
20.6255 121
21.0185 1
1677
12.1225 231
12.8927 136
17.3626 130
20.6259 132
22.943 230
23.056 140
24.6297 152
25.2236 138
25.9378 127
26.0758 227
26.2586 157
27.2668 1
6572
6.6731 223
6.9544 110
6.995 225
8.3136 193
9.3013 103
9.7648 239
12.4302 155
12.4549 113
14.5386 223
14.7303 92
14.9443 89
16.8961 205
17.0189 98
17.1319 207
17.5786 99
19.7406 239
19.919 106
20.6976 176
20.8315 190
21.2597 144
23.4938 99
24.8736 164
24.9935 139
25.0314 231
25.0536 117
25.2356 120
25.5498 182
25.6573 157
26.1048 131
26.5032 106
27.4528 222
28.0539 99
28.1087 233
28.1862 239
29.1457 105
29.9926 236
30.1303 127
30.2058 637
4276
5.2233 215
6.2364 145
11.9971 127
12.7816 181
13.3364 157
14.2252 169
15.8946 244
15.9836 89
15.9956 228
17.3195 155
18.1093 223
19.4287 228
20.0343 205
20.4968 162
20.7518 170
21.2847 182
22.4313 149
22.6354 201
22.9333 225
26.1481 139
27.1241 241
27.9617 176
28.0988 132
28.3479 110
29.0858 204
29.4555 130
31.964 217
32.4209 240
32.7178 142
33.0967 146
33.7014 1
2191
7.0296 218
7.2013 112
7.261 178
10.3304 172
11.4344 191
12.1297 85
12.59 90
12.5962 98
14.7707 148
15.264 182
15.5913 205
17.4118 191
17.5498 101
17.9209 227
20.2281 148
20.4748 219
20.7325 111
21.344 146
22.9234 1
1168
8.9311 170
8.9457 119
10.6066 149
11.3515 120
12.055 204
18.6148 173
18.6659 108
19.267 110
21.3222 88
22.0739 102
24.241 186
27.0752 1
3802
3.9037 143
4.9745 115
5.7965 140
6.0826 123
6.2534 221
6.8639 114
7.2382 146
7.4954 172
7.9415 125
7.95 111
8.1629 243
8.6407 233
9.1145 87
9.906 172
10.545 90
10.9603 155
11.1276 101
11.1788 217
12.602 116
13.2423 133
13.3268 97
13.5479 244
15.8166 166
16.0952 153
16.8061 175
17.0246 113
17.2899 215
17.7501 131
18.1211 224
22.8026 206
23.1059 132
25.2503 164
27.0228 132
27.3324 239
27.6295 224
28.0289 172
28.9722 197
29.6935 1
3332
4.6763 207
4.6855 233
4.8661 216
5.3755 158
6.5882 104
6.9615 194
9.4129 156
9.6021 201
9.9637 247
10.2606 139
11.498 157
13.4805 140
16.5416 136
16.9562 123
18.8933 142
19.8055 143
19.8477 142
20.3774 240
21.1756 145
21.3157 86
21.5954 243
21.9257 179
21.9893 134
22.1231 215
24.4552 87
24.5386 225
25.7129 103
27.969 87
28.2643 107
31.1346 222
31.9453 1
2179
2.7032 237
4.3629 127
7.6866 193
8.3108 205
8.545 219
9.3335 178
9.6715 245
10.7342 243
11.9288 168
12.1473 158
13.9117 100
14.1861 180
15.1924 135
15.8441 197
17.0679 202
17.3852 227
18.2274 206
20.9866 217
21.0108 1
1110
4.5928 113
5.3986 244
5.9882 160
6.1843 162
7.4546 97
9.1098 197
10.8108 112
13.6724 92
20.2437 125
20.668 243
22.3389 138
22.5218 1
4172
5.6735 91
6.327 157
6.4677 146
6.773 227
7.0991 222
7.1738 137
7.1917 196
7.2401 159
7.5531 125
8.2358 199
8.556 160
8.7504 198
9.9905 205
10.8078 176
10.9486 127
11.0409 106
11.7368 85
12.2278 153
13.5439 193
15.6471 220
16.6341 130
17.261 94
17.3913 163
18.0384 139
19.0425 139
20.6792 91
21.2467 169
21.5941 156
21.665 200
22.4551 196
23.1012 147
23.8854 90
25.0262 244
25.476 117
25.5362 206
25.5746 176
26.7394 88
27.9835 1
3221
3.9842 159
4.164 182
4.4317 192
4.9893 180
8.1043 124
8.2201 83
9.0563 106
9.9686 156
11.0284 244
11.8754 177
14.4564 246
16.2875 223
17.1212 248
17.6988 131
18.6101 198
18.8692 155
21.6071 228
22.4533 185
23.0429 150
24.0351 240
24.2159 223
25.1322 165
25.1989 154
25.4091 150
26.6451 150
26.8372 134
26.9095 111
27.9785 221
28.4919 103
29.4059 186
29.5515 1
1563
1.3445 100
3.652 128
3.7622 108
3.8176 118
7.3855 105
8.102 141
8.474 228
10.631 181
11.2744 109
11.3175 100
13.5736 249
15.1301 125
15.792 131
16.5816 114
17.3536 129
17.7575 240
20.0597 145
21.0083 152
22.0201 1
1174
1.8235 118
3.799 190
4.9333 150
7.3909 90
11.7817 232
12.3653 236
17.7097 189
18.0368 117
21.9313 151
22.4269 198
23.2799 102
23.9694 1
3578
2.4273 166
2.5645 118
2.6366 91
3.016 233
3.0555 101
3.0723 155
4.6046 100
5.0618 89
6.5029 137
7.1102 102
7.3565 130
8.6631 248
10.2476 123
10.8117 214
11.1357 214
11.922 94
12.1947 148
12.6481 108
12.8543 137
13.0408 105
13.7758 106
13.891 202
14.5154 92
14.6486 162
16.25 175
16.9394 153
17.6463 124
18.3636 186
18.4617 99
18.5351 112
18.692 132
18.7946 158
20.0095 117
21.9538 191
22.3116 126
23.1199 163
24.8386 217
25.1332 1
2896
0.6487 175
2.5154 199
3.8906 148
4.7185 199
5.1443 206
6.0012 217
8.2999 91
8.9256 134
9.4974 180
11.2601 194
11.3285 182
12.4378 216
12.6146 138
13.0541 189
13.906 171
15.6107 223
15.871 133
17.5249 172
17.7962 122
18.0085 237
18.0495 243
18.3493 133
18.9668 226
19.9004 155
19.9902 131
21.645 146
22.108 206
23.1098 246
24.4268 221
24.63 223
25.1195 1
1384
2.9152 226
3.145 87
5.2718 196
6.4491 160
6.7326 168
9.0368 126
10.6672 146
13.1711 155
13.7622 158
14.4809 164
15.0404 222
15.2654 188
15.7757 226
16.2379 169
18.7932 170
19.3734 187
21.8291 201
22.1985 205
23.7177 1
937
4.6932 138
4.973 145
7.997 105
8.1454 190
10.3764 172
12.0377 220
14.9191 99
15.5999 108
16.3726 139
16.6492 119
18.8955 125
23.986 1
3997
3.4516 245
3.611 177
4.362 174
4.4637 135
5.0123 216
5.8073 114
6.0144 194
7.4999 194
8.3659 238
8.8281 221
9.5891 157
10.7727 203
12.7112 167
12.9207 106
13.4053 173
13.7541 202
15.8797 237
16.4889 175
17.0951 127
17.3282 168
17.8039 198
18.0231 130
18.7833 105
19.1285 115
19.5204 133
20.0322 117
20.7119 132
21.2456 90
21.6655 155
21.943 198
22.099 85
22.3457 111
22.5117 100
23.7734 153
24.3126 228
25.5584 128
27.5906 150
27.6468 1
2734
2.4712 165
2.9702 161
4.0218 203
4.1228 197
4.4028 144
4.9765 163
5.6585 95
7.2583 134
7.5605 208
7.9161 246
8.8189 160
9.1544 156
9.1984 107
10.1112 197
10.4183 230
12.3594 94
12.3715 191
13.4357 118
16.4636 105
19.1405 193
19.5539 130
20.8798 96
21.0835 204
21.5828 228
22.5292 180
23.3311 210
26.9821 198
28.2329 172
28.6618 159
30.737 175
30.8432 1
1524
4.8815 171
5.9831 101
7.0714 242
8.2555 103
10.1998 243
10.4607 114
12.1284 91
12.7648 239
13.4337 88
16.8838 128
17.1622 192
17.3858 178
19.2568 205
19.6543 135
19.8155 208
19.9634 92
21.2789 89
21.4821 122
22.6381 1
1040
10.4199 166
11.1142 212
11.3156 93
11.77 142
12.3008 160
12.9917 177
13.068 243
19.963 167
20.1303 235
22.3207 244
24.6816 231
25.1589 1
3521
4.6965 94
4.8503 146
5.1795 117
5.3546 115
5.398 139
5.8927 225
6.0135 146
7.3299 93
8.9896 224
10.2958 214
14.5314 174
14.744 91
14.979 108
15.0281 142
15.1583 152
16.0105 133
16.1826 210
17.6578 244
17.7779 154
17.9093 111
18.813 158
19.1537 106
19.2586 160
19.5214 151
19.8108 246
20.2133 141
21.1004 103
21.5272 238
21.9133 200
22.3274 199
22.9662 137
24.149 117
24.2798 201
24.408 131
25.7662 185
25.9522 99
26.2622 156
27.6352 1
2429
5.1085 172
5.415 240
5.4163 245
5.5334 212
6.6868 229
6.8388 198
8.8569 213
8.8634 172
8.9699 199
11.1442 156
11.2684 236
11.7073 235
13.0165 248
13.3133 126
15.9163 119
17.4433 185
17.8533 144
18.3927 149
21.6993 211
22.0764 195
22.2857 225
23.4019 217
25.4874 164
27.402 100
29.114 153
30.2987 214
30.4748 144
30.9511 223
31.2261 149
31.3996 219
32.323 1
2337
4.9114 189
6.2673 156
10.279 94
10.8789 99
12.2873 207
13.156 172
13.6163 191
14.2875 132
14.6144 155
16.2017 140
16.5471 192
16.6024 159
17.1864 102
17.9441 196
19.4652 245
23.271 151
23.6054 88
23.9316 173
25.0154 1
1195
6.9606 128
7.4164 140
7.515 236
8.3276 202
9.9935 108
10.7121 214
10.8203 115
13.1322 117
13.5809 185
16.8957 118
19.0187 146
26.1041 1
4764
5.0493 225
5.5547 229
5.8882 170
5.903 215
6.1003 172
7.3795 196
7.4614 218
7.927 96
8.2281 99
12.6375 90
13.9573 232
14.1723 119
15.7888 167
16.4281 142
16.8701 148
17.1501 141
17.5006 227
18.2543 101
19.5916 206
20.0085 167
20.1383 180
20.5409 161
21.0849 212
22.1304 173
23.0681 151
23.3082 151
23.9847 154
24.1034 175
25.1373 124
25.225 245
25.3502 226
25.8041 139
26.0555 171
26.7029 191
27.3151 165
27.6852 112
27.7367 190
28.6326 1
4250
3.5599 118
4.4394 206
5.8203 197
5.9048 224
6.1079 114
6.8602 233
7.6092 110
8.7968 110
9.6998 153
10.3478 139
10.6855 209
10.9615 195
11.995 93
12.0716 101
13.1858 170
13.4289 100
14.2605 176
14.841 202
15.0099 186
15.3264 85
15.4146 238
16.1556 125
16.2244 159
16.7546 170
19.7974 245
21.0103 134
22.2024 192
24.3193 222
26.4655 177
27.7023 120
28.2189 1
2386
6.3657 228
8.9129 181
14.5976 211
15.068 174
15.8347 198
16.2056 217
18.3597 221
18.8075 114
20.0215 200
20.3718 201
21.4009 155
21.7665 133
21.9582 117
21.9629 239
22.0492 197
22.6848 236
23.5057 189
23.7705 134
24.2535 1
1751
6.0458 90
6.0749 136
8.5289 135
9.744 110
9.9086 137
11.6534 248
11.9643 164
16.6647 95
19.0711 213
19.5045 247
21.0652 236
24.1776 1
5558
6.1071 120
6.8387 181
7.7442 89
11.4983 222
11.9945 239
12.1349 138
12.7464 221
12.9297 184
13.2781 87
13.8234 221
14.1811 245
14.3809 205
14.5992 204
16.1804 150
16.2419 225
16.7949 87
16.9768 142
17.0436 221
17.2526 111
17.7458 115
19.123 92
19.2105 88
19.4132 230
20.5005 211
21.5383 173
22.0458 223
22.0798 108
22.1269 247
22.1734 203
24.8117 219
26.0859 126
26.6554 86
26.8176 185
26.9221 207
27.4434 237
28.4323 108
29.2309 120
29.7898 1
4372
5.4495 121
6.8923 145
6.9378 221
9.714 158
9.8447 248
10.4678 241
10.7418 126
11.5937 105
12.3706 200
12.6234 89
13.5363 115
14.0303 132
14.2212 122
14.7204 159
15.7204 241
17.2839 164
19.5168 136
20.0243 113
20.183 167
21.0432 84
21.2939 120
23.4755 172
24.6279 227
25.1313 145
25.7621 138
27.5716 134
29.1538 226
30.0411 168
31.285 232
32.2967 195
32.4225 1
2675
8.0116 100
9.3972 151
10.6865 138
11.2491 117
11.4099 236
12.1313 213
15.338 110
15.5504 183
18.6439 220
18.8199 147
19.174 220
19.4806 172
21.0208 205
21.206 218
23.2425 99
23.4911 212
26.4712 158
26.6298 223
27.8451 1
1857
9.4356 135
11.7981 99
15.2226 108
16.7228 222
21.5171 165
22.7822 113
25.3128 159
25.3332 170
25.4351 163
25.9253 87
26.0891 114
26.4372 323
6055
8.4785 134
10.2946 147
10.6683 221
11.2326 162
11.5919 210
12.5312 122
12.7743 199
15.9167 245
16.1504 152
16.697 226
17.1951 92
17.3623 96
17.7522 89
17.9713 226
18.2622 221
19.3774 207
19.7037 229
20.4631 133
21.4799 211
21.956 230
23.9797 183
27.3338 216
27.3961 221
27.8034 192
29.0233 216
29.0929 232
29.6202 119
30.0804 117
30.224 185
30.3923 229
30.5365 219
31.0381 219
32.3188 109
32.4327 127
32.4836 238
32.5328 203
32.5792 203
33.3353 1
4874
7.8282 205
7.9464 99
9.01 152
9.8646 166
11.5619 244
13.8007 158
13.8334 173
13.9272 170
14.3134 113
14.3948 83
14.6851 231
14.7059 238
16.4241 86
16.5512 109
20.8408 229
21.2636 178
21.5209 97
22.0165 170
22.1296 216
22.2662 126
23.3569 154
25.9809 205
28.253 148
28.3467 84
29.3069 130
30.2955 175
32.6158 197
32.6226 152
32.7198 136
35.2554 200
35.6189 51
3134
10.427 119
10.7849 126
12.2364 158
13.6226 233
15.6252 236
16.9557 128
17.383 196
17.464 175
18.8442 232
18.8725 133
19.8753 157
21.3124 182
22.0657 153
22.6073 152
25.5197 116
26.2261 206
26.8049 218
28.5766 191
28.7191 24
1761
11.0671 189
12.0821 175
14.6297 180
17.1099 172
17.6089 126
17.9614 192
18.8849 96
23.2695 135
23.5314 133
25.908 155
26.8349 83
28.7693 126
6397
9.7274 244
10.1859 141
11.4666 107
11.799 139
12.3946 125
12.4191 249
12.4211 230
13.3588 205
14.2771 129
14.7836 130
16.8655 108
17.5444 180
18.0143 120
18.3231 100
19.4493 233
19.5663 128
20.4259 187
20.9194 104
20.9585 130
21.4861 106
22.6898 129
23.1017 85
23.22 143
26.1818 239
26.2109 187
26.3989 241
26.7216 158
26.7875 93
26.9519 108
27.0853 164
27.6114 121
30.7103 98
31.4961 127
31.817 161
32.0281 153
33.4126 207
34.153 239
34.1575 650
4616
10.1195 113
10.6756 210
12.4296 238
13.364 151
13.684 176
13.9929 138
14.3231 238
14.4755 139
15.58 123
15.7488 148
15.7672 99
16.9135 109
17.1098 99
17.256 201
17.6618 138
17.7171 89
18.0358 198
18.4622 133
18.534 218
18.9392 235
20.8989 180
21.5749 238
21.8596 236
24.3002 148
29.445 201
29.7299 86
30.4002 188
31.573 244
33.9201 178
34.7048 132
37.0673 1
2825
11.4188 232
11.5378 166
12.6991 198
13.4323 180
15.2923 111
16.4265 147
19.5338 243
20.466 92
21.3026 210
21.4775 186
21.541 177
22.1237 165
22.4343 108
24.0232 184
24.5582 240
25.9611 167
27.5692 224
27.6639 197
28.6256 1
1711
13.2785 155
14.7603 97
14.8796 184
17.1519 88
19.356 205
20.5418 194
21.8551 97
26.0862 105
26.3606 211
27.4169 207
30.9384 234
31.0488 1
6113
9.3155 176
9.5786 84
11.1088 124
11.1905 179
11.521 88
12.1661 105
13.2784 170
14.5109 120
18.8007 200
19.1336 231
19.6722 110
21.027 145
21.1563 95
21.4902 239
21.8305 201
22.4528 107
22.832 122
22.9642 185
23.1424 133
23.2894 109
23.4853 222
24.423 129
24.5888 199
25.3633 149
25.5741 123
26.4103 227
26.7363 200
27.5776 152
29.6807 187
29.776 106
30.0374 245
30.1684 208
30.2214 220
30.3897 117
31.5405 222
33.4137 136
33.5879 140
34.7572 209
5149
9.4786 162
10.5393 173
10.6285 216
14.4626 220
15.0526 137
16.5762 99
16.585 232
17.8156 211
18.1655 86
18.2853 93
19.2229 226
20.4957 150
21.7696 84
23.3165 177
24.3454 248
25.7295 246
26.0669 124
28.3659 206
28.8016 114
28.8343 219
30.1487 185
31.7119 219
32.2926 197
33.2282 221
33.3209 106
33.3865 128
33.7677 114
34.208 104
34.8001 120
34.8605 97
35.8459 236
2606
9.7287 124
13.3971 226
13.8611 148
14.2966 225
14.6309 146
14.6603 136
15.4331 193
15.5253 150
16.3165 219
19.1552 190
20.0139 199
20.2258 244
22.626 223
23.1348 140
25.0688 159
26.1584 227
26.9741 231
26.9981 172
28.0905 1
1695
13.1273 102
13.631 118
16.302 112
17.6938 115
19.8749 116
21.8589 172
22.5901 226
25.6339 170
25.6469 192
27.0021 213
30.3614 247
31.1833 1
5744
10.0252 249
12.3411 184
12.7192 213
12.8189 150
14.2398 106
16.842 144
17.1249 215
17.1373 167
17.367 165
17.7056 118
18.2459 143
18.9484 207
19.7908 152
21.9674 112
22.1909 242
22.732 238
22.9238 226
23.1812 164
24.0655 247
25.1465 95
25.2968 192
25.4602 88
26.4241 140
26.9982 176
27.0998 163
27.7873 155
28.3978 239
28.5058 230
28.8754 231
28.9477 212
29.2756 116
30.3861 193
30.5602 144
30.6033 231
31.1889 140
32.1988 182
32.5851 220
34.5727 1
5756
10.0691 104
10.3388 221
11.4159 169
11.4571 180
11.6361 175
13.9818 120
14.1848 175
14.4374 161
15.5111 232
15.8881 239
16.0134 246
16.2797 171
17.5414 131
18.2018 99
18.4819 87
18.5641 129
18.9367 90
22.792 202
23.8764 162
24.2264 219
25.3337 221
25.5354 161
25.7293 163
25.9468 171
27.2872 192
28.9239 162
28.9296 242
30.4626 129
32.9252 89
33.5056 244
33.9667 671
2581
10.8818 245
12.1592 93
12.4895 94
13.3381 232
15.6129 174
16.3267 228
16.7679 215
17.0298 205
18.2452 242
18.6519 140
19.7234 187
21.7035 233
21.8318 124
22.0995 84
23.1525 174
25.0516 154
27.2427 149
28.4517 147
29.2463 1
1756
16.8628 247
17.7428 224
20.0263 111
23.1133 153
23.463 217
24.2744 247
24.6937 185
24.8008 113
25.8577 233
26.1511 132
27.0053 218
27.007 1
5312
9.7866 101
10.393 108
10.6787 128
10.9306 213
11.6741 104
11.7011 249
11.7346 90
12.1453 178
12.4404 179
13.9326 166
13.9551 111
14.2374 160
15.2374 224
16.1675 126
16.239 144
16.7807 134
16.9652 148
17.9692 185
19.3823 170
20.4167 242
20.7382 161
22.1276 134
22.6479 86
22.8469 132
22.9745 221
23.7838 248
24.8738 178
25.148 163
25.4362 147
26.0188 138
26.2833 141
26.5475 217
27.6718 140
27.7063 179
28.5665 107
28.9066 229
29.7597 134
31.6701 1
4566
11.0333 99
11.2863 143
11.5974 221
12.5547 89
13.2131 138
14.0561 239
14.8373 178
15.2968 136
18.9221 227
19.7679 208
20.9889 92
21.9579 230
22.1829 235
24.2503 166
25.8231 187
26.5177 150
28.1053 140
28.1167 188
28.9284 211
29.3989 157
29.7197 173
30.6872 106
31.4349 140
31.4615 157
31.6047 231
31.6798 184
33.6055 142
34.1282 217
34.9098 123
34.9862 179
37.0244 1
1891
10.8335 241
10.8841 152
11.8242 127
14.4495 192
16.2113 220
17.2371 239
17.9506 152
18.2731 206
18.487 98
19.1391 237
20.0442 85
20.7784 173
21.4874 132
23.0176 148
23.6907 156
23.8489 165
26.2749 217
28.137 162
29.5208 1
1333
10.1381 107
16.2438 125
16.9804 174
19.3554 152
22.1674 124
22.6682 195
25.5113 167
25.5989 106
25.6286 129
25.874 143
27.2665 127
30.4603 1
4620
9.7113 218
9.7186 230
10.4357 166
10.6961 163
10.6986 144
10.7458 215
10.8842 109
11.0068 149
11.932 124
15.0803 101
15.2384 209
17.1971 230
18.3457 213
19.9893 116
20.6042 129
20.7835 182
20.9881 126
21.8147 133
21.9899 169
22.6726 216
23.5121 182
24.1013 243
24.2279 139
25.8843 214
26.4846 177
27.7481 116
27.9286 102
27.9361 166
28.8608 117
29.1154 148
29.606 90
29.6491 155
31.0788 146
31.6534 160
32.3825 218
32.9128 190
33.1017 137
33.4689 1
3828
10.1247 165
10.9345 202
11.1939 158
14.8037 165
16.9496 129
18.2198 195
19.0891 117
19.6246 233
20.0515 223
20.2107 125
20.3677 168
20.4928 241
22.1656 225
23.3919 101
23.823 151
24.2514 146
24.4207 229
24.4586 243
24.9785 211
25.3673 190
26.4905 127
27.0968 127
28.7808 157
29.106 151
29.7841 200
31.7734 152
32.2968 230
32.5953 100
33.8633 108
33.981 210
35.3703 1
