24 200 20 4
0 1 0 1 
1 0 1 1 
0 1 0 1 
1 1 1 0 
0 824 0 566 
824 0 811 424 
0 811 0 864 
566 424 864 0 
42 34 71 53 
3891
9.2625 163
9.7133 156
10.1185 180
10.1242 245
11.4494 155
11.5634 217
11.9535 124
12.9348 123
13.0688 129
14.6626 158
14.8482 131
14.968 207
14.9754 148
15.0128 107
15.5559 157
15.5965 159
15.6226 167
16.5709 96
17.3806 225
17.5245 177
17.7148 135
17.9412 164
19.1724 247
19.6264 220
20.7222 172
20.7309 126
20.9243 168
20.9641 135
21.8195 161
22.1395 122
24.0613 178
24.2318 187
24.2815 204
25.2925 120
25.4318 238
25.8763 206
26.2913 225
27.2255 231
28.5548 162
28.773 174
28.8795 137
29.2614 1
2624
9.4049 106
11.9178 228
13.4823 126
13.5643 146
14.5949 97
16.0995 87
16.5501 164
16.9981 103
17.68 86
18.0191 241
20.5253 185
20.529 179
21.2697 95
21.8133 126
22.1912 104
22.5884 223
22.6337 210
24.2443 207
24.2726 151
24.6846 217
24.9575 228
25.8438 236
26.0352 229
26.3452 190
26.7199 136
28.4224 203
29.1745 163
29.2292 129
29.4037 97
29.4373 231
30.103 110
30.3389 198
30.7752 91
30.9437 1
5151
9.5087 223
11.3102 197
11.3752 228
11.4076 161
12.2096 208
13.076 169
13.7276 184
13.8305 204
14.0642 200
14.4406 231
14.5907 146
14.812 193
14.8696 176
14.9529 172
15.1584 172
16.378 159
17.0231 202
17.5906 234
18.0482 230
18.109 228
18.1111 243
18.1461 106
18.7106 176
19.6037 230
19.8395 128
19.8563 211
20.1386 136
20.9605 141
21.0931 125
21.2483 214
21.3867 93
22.0958 103
22.3181 98
22.6909 230
23.9628 182
24.6217 182
24.7668 223
25.2853 144
25.9204 203
25.9799 241
26.481 213
27.0399 220
27.1931 96
27.2197 144
28.1661 186
28.3602 159
28.5626 214
28.6182 117
29.5752 84
30.119 173
30.1955 180
30.4175 88
30.4535 179
30.4589 115
30.5169 132
30.5514 132
30.9486 168
31.2294 117
31.2697 194
31.2778 199
31.6916 220
32.6523 213
32.8096 120
33.0941 91
33.2632 240
33.3644 210
33.7643 173
33.7922 113
33.7967 119
34.1478 139
34.2034 1
6300
10.0787 146
10.3289 89
10.4775 174
10.5568 106
11.0815 146
11.7798 120
12.0095 96
13.1557 210
13.559 140
14.7404 162
15.2151 171
15.6707 204
15.8041 201
16.1113 127
17.8489 96
18.451 159
18.8058 128
18.8076 167
19.2623 84
19.3224 115
20.5576 138
20.5994 220
21.6806 161
22.4176 240
22.5135 111
22.5927 208
22.6478 161
23.3901 115
24.5246 126
24.8996 206
26.1062 97
26.192 91
26.9024 167
27.1019 147
27.2878 178
27.8709 201
27.8918 104
28.3338 172
28.4551 148
29.6751 107
29.9649 100
30.9805 122
31.0252 193
31.6272 173
31.7605 209
32.5899 146
32.8643 172
33.1642 86
33.688 220
34.327 114
34.5426 91
35.8397 156
35.8402 1
3058
10.2426 179
10.7919 154
10.8714 118
10.9287 131
11.1629 227
11.173 90
11.3666 140
11.6786 105
13.0228 127
15.3611 228
15.4218 213
16.4102 128
18.1478 159
18.5233 138
20.6988 151
21.0874 151
21.1742 113
21.238 145
21.3486 209
21.8308 95
22.028 142
22.2556 235
23.1452 210
23.2739 192
24.5426 172
24.7172 94
24.808 207
25.2987 180
25.5886 198
25.7775 191
26.241 174
26.6377 129
27.1649 96
27.2352 144
27.6944 220
27.9744 88
28.2551 227
28.6949 164
28.9727 108
29.2268 235
29.404 189
29.4978 1
1816
10.0062 211
12.112 187
12.2793 212
12.8433 236
13.2299 158
15.1613 115
15.4086 203
15.552 145
16.7265 153
17.1036 194
18.2143 235
18.7458 110
18.9301 193
18.9561 203
19.2 160
19.4509 234
20.8136 158
20.9047 208
22.0256 236
22.5549 154
23.1044 206
23.8453 144
24.8729 90
25.2889 123
26.3439 245
26.6792 246
26.979 191
27.2819 104
27.4943 106
28.9501 117
29.3141 185
30.1141 201
30.8992 114
32.0384 1
3848
10.2839 181
10.4241 186
11.2251 103
12.2801 112
12.6692 137
12.6733 96
13.0104 84
13.5306 183
14.1103 161
14.1331 204
14.2365 207
14.7037 225
14.8383 109
15.3493 153
15.3699 149
15.9264 236
16.2233 113
16.91 223
17.1788 133
17.8246 114
18.2721 103
18.3083 217
18.6811 243
19.3271 86
19.5583 211
19.5704 174
19.6646 209
20.1518 195
20.2685 173
20.5611 203
21.2617 238
22.6093 236
22.6954 209
22.8561 164
22.8565 210
22.876 95
23.2392 152
23.2418 145
23.4042 227
24.2646 159
24.2968 221
24.335 130
24.7887 115
25.1022 247
25.3439 233
25.5136 174
26.688 242
26.7735 95
26.9075 225
27.2832 156
27.8339 157
28.2018 174
28.2735 122
28.6739 130
29.0044 94
29.2029 217
29.6035 108
29.9737 248
30.1987 99
30.6109 166
30.8636 96
30.8695 166
31.2555 126
31.693 87
31.8281 225
31.9934 195
32.47 171
32.8883 223
33.5914 194
34.0029 139
34.2999 1
4976
9.3458 193
11.447 129
12.4987 157
12.5863 110
13.4315 132
13.7194 111
14.0818 124
14.6265 222
15.0666 171
15.4686 115
15.5671 206
15.706 160
15.8589 240
16.5325 97
16.9803 98
17.8996 163
18.1274 85
18.934 237
19.5621 142
19.7015 238
19.9035 159
19.9859 91
20.621 103
21.1871 110
21.3422 97
23.4081 102
23.8177 238
24.6618 132
24.8422 217
24.914 217
25.3855 187
25.9321 104
26.2785 239
26.5267 128
26.6585 121
27.4075 189
27.7773 215
27.9124 206
28.2739 179
30.2872 115
30.6197 108
31.233 189
31.7142 101
31.7841 166
32.8071 142
32.8352 177
33.553 241
33.7702 207
34.0585 233
34.8193 196
35.1534 115
35.2116 102
36.1365 1
2789
9.7751 89
9.9586 100
10.0114 164
10.0871 238
10.3614 159
10.7838 92
11.5182 179
11.691 151
11.8511 174
13.3153 219
14.855 103
15.4519 220
15.5944 194
16.1607 163
16.4042 202
16.8598 214
17.4227 205
17.7979 156
18.238 175
18.5016 107
18.8831 220
20.9529 213
21.0092 153
21.6823 203
21.8014 103
22.1089 173
23.0188 169
23.9416 200
24.0735 206
24.1121 105
24.6282 207
24.6736 88
24.803 151
27.1901 109
27.2582 234
27.4541 148
27.542 194
28.0895 122
28.7188 234
28.9667 248
29.0526 242
29.0544 1
1653
10.4302 235
10.8288 115
10.9633 220
12.0757 200
12.6625 125
13.1057 161
13.197 210
13.2233 221
14.4005 196
15.8725 207
17.2645 209
17.3455 223
21.1169 161
21.2016 122
21.3306 116
23.1993 131
23.6577 133
25.4654 190
25.8705 235
25.9532 189
26.5124 235
27.7222 188
29.0435 233
29.0856 175
29.168 97
29.6657 248
30.0452 156
30.1625 200
30.2098 244
30.2364 162
30.7744 201
31.3142 158
31.7755 114
32.1272 1
3773
9.0468 183
9.3575 98
10.2833 172
10.4124 208
11.0652 232
11.4532 175
11.7981 114
12.3828 220
12.6711 146
12.9142 149
12.9983 142
13.1734 92
13.2015 224
14.3583 183
15.2291 140
15.3005 136
15.7125 127
15.8023 131
16.4014 248
16.5279 181
16.7685 134
17.0233 189
17.2498 109
17.4912 105
17.5821 124
18.5618 238
19.2745 149
20.141 202
20.214 109
20.2185 139
20.6478 210
21.0485 138
21.1839 131
23.1427 179
23.2356 224
23.8773 191
24.454 132
25.2966 89
25.4477 118
26.1366 219
26.4737 236
26.5671 200
26.7133 178
26.9517 102
27.2229 171
27.4635 161
27.6208 174
27.8207 190
27.9536 114
28.0764 168
28.2841 161
28.517 222
28.7505 175
28.8169 151
29.6739 87
30.2665 91
30.4884 202
30.5438 205
31.1432 129
31.1508 180
31.5145 212
31.5766 174
31.613 132
32.4679 155
32.7117 133
33.1485 121
33.1688 243
33.3597 245
33.5125 199
33.7811 201
34.6334 1
3530
10.7644 218
11.5386 238
11.5392 155
11.6594 170
11.8712 143
12.0503 87
14.6396 185
15.3202 241
16.3622 135
17.5987 126
17.7092 122
17.9649 215
18.2539 139
18.4075 98
19.1212 201
19.1926 196
19.9876 195
20.3912 233
20.7498 153
21.2067 236
21.3889 168
21.7486 228
22.1129 167
22.1913 114
22.621 124
22.9786 175
24.7722 97
24.9299 99
24.9503 235
25.3551 184
25.6976 114
26.1488 196
26.9594 174
27.276 119
27.7527 106
28.5581 167
28.5693 224
28.809 191
29.4653 179
31.2752 222
32.1456 230
32.45 220
32.8173 210
33.6533 202
33.7274 88
33.7859 179
34.1589 144
34.4742 215
34.697 108
35.9533 99
36.2919 178
36.7499 232
36.7572 1
2785
10.5627 115
10.5999 171
11.022 217
11.0893 235
11.1443 98
11.1632 221
11.3264 159
13.5828 243
14.0872 240
14.8479 204
15.1633 129
15.8873 134
17.4794 130
17.8352 211
17.8866 175
18.4734 108
18.9608 244
19.0051 132
19.2201 93
19.5933 98
19.7361 216
20.119 109
20.3608 234
21.299 100
21.9062 170
22.0287 107
22.6441 237
22.9531 242
23.0824 168
24.057 158
24.2648 167
24.8519 189
25.1899 165
25.2978 147
25.8182 213
25.9622 223
27.1841 175
27.3015 134
27.367 247
27.4234 134
27.7216 230
27.8483 1
1504
9.8584 210
10.135 188
11.0755 203
11.592 137
12.2902 217
13.1797 209
13.432 134
13.9837 143
13.9873 186
14.1805 230
15.6951 186
15.883 119
16.8684 171
16.9749 174
18.0281 129
18.7417 213
18.9806 233
19.3925 102
19.7276 223
20.7971 146
21.7101 140
22.3697 173
22.396 152
22.6685 95
23.1569 92
24.0322 182
24.0789 87
24.2679 150
26.2019 243
27.5988 209
27.917 128
28.4786 206
29.2259 145
29.2715 1
3318
9.8696 160
10.1193 194
10.3018 204
11.302 165
12.8344 248
12.8674 206
12.91 138
12.9235 241
14.0099 145
14.0585 122
14.0856 227
14.2318 133
14.2844 194
14.8244 231
15.4009 117
15.9704 124
16.6433 101
17.208 204
17.2108 227
17.2546 219
17.6099 115
17.707 212
17.8107 105
17.9219 120
18.1617 187
18.7768 106
18.8212 126
19.8572 221
20.5673 219
20.622 132
20.7185 124
21.5034 118
21.7786 93
22.573 198
22.7284 239
23.3704 158
23.4655 137
23.5103 90
23.9059 238
24.8631 148
25.2155 160
25.4139 113
25.7607 95
25.8807 184
26.4842 186
26.8526 83
27.0441 105
27.0523 199
27.3163 137
27.5844 232
27.6231 138
28.0299 213
28.5117 117
28.8682 89
29.1007 183
29.3919 228
29.4368 143
29.7769 134
30.1038 202
30.2385 117
30.5436 142
30.7013 215
31.3056 126
31.3072 120
31.4987 173
31.6028 213
32.8296 170
32.9479 144
32.9521 246
33.4119 140
34.3043 1
3999
10.1923 149
10.4319 99
11.1222 90
11.7184 161
11.82 128
11.971 210
12.0748 176
14.2139 236
14.8227 180
14.9498 111
15.3393 182
15.5271 188
16.028 222
16.3 204
16.858 193
17.0545 171
18.4935 140
19.7938 245
21.3869 193
21.695 231
22.6751 170
23.5986 160
24.7943 136
25.4664 149
26.3881 130
26.8554 90
27.6346 218
28.31 87
28.3485 185
28.8642 93
28.8729 142
29.8138 99
30.2127 133
30.323 233
30.5573 127
30.5938 121
30.6036 210
30.7896 136
30.7944 93
31.799 106
31.8247 164
32.0604 176
32.0731 94
32.7197 157
33.3735 177
33.4729 241
33.8383 245
34.2593 142
34.9371 127
35.4089 236
35.475 227
36.277 218
36.3999 1
3482
11.7231 117
12.0569 133
12.9603 225
13.2966 212
13.8932 227
13.9219 109
13.9667 191
14.0067 244
14.3085 96
15.1119 237
15.2475 142
15.3179 141
15.3571 165
16.026 123
16.074 242
17.6703 105
19.0226 233
19.1075 122
19.2006 104
19.7692 131
20.6007 160
20.6147 129
20.6288 169
21.7948 214
21.8582 152
22.3599 240
22.3731 98
22.4383 175
22.518 160
24.5461 114
24.9441 132
25.4793 189
25.6281 248
25.8052 152
26.0021 191
27.7684 156
27.7988 226
28.0122 153
28.0405 105
28.6878 206
28.8303 157
29.5036 1
2109
9.7395 176
10.3061 98
10.7415 213
11.7398 186
11.9466 108
11.975 240
12.2381 156
12.7283 208
13.2994 149
13.3221 186
14.6184 91
14.7199 142
15.0118 112
16.1377 154
16.2528 165
16.6136 232
17.2861 174
17.333 236
18.1092 127
20.88 143
22.2508 168
22.9383 139
25.5742 125
27.0789 235
28.3415 147
28.602 107
28.9741 170
29.3469 189
29.529 117
30.42 172
31.2785 134
31.306 167
31.8196 170
31.8781 1
3820
9.7467 94
9.9729 172
11.3283 89
11.6723 192
12.0708 208
12.0967 134
12.1878 179
12.3941 112
12.6323 114
12.8267 120
12.9736 149
13.5645 198
13.6223 248
13.6526 199
13.8167 144
16.1787 170
16.2147 148
16.2241 145
16.7088 88
16.7502 191
16.7578 204
16.9364 230
17.4519 116
17.737 171
19.3656 104
19.5395 227
19.6449 104
19.7813 117
20.5583 232
20.6788 93
20.681 139
20.7647 137
21.5118 90
21.7369 128
22.0295 201
23.1891 148
23.4743 158
23.63 216
24.428 207
24.4548 147
26.363 235
26.6098 183
26.6544 85
26.9633 180
27.3289 220
28.1979 94
28.5852 185
28.8738 224
29.0219 97
29.0579 92
29.2866 194
30.1072 195
30.4039 106
30.7447 130
31.4122 132
32.0282 225
32.0637 147
32.0896 147
32.1266 238
32.1313 247
32.2377 225
32.3395 153
32.5418 202
32.6581 146
32.7487 94
33.2835 248
33.4316 156
33.5782 112
33.7528 115
34.1585 188
34.8089 1
5039
9.3306 155
10.0274 231
10.514 179
11.2321 215
12.0391 94
13.1395 189
13.1999 233
14.2931 216
14.7643 131
15.028 213
15.6075 90
15.9761 203
16.721 209
17.563 142
17.5858 229
17.6387 145
18.8193 216
19.4676 209
21.6743 94
21.7743 134
21.9991 109
22.0093 163
22.5858 148
22.9034 101
23.1577 211
23.2062 190
23.4987 167
24.8762 197
25.2319 128
26.0867 203
26.4126 219
26.8804 117
26.8841 172
26.9256 151
27.731 112
28.0506 109
28.0618 174
28.2901 207
28.3662 228
28.518 244
28.8247 208
29.3947 85
29.6735 121
30.0686 157
30.9328 101
32.0192 220
32.2422 144
32.4063 115
32.7184 105
33.1372 191
33.6761 150
34.9671 249
35.8202 1
4943
10.1818 184
11.2274 115
11.5407 207
11.6961 240
11.797 248
12.6099 241
12.6452 106
13.5747 246
13.6222 207
13.8162 246
14.7821 165
14.8622 210
15.3598 238
16.1558 141
16.511 150
16.809 194
17.2376 110
18.124 170
18.5539 198
18.6213 178
18.7558 236
18.9457 124
19.6468 126
19.6822 187
20.6347 203
20.8807 110
20.8811 204
21.1301 89
22.4501 173
22.7569 193
23.5065 133
23.5854 247
23.7542 210
23.9245 188
23.9576 238
24.6169 115
24.8108 146
25.4254 181
25.6344 98
26.1918 129
28.2335 89
28.3931 1
3238
10.5977 121
11.0829 148
11.5276 239
11.6271 95
13.5737 119
13.7516 207
13.8933 88
14.0546 228
14.5785 161
14.8198 84
14.8484 131
15.5458 130
15.7756 228
17.1043 124
18.2257 209
18.2927 175
18.8725 175
19.4757 222
20.9022 156
22.4768 224
24.3104 133
24.5515 232
25.0029 192
26.5086 206
26.5289 144
27.1701 247
27.9381 109
28.5994 165
28.665 230
29.9752 163
30.3267 240
30.5229 191
31.3312 230
32.1288 1
6645
9.6727 180
9.8732 224
9.9189 195
10.1076 132
10.4627 168
10.806 165
11.1412 203
11.4562 186
11.7079 177
11.8873 211
12.1704 98
12.3805 214
13.3734 208
13.9615 103
14.7067 92
14.858 170
15.1769 132
16.3491 216
16.9094 109
17.2157 134
17.5292 93
17.7961 197
18.2439 177
18.8062 146
19.8404 174
20.0085 110
20.2542 201
20.4428 249
20.6122 113
20.7687 96
20.8462 175
21.2109 137
21.2588 186
21.687 244
21.7975 162
21.8307 122
22.1735 207
22.2366 130
22.3406 87
22.4741 192
23.0216 167
23.8532 141
25.519 195
25.6451 226
25.9376 94
25.9952 226
26.2511 153
26.3926 146
26.4196 120
26.542 228
26.5519 224
26.6862 196
26.6967 111
26.9275 117
27.1468 164
27.2042 156
27.9898 147
28.265 185
28.3278 208
28.6368 237
28.6484 117
29.6506 248
30.7624 96
31.6695 102
31.7237 199
32.7981 119
32.992 99
33.3358 163
33.6004 141
34.1544 206
34.7229 1
6663
10.216 244
12.1371 236
12.3156 245
13.8874 84
14.6691 141
16.5293 150
17.3663 205
18.8262 155
19.1074 200
20.9533 145
21.2443 87
21.3384 248
22.2273 138
22.2789 132
22.4361 126
22.4735 214
22.4928 97
23.1118 92
23.2957 121
23.5686 85
23.6277 247
24.09 204
24.6897 153
25.3682 125
25.7774 215
26.1822 199
26.8623 196
27.8947 204
28.02 198
28.1103 144
28.1687 192
28.3426 85
28.5004 231
28.6203 134
28.6221 121
29.0056 194
29.0853 104
29.6401 243
30.021 170
30.555 153
31.6423 173
31.942 155
31.9711 169
32.0539 168
32.6976 104
33.5417 105
33.6085 97
33.611 220
33.8717 97
34.6274 87
34.8235 97
36.1474 84
37.1493 1
4916
9.6685 214
10.4638 212
11.8067 242
11.8337 239
12.4552 191
12.8553 230
13.512 152
14.6484 183
14.7109 186
14.8243 117
14.8826 182
14.8916 219
15.2362 100
17.5469 88
17.9982 112
18.0463 122
18.1155 161
18.9514 153
19.0952 197
19.523 167
19.9887 220
20.2366 84
20.292 91
20.6115 116
20.6873 160
20.927 244
21.9629 89
22.2463 237
22.8133 176
23.1512 193
23.6185 107
23.8749 244
24.5383 224
24.7852 124
24.8433 107
24.9473 156
25.0156 126
26.2825 184
26.9714 107
27.0332 116
28.0783 114
29.5853 1
3728
10.584 154
10.5998 162
10.6502 136
10.6651 212
11.3855 144
14.6884 211
14.6929 197
14.7377 232
15.7357 145
16.201 200
17.5364 234
17.7568 148
17.9101 139
18.008 171
19.1052 135
19.5128 144
20.8957 206
21.6157 206
21.6693 198
22.2769 212
22.3924 101
23.8236 190
24.2315 194
25.2524 131
25.2934 222
26.2076 95
26.7324 222
27.1736 229
27.9465 199
29.1163 231
30.186 86
31.5059 154
31.619 181
31.917 1
7697
9.4307 134
9.8768 97
10.5116 134
11.8347 207
11.8653 195
12.1882 153
12.1928 93
12.598 248
13.4242 221
13.5998 142
13.8965 178
14.1147 213
14.2243 88
14.5837 200
14.8069 116
15.5384 232
15.8495 191
16.518 161
17.8408 133
17.8433 241
17.9231 213
18.4753 133
18.523 189
18.72 195
19.4546 118
19.4868 237
19.6895 133
19.8342 123
20.3842 163
20.7846 165
20.8082 204
20.8819 92
21.239 210
21.2872 240
21.6553 147
21.7885 103
22.5823 135
22.6543 178
23.3676 169
24.5366 234
24.5664 181
24.8769 192
24.93 131
25.05 160
25.6659 241
26.0548 201
26.5782 84
26.6889 244
26.9021 129
27.3707 202
27.9211 145
27.971 208
28.0761 234
28.0777 245
29.4673 189
30.1615 186
30.7601 194
30.8321 140
31.4262 169
31.7051 167
31.9001 146
31.9371 156
32.0574 126
32.2883 247
32.3023 196
33.0437 240
33.3938 228
33.716 224
33.919 93
33.9299 239
33.9537 1
7400
9.5061 110
10.1088 127
10.1093 238
10.1514 186
11.322 137
11.3824 230
11.5777 211
11.8107 131
11.9514 211
12.2604 184
13.9613 184
14.5248 107
15.8274 183
16.476 221
17.0691 228
17.875 226
17.885 201
18.1359 137
19.3109 199
19.931 216
20.0908 181
20.8 241
21.5899 131
21.8546 145
21.9773 165
22.5868 88
23.0009 168
23.564 225
24.3683 145
25.0832 162
25.9459 181
26.3559 222
26.4894 92
26.8384 179
27.4378 114
27.8351 84
27.8557 106
29.6011 89
29.7344 244
30.2926 178
30.3741 165
30.5145 225
30.5288 123
31.0011 240
31.2955 141
32.5063 176
33.0387 247
33.2224 197
35.4183 85
35.6322 169
36.128 91
36.3553 174
37.1236 1
6682
9.9625 148
9.9711 92
10.1775 237
10.5705 236
11.7261 159
12.5102 144
12.5195 116
12.5257 177
12.6991 132
12.9621 186
13.7753 206
14.0266 155
14.0976 166
14.7177 168
15.4762 219
15.7921 95
16.0189 233
16.2262 111
17.0173 131
17.8185 222
18.2987 179
18.6709 213
19.1294 156
20.1299 84
20.3281 161
20.6167 249
20.7515 196
20.7906 186
20.9313 106
20.9953 208
21.0149 129
21.8424 159
22.4362 99
24.9209 123
25.7213 154
25.9623 221
26.4163 187
26.9065 246
27.3252 204
27.3889 91
27.4715 136
28.1152 1
3829
9.091 229
9.3712 176
9.6615 111
9.8503 180
10.3784 150
10.9514 209
11.1488 114
11.2291 181
13.0935 194
13.8265 92
14.3924 188
14.6058 131
14.7255 147
14.8225 176
14.9873 105
15.6416 241
15.823 186
16.2605 183
20.3244 184
20.66 187
20.829 174
21.0987 133
22.2376 226
22.2425 99
22.5538 100
23.599 165
24.9284 104
26.2149 162
26.9205 149
27.3752 220
27.912 121
29.9161 193
30.615 141
30.7472 1
10125
8.4318 155
9.6742 104
9.7607 150
10.253 213
10.2624 87
10.4414 96
11.1971 237
11.5042 104
11.5484 210
11.6213 145
11.8879 107
12.3264 192
12.6145 198
12.6963 105
12.7824 181
13.0764 137
13.4845 224
13.6864 202
13.7994 228
13.8483 126
14.3282 247
14.4328 158
14.7119 92
15.0044 158
15.2306 100
15.3154 238
15.3185 227
15.684 163
16.1012 189
17.1533 176
17.1988 130
17.9928 176
19.4863 171
20.1063 131
20.1956 216
21.0195 223
21.0817 183
21.3827 122
22.1094 163
22.1511 226
22.166 246
22.811 94
23.9437 177
24.106 87
24.2132 187
24.2705 140
24.601 130
25.6792 225
26.1492 244
26.1703 196
26.8996 190
27.0135 120
27.8073 202
27.8231 207
28.5287 110
29.4699 125
29.7232 85
29.7588 191
29.8028 169
30.0647 142
30.2851 93
30.3188 140
30.6022 131
30.8576 101
30.9265 162
31.1742 90
31.4583 116
31.9295 159
32.1106 86
33.0335 186
33.1334 1
10118
7.6627 238
9.6466 87
9.926 135
10.0161 195
10.4244 138
10.7639 202
11.2094 208
11.2241 150
11.2434 180
12.0582 95
12.0926 136
12.5221 139
12.6252 191
13.4662 134
13.8969 158
13.9482 90
14.1849 183
14.9875 191
15.0206 225
16.5928 182
17.4584 151
18.8114 138
19.1858 227
19.1979 197
19.7317 113
21.06 200
21.4667 124
21.6923 154
23.6328 111
24.0304 158
24.1692 199
25.1707 114
25.2101 137
25.6137 215
26.1211 114
28.1107 93
28.3171 244
28.4373 166
29.0986 169
29.5767 209
29.5869 223
30.8954 198
31.2927 118
31.3661 156
32.3255 193
32.3927 164
32.9007 126
33.0292 199
33.4095 195
33.8731 121
34.3718 177
34.5659 173
34.7075 1586
7222
8.6965 117
9.7849 227
10.2374 232
10.8277 153
11.2045 85
11.2096 124
11.915 233
13.7333 108
13.915 96
15.8292 176
16.1717 114
16.5856 214
16.8719 198
16.9389 240
17.4522 145
17.9106 230
17.9292 191
19.1395 135
19.7582 130
21.6442 169
22.0167 185
22.1684 136
22.4566 237
23.7648 110
24.0087 90
24.0888 206
24.4038 114
24.5938 210
25.0979 207
25.9367 84
26.2631 239
26.441 199
26.4676 184
26.503 239
26.6239 228
26.7672 131
27.1563 181
27.1753 137
27.469 137
28.2085 132
28.271 93
28.3385 427
4573
9.4399 93
10.1564 160
10.6999 234
10.7652 205
11.3136 122
11.8397 156
11.8869 113
12.6953 200
12.9089 157
13.6627 222
15.4604 149
15.7087 122
16.6037 116
16.6312 205
17.6666 173
18.24 211
20.7248 102
21.2559 157
22.0718 213
22.8045 106
23.583 175
24.2069 168
24.2412 196
24.7528 223
24.8537 112
24.8816 239
24.9131 208
25.1193 242
25.727 231
27.1086 192
27.6365 89
27.6606 236
28.9939 205
29.8269 1
10924
8.8596 103
9.3337 216
9.638 143
10.5589 146
11.5524 154
12.0264 234
12.6429 111
12.9156 244
13.005 149
13.0349 243
13.366 96
13.5208 131
13.7656 127
14.2383 131
14.5687 113
15.0297 133
15.3911 89
15.9721 140
16.1046 218
16.482 142
16.8248 182
16.8469 242
17.3254 96
17.4653 249
17.7624 207
17.8741 194
17.8778 233
18.3471 142
18.8802 108
19.1175 194
19.1386 214
19.5042 245
19.5829 161
20.8629 163
21.0689 122
21.3025 245
21.5901 107
21.9747 172
22.1721 156
22.9248 135
22.9306 148
23.0665 158
24.3045 149
24.7102 191
24.7112 96
25.0173 112
25.1116 148
25.9123 107
26.3294 224
26.6432 188
26.9787 167
27.2844 227
27.5289 231
28.5173 206
28.6408 91
28.9208 220
28.9981 111
29.1419 197
29.9914 177
30.2378 165
30.3233 195
30.5967 96
31.1033 209
31.3374 220
32.0178 191
32.2633 105
32.3274 239
32.3634 239
32.399 164
33.0175 228
33.3213 1
11679
8.2796 144
8.3411 171
9.244 241
9.8104 103
9.8841 214
10.6658 87
11.2803 237
11.3481 155
11.5973 86
12.1187 247
13.4334 217
13.8147 213
15.4746 117
16.2723 243
16.3512 128
16.5399 157
17.1956 91
18.1273 85
18.5853 183
18.9049 207
19.0849 134
19.3262 119
20.1121 113
20.3538 88
20.4606 152
20.5158 112
20.5679 160
21.9478 238
22.1666 105
22.2386 199
22.7692 193
23.7336 177
24.5272 137
24.705 94
25.0434 139
25.217 116
25.232 177
26.717 209
28.1974 183
28.8211 132
28.9327 99
29.7304 223
30.2726 210
30.4172 243
30.8831 201
31.1659 123
31.6175 180
31.9658 84
32.0511 136
32.4868 130
32.7569 129
33.0004 228
35.7043 3391
6542
8.9667 206
9.1765 211
9.6805 103
10.1689 165
10.4653 213
11.3755 111
11.8776 118
12.6171 228
13.2971 118
14.0624 232
14.3938 228
15.0393 129
15.7946 134
16.764 90
17.0606 197
18.4283 162
18.5654 179
18.7033 84
19.0404 181
19.7168 202
19.9106 140
20.3883 242
20.4482 147
20.5498 179
20.7464 119
20.7688 210
21.0491 137
21.2821 176
21.4274 158
21.6797 215
22.7628 243
23.6691 110
24.5063 192
25.2106 200
25.6226 168
25.6462 124
26.4995 224
26.5453 240
27.2433 210
27.3303 217
27.6182 135
28.5721 1
4800
9.0571 157
9.2541 85
9.7684 138
11.7017 122
11.8581 142
11.9955 194
12.5349 222
14.1101 210
14.283 134
14.5978 132
14.6434 161
14.7541 236
15.3218 248
16.442 106
16.9473 101
17.6942 89
17.937 118
19.0652 165
19.9257 87
20.0652 170
23.8495 179
26.2444 114
26.6435 150
26.952 213
27.6621 166
27.904 187
28.0716 193
28.6905 133
29.0775 195
29.2586 127
29.5529 144
30.2197 123
30.3587 195
31.0759 1
10803
8.1644 145
8.3077 189
8.3319 132
8.8644 244
10.512 87
10.9934 205
11.5012 164
12.5946 145
12.6276 205
12.6916 117
13.3639 225
13.8683 134
14.0335 123
14.0556 220
14.7833 112
14.8471 231
15.0555 197
15.5063 194
15.8159 199
16.3543 163
16.7372 220
17.2386 133
17.6924 185
17.7354 194
18.0356 158
18.4419 141
18.7218 217
19.2967 124
19.454 190
19.4566 221
19.7162 142
19.9089 116
19.9584 238
21.4332 129
21.7165 127
21.9129 89
22.625 110
23.9704 129
24.1278 142
24.1288 237
24.1486 145
24.8885 114
25.1318 129
26.4114 181
26.4268 198
26.5056 235
26.515 184
27.2206 217
27.3886 88
27.5994 242
28.3892 89
28.9004 85
28.9374 147
29.2546 115
29.4483 104
29.527 197
30.415 187
30.9497 194
31.1883 135
31.4453 191
31.5593 164
31.6093 173
31.902 177
31.9955 191
32.0503 184
32.2708 210
32.2777 85
32.6989 194
33.0024 103
33.1527 109
33.9606 1
9385
9.1535 160
9.6707 130
11.2823 228
11.4062 242
11.4106 237
11.4591 180
12.6855 219
13.551 225
13.95 156
14.3734 84
14.9055 232
15.0763 96
15.3375 170
15.3409 123
16.3045 197
16.5801 113
18.0538 177
18.2253 100
18.2563 199
18.5643 109
18.8781 200
19.7728 95
19.9757 186
20.7503 148
23.4872 205
23.7168 164
24.2938 103
24.8263 214
24.9214 112
25.2142 88
25.6125 190
26.9124 116
27.9574 207
28.0186 233
28.19 236
28.6965 147
28.7515 131
29.1096 130
29.1813 128
29.3988 99
30.4785 243
30.7496 95
30.9334 91
31.0065 105
31.3763 170
31.7044 162
32.1651 159
32.6312 220
33.7446 235
33.8682 149
33.9982 118
34.9941 222
35.08 908
6879
4.6867 160
5.6925 230
7.4581 208
9.1343 101
9.2603 104
9.366 126
9.6093 222
10.4991 238
10.8315 225
11.4509 111
13.3052 217
14.9328 114
15.036 120
15.6375 177
15.6734 178
15.732 154
17.0038 228
17.8232 112
17.8329 109
18.1554 221
18.6258 85
19.014 151
19.1553 151
19.4236 228
20.0377 170
20.8579 196
20.9081 214
21.191 159
21.486 102
21.6891 101
22.1893 98
22.4276 104
22.6214 153
23.1099 97
23.9127 168
24.1048 235
24.5453 187
24.5862 137
24.752 214
24.7588 107
25.051 121
25.097 347
3808
6.8571 206
7.1888 234
7.7719 100
8.0575 245
9.8766 171
10.08 219
10.6738 246
11.7007 122
12.0988 120
14.4041 144
16.4569 92
17.9536 222
18.086 180
18.5881 183
19.243 170
19.548 194
19.738 134
19.7667 196
20.5776 209
20.6986 190
21.1481 117
21.2555 248
21.3877 114
21.6874 196
21.769 239
22.173 139
23.8929 199
24.6876 158
24.926 86
25.1488 111
26.6171 210
27.3571 141
27.4133 210
28.2047 1
8558
5.8955 220
6.1065 118
6.3975 190
6.7119 185
7.2194 183
7.4589 179
8.0868 126
8.1494 98
8.7071 209
8.906 115
9.1746 139
9.2007 111
9.2231 224
9.2789 109
9.4625 95
9.5443 152
9.7784 229
9.9957 128
10.7246 166
11.0328 105
11.1613 163
11.2216 102
11.2467 229
12.3681 99
13.0119 92
13.0938 184
13.2947 139
14.7985 185
15.3292 231
15.687 104
15.7757 84
16.2501 170
16.2959 148
16.4236 163
16.6581 109
16.9799 215
17.6057 223
17.6369 123
18.0776 145
18.0907 121
18.9415 114
19.4165 236
19.6082 177
19.616 123
20.58 243
21.0239 222
21.2544 202
21.4131 146
21.7149 234
21.9429 245
22.3215 145
22.3849 197
23.0902 216
23.5677 181
23.8319 192
23.9378 166
24.2078 117
24.6929 240
25.0073 247
25.092 92
25.643 151
26.3555 156
26.6951 237
28.236 155
28.3981 140
28.4671 198
28.4967 132
28.863 136
29.5228 229
29.7385 150
30.3713 1
9885
5.5401 99
5.5602 230
5.677 177
6.6806 160
6.8304 190
7.8907 166
8.3969 195
8.4838 201
9.0925 114
9.1054 226
9.5744 157
9.7453 149
13.6518 171
14.203 135
15.0082 204
15.8895 90
16.089 105
16.0958 122
16.1073 233
16.2221 241
16.3766 132
17.0506 235
17.6442 203
17.7318 120
17.7439 187
17.9569 170
18.779 135
20.0666 119
21.0012 124
21.6335 167
21.9753 93
22.1054 101
22.5277 241
22.5495 131
23.1472 231
23.5703 122
25.1516 217
25.6091 173
25.7293 118
27.1593 135
27.5684 220
27.9086 160
28.4081 136
28.9238 96
29.8861 182
30.4289 237
30.4435 197
30.7566 116
31.1489 144
31.5086 133
32.4272 229
32.4514 195
32.7356 1322
5372
4.4058 119
4.6371 101
4.6633 241
4.6817 84
5.2821 226
5.3204 195
5.6906 111
5.865 191
6.027 102
6.1721 99
8.3782 188
8.4121 147
8.5152 90
8.9231 238
8.9258 136
9.0318 176
9.3236 97
9.3858 201
10.1461 190
10.3033 225
10.8265 142
10.9577 105
14.3876 199
15.1417 180
15.6862 156
17.0269 242
17.0663 108
17.068 200
18.2 217
18.4363 189
18.9849 201
19.1721 141
19.2868 199
19.5357 241
19.957 87
21.0483 211
21.4364 185
22.7362 83
22.8166 151
22.9024 97
22.9971 234
23.1337 1
3671
5.904 217
6.3248 96
6.4154 85
6.6364 102
6.7092 172
7.1582 195
7.9982 103
8.4386 163
8.8555 172
10.0476 171
10.1189 108
11.0383 175
11.281 130
12.0457 225
12.0853 187
12.4407 121
12.4621 108
12.7086 155
12.7496 90
12.8409 122
14.5259 205
14.831 248
16.9028 244
17.1345 128
17.2895 127
18.5498 155
19.8493 107
20.0195 222
21.0617 184
21.3492 110
24.4777 92
24.5613 102
24.846 166
25.278 1
6329
4.2905 103
4.8373 209
4.9147 184
4.9517 182
5.0128 214
5.1911 104
5.8487 161
5.8666 224
5.9665 84
6.1058 228
7.185 153
7.3317 226
7.4505 158
7.4595 95
7.5083 231
7.837 118
8.0304 106
8.1865 197
8.2271 160
8.5219 239
9.1036 165
9.1566 136
9.2586 232
9.4113 222
9.5954 156
9.9081 181
11.7687 150
11.8606 109
12.0697 227
13.4802 179
13.8843 204
14.0021 126
14.6018 246
14.6213 120
14.6963 145
14.8326 100
15.6669 249
16.192 95
16.2054 170
17.1276 176
17.5801 113
18.0815 170
18.5037 176
18.5349 180
18.6499 175
18.7857 116
18.9649 233
19.265 185
19.5472 192
19.6655 217
19.9711 93
20.0065 83
20.0744 100
21.4111 167
22.0407 237
23.0688 209
23.9112 200
24.1377 245
24.4093 114
25.0034 226
25.5548 211
25.5593 198
25.6619 132
26.5105 107
27.1495 201
27.2096 240
27.3066 236
27.3667 232
28.4415 145
28.7513 237
29.1952 1
8727
3.3868 236
4.3613 160
5.097 117
5.6912 165
5.7429 211
5.8134 155
6.0124 208
6.1214 165
6.3389 101
7.04 185
9.3136 210
9.5718 144
9.8773 167
10.0383 141
11.1123 225
13.2579 216
13.5509 213
13.9962 134
14.0149 237
14.3276 186
14.457 105
15.2236 164
15.314 88
15.8965 195
16.6087 143
16.7608 159
18.6682 221
19.2264 247
19.4528 180
20.4203 136
20.4508 90
21.0926 248
21.4435 241
21.5632 229
21.8815 203
22.6599 94
22.91 247
22.955 90
23.0444 205
23.185 194
23.2505 166
23.7669 203
23.8777 247
25.4297 112
27.0769 235
27.383 163
29.5423 155
30.2262 124
30.2266 138
30.6552 181
31.4335 162
31.7165 92
32.2001 1
5054
2.9419 247
3.0513 215
3.3159 158
3.815 90
3.8986 172
5.1332 247
5.2735 135
6.412 208
6.5865 230
8.5297 159
9.0171 122
9.6145 87
9.6267 218
10.0376 162
10.8774 171
11.2931 119
12.5663 106
13.9208 156
14.0327 183
14.6828 127
15.6784 103
15.71 97
15.8349 216
16.1846 210
16.5945 232
17.0243 111
17.029 189
17.9567 223
18.1557 108
18.3899 231
19.5359 227
19.8197 216
20.0864 193
20.1496 193
20.1926 179
20.2928 179
20.9758 212
21.0506 105
21.2928 160
21.4099 205
22.0637 141
23.2532 1
3219
2.0917 135
2.6486 189
3.3069 152
4.191 83
4.6826 176
5.2059 158
5.2547 208
6.3735 239
6.8305 144
6.8377 128
7.4663 165
7.5962 198
7.8624 219
9.828 216
10.2585 209
10.6578 141
11.0527 167
11.4942 167
11.7148 222
12.9997 157
13.2526 95
13.3519 199
13.5099 235
13.9561 189
14.0509 141
15.6351 223
17.796 206
17.9272 184
18.9236 219
19.7987 84
21.2929 94
22.634 168
25.1127 140
26.2047 1
6055
3.5641 151
3.9918 207
4.4456 99
4.8868 243
5.0745 88
5.2566 135
5.7876 185
6.0377 87
6.0814 118
6.2211 112
6.3683 207
6.4285 219
6.6427 164
6.9162 193
7.2652 91
7.5768 114
7.9073 118
7.9281 147
8.1796 84
8.2804 164
8.2848 168
8.3935 142
8.8249 149
9.0076 151
9.3203 142
9.3799 87
9.7115 103
10.4074 232
10.4654 140
10.788 94
11.3691 172
11.737 90
12.3201 110
12.5109 204
12.7832 166
12.7935 157
12.8981 172
13.1212 203
13.2098 167
13.2383 189
13.7465 171
13.9272 91
14.4053 168
14.9596 124
15.0991 205
15.1761 85
15.6579 240
16.5763 117
16.7495 149
17.062 186
17.1055 142
17.3079 190
17.9327 136
18.4048 137
18.9698 150
19.3192 160
19.8632 160
20.1161 213
20.345 132
20.5622 222
21.4383 148
21.4769 89
21.8463 216
22.9817 108
23.2942 120
23.4828 97
23.5291 234
24.1672 216
25.8732 125
26.1048 212
26.4744 1
6328
2.4986 220
3.9603 234
3.9802 113
4.3234 156
4.7822 192
4.8432 160
5.2594 189
5.5074 111
6.8264 93
7.7927 106
7.9685 101
8.0691 143
8.2209 111
8.6709 185
8.6814 230
9.0984 102
9.179 120
10.674 148
11.6334 194
12.039 213
13.2502 190
13.5045 225
14.0644 92
14.2257 124
14.4627 156
15.0286 170
15.6131 240
16.0443 235
18.0655 84
18.1716 189
18.3786 190
18.9381 198
19.2746 163
21.8189 132
23.8662 111
23.8707 108
24.9236 127
25.3453 146
25.5465 232
25.7841 171
26.1824 179
26.5818 165
26.5861 184
26.61 146
26.7407 115
26.7948 109
27.1504 241
27.155 206
28.7368 189
29.0613 85
29.1997 126
29.5242 122
29.7317 1
4316
1.1333 145
3.022 217
4.5129 234
4.5634 176
4.6474 125
5.6747 120
5.8995 127
6.2252 205
6.2645 142
6.501 107
6.5734 85
6.9981 220
8.3127 237
8.7366 145
9.0756 223
9.1651 190
9.1735 158
10.1597 190
10.8952 146
12.702 125
12.8943 239
13.2557 114
13.6028 157
13.6379 167
15.3432 129
15.385 132
15.5824 224
15.9799 145
16.2403 124
16.313 236
16.4594 144
17.1568 133
17.1717 149
17.2591 211
17.7845 214
18.7452 149
18.919 125
19.5198 95
19.9975 138
20.0845 173
20.806 213
22.1625 1
3152
2.9821 171
3.0361 205
3.5891 236
4.4704 197
4.5132 248
4.9811 151
6.4063 117
7.0394 89
8.1482 153
8.1993 225
8.5657 158
9.1878 129
9.8298 222
10.1662 109
10.6872 114
11.1992 106
11.8832 172
11.9381 219
12.2052 159
12.6988 121
14.3593 228
14.7147 84
15.2919 233
15.439 212
15.996 105
16.7926 88
18.4598 246
18.6394 109
20.5484 201
21.4482 237
21.5272 226
22.7026 164
24.2449 138
24.3445 1
6988
1.7549 211
2.8147 247
2.979 106
2.992 174
3.2333 202
3.4631 242
3.7535 233
3.8589 103
3.9582 183
3.9963 128
4.6808 84
4.8298 235
4.8959 192
5.1356 142
5.6057 86
5.6277 213
5.7149 101
5.7932 166
6.9125 245
7.2784 148
7.3579 223
7.6302 226
7.9089 178
8.1023 166
8.8816 119
8.9243 133
9.5302 129
9.6809 157
9.7479 171
10.5284 169
10.97 87
11.3881 96
12.0057 170
12.0619 163
13.3886 165
13.4707 169
13.8211 236
13.8489 203
13.9176 141
15.3461 233
15.6844 184
16.1828 154
16.6158 188
16.8655 139
17.155 99
17.2545 137
17.4831 188
18.1288 241
18.6962 241
19.0294 165
19.0425 157
19.2822 117
19.3373 231
19.7459 227
19.7593 135
19.9277 246
20.0348 109
20.5229 230
20.5579 204
21.1236 130
21.4464 116
21.7767 213
23.0381 203
23.2747 108
23.4323 140
23.665 146
24.1403 203
24.2481 193
25.5773 175
25.8401 157
25.8484 1
6958
1.4557 226
1.7284 85
2.3508 127
3.4929 202
3.7402 240
4.1906 192
4.3848 146
4.8363 109
4.9378 214
4.9673 248
5.5462 241
6.0156 165
6.3256 229
7.6366 247
7.9177 87
8.1999 222
8.3038 241
9.8735 206
9.8966 229
10.2047 146
10.2572 201
11.4029 162
11.4468 154
12.5977 158
12.7865 119
13.5766 159
14.9428 159
15.0827 136
15.1096 137
15.7329 121
15.8144 97
15.8592 148
15.9983 130
17.3875 124
17.8983 152
18.1269 182
19.6454 219
20.9724 111
21.0355 98
22.6559 185
22.7061 154
23.149 121
24.1106 220
24.3736 149
25.0708 213
26.0338 242
26.5316 127
27.3457 118
28.0107 135
28.0455 153
28.0881 134
28.6923 106
28.8761 1
3260
3.1729 147
3.4942 184
3.6779 155
4.7782 111
5.8832 207
5.991 208
7.0028 166
8.036 164
8.2666 165
9.2502 176
10.1915 243
10.3117 136
10.3567 247
10.6636 135
12.0791 155
12.5023 91
12.8389 175
13.0136 181
13.5374 138
13.8603 84
14.0593 228
14.1625 189
14.5573 229
14.9684 243
15.2667 96
15.4985 127
15.6877 112
15.7954 155
17.4054 155
17.5392 213
18.1322 122
19.667 114
19.6946 88
19.8852 231
19.909 182
20.6527 85
20.8295 191
21.52 234
21.7671 130
22.0765 115
22.7675 194
22.8086 1
2312
4.6752 135
5.2499 150
6.5421 113
6.7105 158
8.1487 229
9.5267 108
10.2925 195
10.5611 100
10.7365 152
10.7759 203
11.0322 84
11.3962 142
11.6136 215
12.81 144
14.3539 244
14.6346 142
16.8759 232
17.6238 107
18.4078 213
18.7491 132
18.8467 126
19.0966 236
19.9392 117
19.984 104
20.3118 216
21.1666 221
21.8549 239
21.9408 238
21.9657 96
22.4857 141
22.8831 170
24.3534 243
24.873 172
25.8512 1
5878
2.573 160
3.4902 137
4.0267 156
4.0634 123
4.2041 100
4.2158 196
5.0117 223
6.0543 203
6.1702 96
6.177 107
6.2682 244
6.3049 183
6.7741 178
6.7791 101
7.6322 130
7.81 158
8.0459 188
8.2489 156
8.5754 185
8.6997 228
8.8811 143
9.3098 233
9.8304 128
9.9263 246
10.1565 187
10.3378 151
10.9437 207
11.4215 227
11.5372 141
11.7211 136
12.0292 174
12.31 183
12.4053 100
12.7892 127
13.0488 211
13.1454 204
13.5268 201
13.6108 248
13.6368 181
13.7933 122
14.3795 207
14.5582 223
14.6311 186
15.7291 152
16.5475 113
16.8678 159
17.3135 223
18.9051 146
18.9598 139
19.3417 182
19.6209 210
19.6318 140
19.6433 194
19.8187 237
19.9455 150
20.0319 120
20.1993 94
21.0446 246
22.731 180
22.9981 95
23.1015 166
23.1474 169
23.2857 84
24.0364 176
24.7106 105
25.1347 126
25.3001 84
25.5565 234
25.6526 141
26.0397 98
27.5955 1
5043
2.2796 196
3.2074 240
4.0913 132
4.1842 88
4.3918 228
4.3968 134
6.9451 148
7.7366 158
7.8071 127
8.9844 156
9.3922 102
9.7735 226
11.5737 180
11.7443 183
12.0275 204
12.5148 179
13.1024 225
13.1346 189
13.4381 229
14.0621 206
15.0357 199
15.1029 147
15.2483 89
15.4446 227
15.719 218
15.8096 166
16.8444 215
17.6014 157
17.9795 142
20.2877 151
21.4187 247
21.5015 133
22.1589 202
22.611 145
22.8639 206
23.2832 191
23.6331 159
23.766 244
24.0066 87
24.2864 161
24.9314 182
25.157 111
26.4962 226
26.7456 112
27.2586 156
27.3293 109
27.869 247
28.2099 122
28.4416 85
28.4609 229
29.3869 150
30.0909 116
31.2788 1
4195
6.203 215
6.3204 123
6.6092 232
7.4976 101
7.69 187
7.9152 149
8.1521 178
8.2046 181
8.2154 101
8.5406 237
9.9864 184
10.1868 170
10.5938 227
11.1434 210
11.559 201
12.1643 173
12.1902 210
12.5408 146
12.6379 176
13.2214 152
14.6885 244
15.6888 148
16.2256 161
16.2815 158
16.3369 190
17.1275 216
17.1331 94
17.1655 174
17.7249 146
17.8952 194
17.9419 119
18.514 180
18.6163 143
19.2439 230
20.9291 153
21.2682 128
21.9797 203
22.0828 153
22.1776 212
22.3834 119
23.5952 99
24.7421 1
2335
4.6667 125
5.6574 111
5.7789 239
6.7966 225
7.8191 231
8.7069 166
9.0426 90
9.1829 226
9.3141 152
11.5697 156
12.5671 88
12.7322 176
13.7467 89
14.495 181
14.6331 115
15.0783 138
15.7129 125
15.8477 134
16.389 219
17.6116 135
17.7124 172
18.0322 138
19.9063 165
20.7656 156
20.9979 238
21.4576 161
21.6641 169
21.8657 249
22.5709 161
23.5206 160
24.5992 200
24.8363 200
25.4965 198
26.0284 1
5347
4.0354 197
4.0701 137
4.893 139
4.8944 112
5.4635 248
5.7335 87
6.0174 150
6.4615 106
6.5212 220
7.023 86
7.3815 92
7.4622 152
7.4675 122
7.9232 169
7.9388 145
8.0956 136
10.8725 241
11.1197 240
11.7806 128
11.814 232
11.9627 169
11.991 241
12.2493 213
13.0175 209
13.9021 114
14.7475 112
14.9017 224
15.2333 193
15.4647 124
15.6139 241
16.3541 116
16.3648 206
16.4097 138
17.6081 152
18.0113 247
18.5696 152
18.874 147
20.2081 105
20.2622 198
20.3028 86
20.3602 104
20.459 203
20.8016 103
20.8856 242
20.9715 175
21.0321 220
21.4304 199
21.7143 213
22.1389 195
22.3956 125
22.4115 120
22.4905 210
22.8036 90
22.9545 239
23.2119 97
23.8216 176
24.4654 100
24.6248 204
25.0705 142
25.379 128
25.4534 102
25.9026 167
25.9479 212
26.4843 201
26.9697 235
27.0911 194
27.3089 170
27.3521 205
28.1736 204
28.6375 89
28.7112 1
6448
3.8558 153
4.0859 234
4.1236 188
4.3327 214
4.3637 226
4.4955 133
4.8753 223
5.2474 227
5.9515 236
6.312 85
7.3467 131
8.0385 105
8.4816 101
9.184 169
9.6416 190
10.468 196
10.8392 90
10.9145 169
11.4961 247
12.2039 190
12.5145 170
13.4516 205
13.454 203
14.1921 138
14.3842 145
15.358 95
15.6931 219
17.1815 192
18.0535 95
18.1014 165
18.4345 238
18.7147 226
19.1463 137
21.5524 230
22.0884 98
22.1705 241
22.5059 98
23.2799 87
23.5428 205
23.8171 119
24.4208 231
24.5448 198
24.8797 221
25.616 221
26.7742 159
26.8429 189
27.0435 194
27.8966 208
28.4927 222
28.7495 146
28.8489 151
29.0411 229
29.0942 1
5752
3.8944 184
4.2191 244
5.738 105
5.9781 188
7.4239 130
7.8835 164
8.2197 222
9.1148 124
11.243 164
11.6659 220
11.7247 230
12.5467 197
12.7817 169
13.4592 108
14.3091 121
15.2008 130
15.4489 132
15.5449 225
16.2354 217
16.4029 152
16.5482 195
16.8855 136
17.1736 236
19.5353 185
19.5995 86
19.6719 148
19.8274 238
19.8292 111
20.0578 139
20.1565 155
20.4356 232
20.4804 205
20.6118 160
20.8639 181
21.2342 197
21.5168 155
21.9849 100
22.6941 218
22.7459 204
23.3876 219
24.0032 112
24.2041 1
3040
3.0377 221
4.3919 223
4.9444 117
5.3522 181
5.8879 234
6.0447 155
6.2892 102
6.72 128
7.8061 227
8.6799 97
8.8296 115
9.6951 140
11.6922 158
11.7602 195
11.8948 182
11.9047 167
12.8114 115
14.3307 242
14.458 209
14.9103 248
15.7036 193
16.0505 236
19.0519 87
19.4763 214
20.8193 226
21.5098 121
21.7255 241
22.7201 237
23.4011 202
23.4838 224
23.9572 149
24.7386 192
25.6523 202
25.7493 1
6452
4.3146 185
4.7785 199
5.3068 190
5.3259 117
5.355 152
6.7581 112
7.2305 120
7.5555 136
7.6567 151
8.0501 174
8.0797 171
8.4506 224
8.5213 109
8.639 235
9.0488 221
9.6857 236
9.6889 182
10.0255 138
10.1753 166
11.5806 92
11.7282 121
11.7836 215
11.8433 231
12.0952 112
12.3163 143
12.4872 247
14.1494 220
14.3264 203
14.6857 238
15.1464 207
15.2482 216
15.7551 166
15.8463 185
17.5707 222
17.9399 100
17.9665 195
18.7427 111
18.8028 88
18.9197 130
19.0476 187
19.1739 210
20.4476 161
20.7822 141
21.1228 85
21.4924 226
22.3609 204
22.6982 213
22.7898 83
22.8079 93
22.8149 244
23.2011 178
23.2574 159
23.7451 221
23.8841 168
24.0088 142
24.0766 241
24.0804 180
24.3676 237
25.1904 244
25.4145 126
25.7241 164
25.8646 136
26.3382 146
26.3997 248
26.4919 213
26.4955 248
27.025 148
27.5081 209
27.879 246
29.0582 192
30.0596 1
9126
4.0221 126
4.4642 116
6.9104 219
7.2782 94
7.3313 210
7.5348 143
7.8638 161
8.0615 216
8.7183 236
9.0391 212
9.585 247
10.635 138
11.1272 196
11.2007 87
11.4834 96
12.2714 153
14.1661 244
14.6409 106
14.852 90
15.004 93
15.2741 122
15.6827 204
16.6417 216
17.1263 115
17.7661 232
17.9005 198
19.1769 132
19.4484 128
19.4714 232
19.7179 174
19.7614 181
20.6499 159
21.1132 116
21.7147 184
21.8843 153
21.9431 108
21.9581 125
22.8161 204
22.9214 159
23.4274 244
23.7832 156
24.444 203
24.9668 222
25.1701 89
25.5156 212
25.6811 136
27.6699 131
27.7188 92
28.1092 126
29.2257 108
30.8006 187
31.9028 132
32.4521 764
5492
5.7176 129
6.9093 188
7.388 157
7.4583 143
8.1058 106
9.2758 115
9.536 177
9.541 159
9.5511 126
9.6076 131
9.7675 214
9.8053 131
10.994 170
11.4525 244
12.3554 122
15.1049 96
15.9637 188
16.7142 207
17.2513 142
17.3187 208
17.7977 123
18.1636 139
18.3065 112
18.7753 168
19.1558 188
19.2632 92
19.5858 153
19.6156 98
21.3307 243
21.4568 170
21.8316 199
22.2031 93
22.2261 87
22.3665 153
22.435 84
22.5432 221
22.7565 192
22.9283 102
22.9917 116
23.3073 164
24.9851 218
25.1436 1
3571
4.5944 194
6.1373 179
7.7102 232
8.0914 232
8.2183 206
8.2859 120
10.506 161
11.2316 163
11.6058 198
13.6876 93
14.3389 106
16.1312 238
16.397 230
16.5098 195
17.4249 211
18.6967 201
19.2547 146
20.4211 190
20.6047 120
20.9699 92
22.6406 134
22.9668 229
23.6233 230
24.1222 89
24.5822 109
24.6464 187
24.6563 119
24.8359 225
25.4144 102
25.5642 193
26.8244 137
27.0099 164
28.4573 228
28.7664 1
9803
5.8047 247
6.0383 174
6.3443 218
6.4159 83
6.9263 97
7.02 196
7.1053 220
7.2736 162
8.1829 94
9.8077 234
9.9355 169
11.2267 138
11.3129 146
11.3918 179
11.4283 195
11.5191 220
11.913 180
12.0108 100
12.1898 213
12.9644 180
13.3315 241
14.7718 174
15.0529 101
15.6274 147
16.5057 102
16.6777 196
16.827 175
16.8283 111
16.8765 194
16.9027 235
17.0742 207
17.7606 154
18.1489 145
18.2085 203
18.2764 86
18.9387 199
19.359 163
19.6136 223
19.6396 216
19.6572 230
20.0531 175
20.1403 212
20.2514 151
20.4546 99
21.4035 96
21.9067 188
22.2165 245
22.3396 136
23.1415 90
23.736 193
23.8079 103
23.822 181
23.8676 163
24.2878 219
24.4666 157
25.2623 108
25.4316 237
25.9755 212
25.9957 101
26.002 232
26.1115 132
26.629 186
26.6325 240
27.0673 106
27.5766 220
27.9886 195
28.5043 222
29.0897 94
29.3006 87
29.5101 206
30.0611 1
11220
6.5198 146
7.1708 154
7.2766 234
7.5325 203
7.8864 243
7.9047 153
7.9828 111
8.9637 193
9.3524 143
9.3883 217
9.481 192
9.6558 160
10.1826 148
11.2605 195
13.1306 153
13.703 145
14.6646 230
14.8601 215
15.3569 206
15.6933 198
15.9417 216
16.6633 108
16.8749 86
18.4701 236
20.2033 102
21.6009 93
22.0496 200
22.1188 213
22.4554 171
23.032 156
24.3662 239
24.4845 201
24.6159 175
25.1809 95
26.0125 231
26.0933 98
26.3785 104
26.8138 171
27.522 111
28.2039 239
28.678 239
29.5958 185
29.69 102
29.8046 233
29.8445 243
30.77 101
30.9164 231
31.2949 197
31.6833 119
32.0577 215
32.761 129
33.0357 244
33.4323 2099
7145
8.2077 159
8.7936 88
9.9015 216
11.2141 99
11.9782 232
12.8346 129
13.4208 241
14.427 126
14.869 135
15.1921 235
15.2148 143
16.1092 204
16.1836 235
16.2812 217
16.3026 188
16.9864 166
17.338 136
17.5332 124
18.0721 133
18.1117 120
18.4396 198
18.5442 183
19.3913 152
20.0492 190
20.9158 231
21.3095 232
23.1737 135
23.4807 211
23.5293 121
24.0069 164
24.3559 175
24.4414 122
24.5283 107
24.9841 149
25.5221 161
25.6127 91
25.9058 89
25.9425 181
26.1462 85
26.1905 153
26.7346 211
27.6581 479
4089
8.9838 125
9.3713 233
9.9477 142
10.6131 236
10.6558 110
10.7301 223
10.7499 133
12.132 170
12.9355 247
13.276 131
13.4671 236
13.576 214
14.6734 248
14.8722 138
15.0407 222
16.4591 171
18.948 100
19.0943 135
19.752 235
20.7794 137
21.1436 243
21.4739 127
21.9471 231
22.0048 135
22.3738 159
23.4759 164
24.2777 230
24.58 84
24.9244 138
25.8527 128
26.513 137
26.6706 102
28.7487 211
29.9264 1
10191
9.0988 142
11.1417 87
11.3594 159
11.6057 135
12.0815 186
12.2773 156
12.3621 134
12.4043 204
13.4116 235
13.6033 163
13.8234 130
14.1847 243
14.6744 113
14.7186 224
15.455 202
16.6244 208
16.866 157
17.6037 90
17.6119 159
17.6309 196
17.8054 230
17.8378 104
18.0173 153
18.5741 239
18.5967 153
18.5987 207
18.8201 187
18.9408 232
19.5475 236
20.0642 191
20.9481 105
22.3926 131
22.6486 137
23.0834 91
23.1637 191
23.1829 216
23.5861 130
23.632 115
24.8553 151
24.9394 207
25.2634 149
25.5807 153
25.6728 104
25.989 154
26.0151 161
26.0594 195
26.5321 85
26.592 147
26.9276 227
27.1613 88
27.2289 181
27.5111 158
27.8887 166
28.4713 96
28.5012 186
28.5989 210
28.6236 119
28.9098 124
29.322 153
29.411 104
29.73 224
30.1027 187
30.6924 180
31.0281 169
31.0318 241
31.2833 185
31.5973 178
31.6341 92
31.8261 144
32.5334 109
32.9696 1
9753
8.8516 169
9.8596 134
10.1388 180
12.2735 90
12.5097 121
12.59 150
12.9738 159
13.0834 206
14.0686 236
14.6175 238
16.0715 233
16.3233 202
16.7589 128
16.9498 185
16.9527 119
17.2462 201
17.5578 168
18.141 113
18.3151 171
19.3086 88
20.9231 232
21.4888 126
21.4961 107
21.6452 187
21.7998 153
22.0351 98
22.2188 243
23.1687 243
23.9156 208
24.0264 85
24.0363 169
24.2502 228
25.4684 218
27.2056 232
27.3366 207
30.0078 212
30.4033 142
30.6161 234
30.6709 188
30.8863 87
31.1098 163
31.1734 141
32.0607 146
32.2741 114
32.2834 182
32.3232 110
33.1871 120
33.9959 113
34.6618 182
35.0561 153
35.5971 197
36.133 163
36.3573 1080
7412
9.4262 182
10.4313 220
10.6129 228
10.9346 190
11.299 95
11.4919 139
11.7901 239
12.0454 165
12.2644 187
12.3315 188
12.8537 174
12.9224 156
13.2082 117
14.2641 120
14.4184 182
15.0646 129
15.4863 244
16.0854 138
16.3172 166
16.4227 213
16.8397 225
18.7032 131
19.0538 134
19.7287 152
19.7843 220
21.6411 226
21.6853 159
21.887 243
22.025 233
22.441 122
22.7635 186
24.9662 98
24.9746 100
25.6909 222
25.8554 158
26.496 150
26.6212 239
27.4376 142
28.4681 120
28.5032 194
29.1863 149
29.5175 338
4143
10.3023 215
10.3339 224
10.3786 119
11.4622 162
11.5518 168
12.693 156
12.6954 163
13.2758 104
13.9287 86
15.6201 133
15.9181 174
16.4936 210
17.7774 89
17.8666 94
18.2238 114
18.3647 88
19.1259 115
19.48 170
20.0188 198
21.4349 121
23.1672 162
23.7854 117
24.4581 145
24.5209 180
25.4703 211
26.1391 152
26.2931 139
26.7921 220
28.5429 180
30.2267 132
30.5691 121
30.6084 92
30.9878 228
31.1776 1
9971
9.4758 248
9.6126 90
9.7838 213
10.0125 199
10.3091 119
10.4692 121
11.4411 225
11.5895 221
11.7933 159
12.1316 86
12.4529 238
12.6521 86
13.6866 217
14.2733 216
14.3134 211
14.4321 148
14.4568 213
15.1294 234
15.2611 93
15.3479 102
15.461 155
15.5426 246
15.8875 220
16.786 112
17.2839 140
17.3958 167
17.4208 224
18.3566 108
18.5829 85
18.7471 151
18.9861 191
19.5688 223
19.6034 211
19.7235 247
20.5508 147
20.5581 233
21.4645 224
22.8616 159
23.1033 120
23.1639 162
23.2355 125
23.5555 203
24.4067 211
24.5223 133
25.7895 215
25.9324 232
25.9553 186
26.2309 180
26.7354 197
26.7895 219
26.8366 204
27.2281 130
27.3213 108
27.4225 217
27.4321 239
28.1867 177
28.6318 119
28.9052 106
29.9611 247
30.1784 107
30.3093 166
30.5313 230
30.8041 233
30.8785 199
31.5698 231
31.8073 128
32.3388 193
32.6673 177
33.7037 170
34.0389 99
34.0745 1
12151
9.5984 141
10.0064 198
10.1241 98
10.5558 159
11.0283 177
12.8684 194
13.09 95
13.1496 107
13.1508 139
13.3281 208
13.4492 209
14.5439 91
14.8035 107
15.6549 228
16.5048 125
16.8352 223
17.0839 206
18.173 143
18.7297 88
19.2756 208
19.3651 103
19.9076 225
20.9989 180
22.8792 113
22.9554 187
23.1396 187
23.3858 180
25.772 166
26.2808 134
27.3557 227
27.5036 154
27.5242 126
27.6153 214
27.7228 212
27.7476 191
27.9305 92
27.9698 136
28.7562 117
28.7993 224
29.0878 205
29.9178 212
30.1322 196
31.5411 142
32.8066 171
32.8994 160
33.8067 169
34.0146 133
35.1341 170
35.3863 106
35.4304 236
35.6081 207
36.1336 109
36.1886 3624
6264
10.4522 86
11.1461 149
11.7847 154
11.9267 210
12.4929 234
12.8511 191
13.8436 145
13.8767 164
15.2315 172
15.6483 147
15.882 172
16.6985 122
16.7852 100
17.1423 246
17.5088 204
19.1595 111
19.5615 87
19.6241 215
19.996 225
20.5395 88
21.7384 196
21.8226 161
22.2758 189
23.3891 123
23.4332 208
23.8186 163
24.1388 165
24.7007 217
24.9469 233
25.049 188
25.4172 203
25.4574 174
25.5705 214
26.247 121
26.5117 161
27.4554 205
27.7615 130
27.9331 226
28.2053 229
28.5495 116
28.6567 223
29.4465 1
5256
10.437 103
10.8823 211
12.4801 164
12.5264 196
12.8888 111
12.974 132
14.793 126
15.0404 226
15.1344 199
15.4417 201
16.2237 158
16.3673 154
16.477 203
17.8322 95
18.1172 139
18.5558 175
18.5764 134
19.2509 234
19.7961 233
21.4975 231
21.5872 103
21.7824 245
21.8976 237
22.5631 110
22.8819 170
24.1471 158
25.1203 150
25.4244 188
26.3339 184
28.3779 149
28.6112 109
29.1606 175
29.808 109
31.0806 1
11245
9.8555 140
10.3999 178
10.8232 123
11.0763 169
11.9053 126
11.9552 129
11.9993 226
12.2722 94
12.4461 225
12.7771 195
12.9006 107
13.0352 237
13.3585 214
14.194 245
14.901 215
15.4477 98
15.663 214
16.0025 173
16.0351 194
16.3439 181
16.3833 241
17.2209 121
17.4993 189
17.6657 143
17.7972 100
18.0511 115
18.0995 190
18.524 219
18.5695 198
18.7196 114
19.3532 130
19.4872 87
19.6153 172
19.6824 102
19.8526 128
20.3981 102
20.7308 214
20.8475 220
20.9748 205
21.0756 144
21.8502 209
23.8272 244
23.9861 131
24.3695 187
24.7235 147
24.8261 214
24.8659 190
25.2034 137
25.2626 132
25.8009 132
26.2324 146
26.2879 166
26.4555 134
27.6165 164
27.7925 127
28.4703 112
28.6317 202
29.2288 164
29.431 205
30.299 241
30.6828 239
30.7437 99
30.9768 239
30.9922 213
31.438 115
31.6366 132
31.8149 246
31.9974 115
32.2577 140
32.959 196
34.704 1
9956
10.4646 114
10.7009 121
11.0503 149
11.2583 151
12.3955 106
12.3975 155
12.6799 140
12.9189 125
13.6722 193
13.9489 219
15.0149 235
15.6268 116
15.6537 227
17.0943 215
18.8539 134
19.1146 152
19.6028 84
20.19 195
20.8348 242
21.5752 239
22.4189 241
22.4769 201
22.6192 218
22.6705 168
22.8359 199
24.3314 88
24.5921 222
24.7354 236
24.8044 163
24.9372 205
25.1458 198
25.2282 237
25.671 155
26.5043 231
26.5567 241
26.5672 108
26.6409 100
27.0316 211
27.4219 140
27.6911 102
28.8112 204
29.2578 179
30.6345 168
30.6771 178
31.1916 195
31.3667 173
31.7146 132
32.8881 100
33.8853 187
34.9226 166
35.3461 115
36.1171 243
36.19 941
6578
9.636 129
10.6415 174
11.0732 95
11.1366 229
12.0282 160
13.2428 141
13.3846 246
14.0412 246
15.9208 166
16.1602 136
16.2202 146
16.353 199
16.4438 197
16.6303 211
17.6516 195
17.898 206
18.4803 169
18.6543 196
19.9439 173
20.0182 237
20.1531 221
20.9503 237
21.0118 123
21.2238 146
21.8276 106
22.0606 221
22.065 92
22.1956 116
23.4488 114
24.0524 228
24.2749 175
24.7558 168
24.8336 187
25.1816 237
25.2276 160
25.4085 228
25.8599 231
26.1199 234
27.8063 136
28.8312 187
29.024 239
29.8749 1
4453
9.8753 128
10.0873 87
10.3163 135
10.7355 165
12.1969 127
12.6787 203
13.5213 137
13.8071 150
13.864 181
14.4944 176
14.5611 187
15.3958 176
15.9897 112
17.5318 167
18.3902 95
20.8486 109
22.2826 183
25.3057 235
26.1066 125
26.3751 197
26.9841 187
27.7586 131
28.0821 135
28.413 191
28.9487 164
29.1008 139
29.1397 88
29.3352 181
29.8368 115
30.6932 183
31.2367 189
31.2436 91
31.4277 84
31.4766 1
9369
10.0575 173
10.3835 154
10.5634 126
11.3019 145
11.4664 105
11.543 204
11.6096 104
11.6206 221
11.6399 105
13.0944 192
13.8573 177
13.8731 162
13.9086 186
14.0446 99
14.2422 184
14.8975 146
14.9901 245
15.1626 207
15.3068 214
15.7672 181
16.6731 109
16.9396 146
17.785 161
17.843 93
17.8976 96
18.4771 227
18.5386 105
19.3909 153
19.4453 235
20.5934 199
20.827 218
20.8324 203
20.9368 239
21.6792 184
22.2047 114
22.6745 103
22.6845 144
23.3079 174
24.2857 100
24.351 163
24.38 197
24.52 199
24.6268 226
25.1331 202
25.2967 123
25.5017 133
25.568 200
25.8483 166
25.8617 84
26.604 167
26.7421 85
27.1612 229
28.0323 196
28.2749 139
28.4452 183
29.205 136
29.4016 176
29.6194 235
29.9295 140
30.4013 238
30.5348 117
30.7139 116
31.5759 212
31.7203 130
32.1394 91
32.8447 242
33.1828 205
33.3443 87
34.0751 236
34.2604 200
34.4852 1
8646
10.1329 199
10.663 126
10.6796 107
11.6774 199
11.9201 124
12.9383 139
13.1155 123
13.3019 207
13.4436 93
13.8476 179
14.4871 206
15.4734 119
16.0305 226
16.318 153
17.2539 240
17.4589 182
17.864 201
17.9939 183
18.3082 156
19.8148 175
19.8622 171
20.4903 97
21.3382 87
21.5618 108
21.71 97
22.0124 136
22.1925 216
22.514 121
23.0863 202
23.1745 186
23.5567 105
24.0916 175
24.4997 213
24.7024 246
25.1476 128
25.1821 220
25.8356 234
26.5508 107
26.6934 154
26.7 176
27.176 167
28.5738 159
29.3296 162
29.3308 167
30.3767 104
30.7954 175
32.2339 115
32.6456 134
33.3417 105
34.0404 165
34.5042 109
35.2464 192
36.3049 377
6484
10.4281 177
11.5285 195
11.9748 165
12.7218 206
14.2424 103
14.3576 190
14.5343 113
15.4209 243
15.4978 143
16.1946 237
17.4476 185
17.4948 118
17.5474 138
17.5884 113
18.1278 150
18.6367 134
19.0178 162
19.0616 107
19.9977 179
20.0214 106
20.4682 94
21.2657 171
22.0321 97
22.8704 109
23.3728 123
23.6923 198
23.7902 248
23.9863 86
24.3004 194
24.3158 200
24.6127 116
24.7167 169
24.9744 234
25.0456 142
25.0845 128
25.7007 181
27.3739 241
27.4542 119
27.9079 198
28.0751 194
28.3204 220
28.7371 1
3318
10.1063 169
10.2226 107
11.9424 241
12.1783 143
14.7552 101
15.5335 119
16.1929 161
16.2855 98
17.5915 103
17.6715 159
19.3075 171
19.4105 89
19.7341 153
19.8397 178
20.6961 109
21.8565 244
22.7278 168
23.1854 241
24.6207 177
25.2332 180
25.5101 162
25.7657 103
26.4377 142
26.8923 154
27.0317 224
27.4355 192
28.3681 124
28.6012 90
28.6277 150
29.0083 147
29.4967 180
29.8898 154
31.3439 135
31.8339 1
7705
10.0626 86
10.6985 152
10.8011 179
10.8761 116
11.5395 210
11.6268 249
11.912 175
12.241 237
13.5953 144
13.6853 218
13.765 119
15.58 209
15.6424 152
15.7411 171
15.9711 149
16.2881 175
16.3432 138
16.6679 239
16.7417 163
16.9793 126
17.2075 110
18.53 161
18.7874 221
18.9758 104
19.0764 237
19.5527 115
19.6927 247
20.8361 245
21.0731 168
21.2798 244
21.3401 183
21.5217 203
21.5762 168
21.6014 192
21.8874 105
22.1952 146
22.2429 154
23.3983 106
23.7725 150
24.073 105
24.1994 136
24.2218 183
24.7652 130
24.8965 111
25.215 210
25.5649 152
26.0135 218
26.5777 189
26.7689 90
26.9427 229
27.044 221
27.3228 227
27.4101 190
27.714 100
28.0288 174
28.2248 83
28.3923 248
28.6155 202
29.027 225
29.7947 189
31.2946 100
31.3155 145
31.6774 108
31.8062 119
31.9701 208
32.0183 101
32.9496 207
33.1542 237
33.5852 166
33.8319 210
34.6026 1
8459
9.251 141
9.7026 248
11.6478 173
11.8244 248
12.8084 210
12.9482 137
14.8324 157
14.8555 154
15.2502 131
15.6962 236
16.29 233
16.4283 207
17.2362 107
18.2621 213
18.7514 172
19.5809 137
19.6849 193
19.9151 105
20.4156 109
20.8043 85
20.9335 96
20.9411 178
20.9493 161
21.6651 120
22.7234 93
22.8945 202
23.0093 114
23.8301 99
24.531 242
24.6604 196
25.1839 218
25.5111 114
25.9881 123
26.4026 153
26.7185 194
27.5373 110
27.9689 180
28.2812 197
28.8077 129
29.3656 229
29.4541 175
29.6281 175
29.7332 225
30.2796 239
31.1614 105
33.0642 124
33.5826 122
33.8404 92
34.963 213
35.0234 109
35.1489 158
35.7284 130
36.923 49
5080
10.3802 87
11.4333 138
11.4749 92
11.9509 138
12.0464 121
12.3187 187
12.3523 185
14.0682 227
14.291 138
14.4325 171
14.5332 167
14.7307 97
15.0426 208
15.5765 233
16.3581 211
16.7225 210
17.1234 185
17.2598 121
19.1349 141
19.4827 186
19.9862 226
20.4132 235
21.3789 127
21.6128 161
21.9024 95
22.5739 162
22.6879 181
23.0038 245
23.5089 124
23.8165 225
24.8112 117
25.2505 88
25.7616 133
26.0117 125
26.0273 203
26.3421 96
26.6123 212
26.6999 87
26.8719 157
27.1595 124
28.2998 191
29.4919 1
3487
9.9771 168
10.9265 145
10.9601 176
11.3532 105
12.2982 111
12.7195 115
13.2316 116
13.3313 117
13.6678 196
13.8383 135
16.2384 206
16.7995 153
17.7191 116
17.7248 115
18.0696 123
19.253 179
20.3192 99
20.357 131
21.3618 113
21.9194 217
22.0619 203
22.2532 147
22.763 135
23.3349 227
23.92 111
24.0452 133
24.2725 106
24.298 87
24.8059 85
25.1109 144
26.0201 206
28.8556 205
30.0717 122
30.8755 1
8293
9.9873 146
10.0305 224
10.1156 151
10.1511 177
10.7202 124
11.3977 148
12.0352 114
12.3317 98
12.4105 85
12.7926 129
13.4432 245
13.6448 116
14.1134 165
14.3942 198
15.6682 111
15.678 114
16.364 227
16.505 180
16.5761 239
16.9052 126
18.2327 155
18.5573 214
18.7524 135
18.7978 138
19.2218 222
19.7012 217
19.7425 88
20.2087 246
20.2333 104
20.8297 205
21.0303 193
21.0405 153
21.5226 146
21.8294 186
21.9931 132
22.0584 192
22.6852 218
22.6908 91
23.3532 115
23.8296 209
24.2858 171
24.306 190
24.4017 137
25.0491 102
25.8443 225
26.1721 181
26.2994 217
26.7637 109
27.3315 241
27.4087 122
27.4494 240
27.7203 237
27.888 147
29.2593 139
29.3065 232
29.3845 187
30.504 210
30.5512 170
31.1465 135
31.4421 156
31.4787 163
31.7393 172
31.8885 134
32.3429 244
32.5424 149
32.5913 223
32.7428 242
32.9607 232
33.4306 126
34.4074 95
34.9328 1
8947
9.4607 85
10.2936 162
10.9785 209
11.0822 199
11.3536 204
11.4927 196
11.7176 124
12.1574 215
12.2301 202
12.5616 136
12.7028 211
12.8206 126
13.27 203
13.8873 179
13.8935 197
14.0841 118
14.1967 220
14.4226 107
14.4932 142
16.2174 153
18.5752 198
18.9551 184
19.146 108
19.8609 154
20.4036 199
21.4566 184
21.479 205
22.2805 124
22.3006 154
22.3402 119
23.0691 163
23.308 185
23.8291 226
23.911 116
24.3878 118
24.6006 219
24.8216 84
25.0336 201
25.1138 178
25.6452 126
25.6978 227
27.2597 120
27.5874 122
29.1222 203
29.4012 237
30.8362 221
31.2297 85
31.4781 98
32.1378 173
32.1618 201
33.7668 195
34.4263 240
37.1585 193
