24 100 5 4
0 1 0 1 
1 0 1 1 
0 1 0 1 
1 1 1 0 
0 272 0 441 
272 0 554 502 
0 554 0 509 
441 502 509 0 
26 13 36 25 
1536
10.0158 221
11.6457 185
12.4802 169
15.666 228
16.1424 189
16.5505 247
17.7935 189
19.3252 186
19.7934 162
19.8466 183
20.3653 211
20.4956 127
20.9569 249
21.8789 230
21.9338 143
22.0389 234
22.9142 114
23.2887 179
23.8774 183
23.9028 125
24.2986 113
24.5689 239
25.0006 177
27.7064 142
27.755 229
29.2822 1
1155
10.6761 120
13.0869 175
13.3903 171
17.0584 222
17.2623 107
17.5434 99
18.2336 197
19.8625 91
20.3438 213
23.6039 183
25.231 122
25.4204 131
29.6126 1
3878
9.976 218
10.2149 219
10.2777 126
11.2651 151
11.5231 101
11.6143 113
12.872 167
13.469 137
14.0863 158
14.8133 220
14.8933 249
15.6368 172
15.7839 242
16.0121 174
16.4997 141
17.316 177
17.5713 154
19.1461 89
19.4272 190
21.3977 198
21.6707 210
22.0714 123
22.1162 174
24.2034 147
25.1899 96
27.9079 119
28.7232 108
30.7931 169
30.9769 113
31.2225 133
31.3077 154
32.3574 218
32.4886 95
33.0095 224
33.8339 114
34.3904 1
3145
11.471 228
13.1483 244
13.3732 90
13.9409 184
15.4003 229
16.8257 193
17.0278 117
17.2513 222
18.3244 120
19.7247 206
20.12 121
22.3245 222
24.0135 178
24.0504 86
24.6995 169
25.5794 103
27.2143 96
29.6775 159
30.0241 231
30.0254 220
30.479 126
31.5682 212
32.0473 133
33.2609 130
35.3865 1
1196
9.045 229
9.6495 176
10.6819 88
12.2361 95
12.9568 163
13.2044 113
14.2443 123
14.4537 196
14.8518 180
14.9292 166
16.6486 114
17.7864 142
17.9411 91
20.9408 196
22.3194 93
22.5995 84
24.0786 155
25.8867 183
26.4647 85
26.4927 173
26.8806 233
27.0035 229
28.2219 140
28.6611 139
29.4847 111
29.777 1
818
12.1531 230
12.2273 190
16.3509 100
17.2871 150
17.3023 205
18.0891 92
21.4959 100
22.0727 212
24.0881 192
25.4953 234
27.126 163
30.1113 149
30.7208 1
2747
10.6271 111
11.1364 84
11.5109 208
12.0594 94
12.784 201
13.1941 189
13.786 209
14.1591 224
14.9096 125
15.2762 130
15.6656 168
16.2233 161
16.2768 141
17.4541 106
18.2345 89
19.044 218
19.1136 116
19.2863 165
20.5585 158
20.947 231
21.7453 212
21.8995 155
22.7879 91
23.6319 118
24.2404 116
24.3675 169
24.9922 143
25.6145 220
28.3721 211
28.437 173
28.6493 221
30.1164 237
31.2723 132
31.3286 120
32.0462 161
32.4466 1
2294
12.2938 135
14.0177 144
15.0868 167
17.2834 213
17.4105 176
17.4706 231
19.1696 187
19.4618 83
20.1789 93
24.7746 95
25.8162 84
26.0505 126
26.7125 222
27.5414 158
27.8629 111
29.1723 85
30.2438 159
30.9313 228
32.4975 169
33.3984 92
34.0854 102
34.3193 215
34.4443 85
34.7445 147
36.5597 1
1180
9.3837 131
10.0875 246
12.1004 169
13.4275 150
13.5105 156
13.9746 227
15.3574 183
15.5256 125
15.9677 178
16.2432 160
16.8277 114
16.8799 106
18.464 170
18.9178 155
19.1397 141
20.2793 150
20.5379 138
21.9794 233
23.7599 139
25.315 196
25.4677 167
26.0463 201
26.2681 190
26.3391 89
28.821 217
30.0039 1
706
11.638 95
12.1447 146
13.4294 99
14.6714 219
15.8237 215
16.2277 198
21.1427 147
21.665 96
22.678 226
27.3231 163
27.3719 164
28.0492 216
30.8053 1
2244
9.7548 111
11.0533 164
11.1813 224
11.8604 95
12.2044 195
12.7429 114
12.9693 146
17.2655 240
17.4492 231
17.701 216
17.7387 167
18.3167 217
19.1547 236
19.6802 224
20.0776 201
20.4413 130
21.4486 242
22.4311 174
22.4842 135
23.9404 152
26.2916 226
26.6532 245
27.5212 96
28.0818 166
28.4006 229
28.4993 154
28.9083 229
29.0464 103
29.5174 174
30.443 167
31.0339 232
31.2232 179
31.5273 191
32.9404 106
33.5493 99
34.35 1
2091
11.6515 176
11.6892 100
12.5696 129
13.754 216
13.7823 208
14.5239 171
14.6663 111
17.2689 86
18.4791 155
19.1683 197
19.8153 205
20.4335 86
21.2338 88
22.8607 120
22.9709 158
23.2958 143
23.779 154
27.4206 106
28.9462 118
29.1927 216
31.1178 91
31.519 177
33.6757 129
34.467 159
35.3405 1
1081
9.6534 124
12.0125 184
12.301 112
12.3749 229
13.7748 143
13.9393 241
14.3151 220
14.8177 201
15.0041 153
15.0991 203
15.7027 232
15.9788 246
18.6799 128
19.198 221
20.5645 229
22.3213 213
22.8213 191
23.6136 142
23.7583 238
24.8807 168
25.2849 189
25.3373 248
25.5923 138
28.572 84
28.8274 240
29.287 1
724
9.8144 150
13.9615 223
17.4801 90
17.5351 244
19.2807 222
22.222 146
23.2496 156
25.4733 230
27.6488 156
27.9684 92
29.7205 153
30.9335 199
31.648 1
2430
9.932 119
10.1894 233
10.2513 194
10.3585 212
13.0558 210
13.6391 247
14.0558 192
15.5207 108
16.1095 117
16.8558 209
17.8015 217
18.363 144
20.6645 169
21.7313 90
21.762 85
22.9275 229
23.4982 163
23.7348 169
24.7215 86
24.8786 233
25.8066 217
26.3657 97
26.508 111
27.1193 90
27.2576 210
27.4101 150
28.2994 224
28.3755 183
28.8493 229
30.6787 187
31.2102 182
31.3186 207
33.5373 147
33.5593 102
33.8589 204
34.2708 1
1910
10.4148 123
10.9794 235
12.1599 217
13.3365 227
13.5661 130
17.1378 177
17.2327 141
17.3686 239
17.7838 134
18.6574 186
18.9054 154
20.1536 83
21.308 147
21.884 244
26.6469 207
26.9107 138
27.6195 92
28.0924 133
28.6848 180
29.4722 158
29.6162 139
30.5911 225
31.2159 102
33.3028 181
34.8554 1
1391
9.5223 165
10.0123 188
10.2346 102
10.5478 96
10.9441 214
11.2871 129
11.4721 118
11.4841 242
11.8585 249
12.4295 175
12.5339 134
12.6038 199
13.9812 133
15.4152 141
16.5975 218
18.7987 243
19.3356 247
19.6221 166
23.4475 237
23.7415 237
24.4428 190
25.36 145
26.8458 210
27.1529 106
27.4557 103
29.2577 1
889
10.5406 125
12.5255 120
13.3663 229
14.7318 244
17.5498 241
19.2948 176
20.152 85
20.6063 90
25.1776 210
25.2808 239
28.8812 187
30.5879 178
30.9516 1
3129
9.1426 218
9.5838 141
11.0532 195
11.5602 200
12.103 224
12.3176 85
12.8169 101
13.12 180
13.6235 218
13.6442 201
14.7739 169
14.86 161
15.96 150
16.2248 160
18.1677 110
19.2624 137
19.5055 200
23.6356 136
23.934 227
23.9795 98
24.2468 161
24.5324 164
24.6647 166
24.9117 201
25.0143 105
25.1937 132
26.7692 113
27.3433 248
28.0419 246
28.0724 114
28.2291 212
30.4084 120
31.1303 102
31.2499 127
32.1124 226
32.8244 1
2913
10.125 142
10.7619 126
13.2974 201
14.8966 134
16.9568 171
18.335 118
18.7924 206
20.8741 217
21.0544 172
24.263 124
24.4603 158
25.7875 171
26.5775 225
27.2039 106
27.4099 178
30.5597 124
30.7052 243
31.5681 225
32.6319 221
33.2659 201
34.0112 203
36.3777 172
36.433 237
36.5168 86
36.9094 1
1959
10.1718 233
11.433 112
11.6105 106
12.0845 175
13.7383 197
13.8941 92
15.2688 144
15.6509 132
16.1574 101
16.8363 177
16.9466 248
17.1337 234
17.419 169
18.0507 156
19.0818 150
19.7288 186
21.8751 98
22.5502 194
23.6506 217
24.6842 102
26.9837 143
27.2715 206
27.6125 118
28.1272 151
28.2507 150
28.805 1
1056
10.2979 196
12.1149 86
12.3054 197
17.2747 149
19.4432 243
22.7391 125
22.9043 156
23.8103 163
27.6035 84
28.1328 242
29.2181 94
30.1661 230
30.3773 1
4105
9.4825 86
10.4137 231
11.2545 106
11.4075 109
12.9822 234
13.2007 106
13.2405 100
13.2794 115
14.3627 239
15.1019 110
16.0389 119
16.7008 140
17.1553 151
17.7634 196
17.8147 168
18.1353 217
22.3298 109
22.4076 239
23.2231 176
24.5325 135
24.8887 211
25.343 203
25.6649 146
26.2211 234
26.7863 128
27.1188 229
27.9791 85
28.04 220
28.4414 129
29.423 141
29.5747 161
30.5037 152
31.0748 109
31.9016 173
31.9192 123
33.518 1
3379
9.6011 245
10.1345 239
11.4808 161
13.3123 176
14.9794 85
15.4213 175
15.5323 187
16.3626 226
17.1147 175
17.7268 238
17.8552 95
17.9207 248
18.4901 115
24.0389 201
24.6151 216
24.7012 238
24.7397 134
25.8651 226
27.9643 220
30.4085 235
30.5198 143
33.087 140
33.8363 148
33.907 106
34.5362 1
2417
9.9919 181
10.1946 225
10.4458 106
10.5952 89
11.2527 107
11.6402 93
13.074 232
13.4241 177
13.6852 140
14.2061 215
14.8754 122
16.0611 84
17.3387 118
18.1671 221
18.9129 136
20.0648 161
21.6748 134
22.596 132
23.0473 206
23.0816 110
23.9082 236
24.6913 179
26.3342 172
27.913 217
28.6771 239
28.9406 1
1352
9.8869 183
12.202 150
17.3757 176
18.0956 101
18.2106 165
25.1849 247
25.5146 116
25.5666 153
26.7767 240
29.1979 92
29.7797 130
31.0203 236
31.8567 1
5161
10.7086 226
10.836 163
10.8767 232
11.1504 154
11.8417 235
12.7949 221
13.1996 148
13.4259 221
20.1187 219
20.2694 90
20.4542 143
20.508 125
21.2851 116
21.5927 214
22.9866 128
23.302 241
23.5028 226
23.8186 106
24.0036 168
25.2077 242
26.1857 245
26.3837 134
27.1712 198
27.6916 144
27.9412 92
28.2963 196
28.7868 93
28.8091 104
29.9941 193
30.0344 213
31.4747 109
31.6718 190
31.6936 106
32.1542 123
32.4487 135
34.3599 1
3677
10.4335 105
12.5334 201
14.9923 108
15.2761 124
15.3039 190
15.743 210
16.2026 102
16.2958 222
17.8743 179
18.7314 218
19.3978 192
20.4541 243
20.8838 239
21.064 107
22.9659 153
23.556 154
24.4988 191
25.532 140
26.5582 147
27.1122 200
33.3326 200
33.4063 244
35.0023 186
35.3982 145
36.4803 1
2752
8.8722 90
9.9713 234
10.8823 203
10.9161 98
11.1718 232
11.6653 134
12.1743 114
12.4561 156
13.5169 94
13.9305 228
15.1456 223
15.6005 200
15.89 118
16.4289 224
16.6804 206
17.0255 152
18.0741 112
20.0866 225
21.3129 87
22.4707 188
22.8983 225
23.6498 245
23.7633 209
24.8874 176
26.0218 203
28.3912 1
1603
10.077 110
10.3788 92
10.4292 98
10.6634 137
10.8498 108
11.4435 112
12.289 91
13.7469 100
14.1849 180
17.5308 128
26.2405 163
26.8451 148
28.7931 137
6089
8.5708 104
10.0212 129
10.8251 131
11.6232 120
12.3199 127
13.3406 226
13.5563 192
13.6582 143
13.6662 130
13.8684 180
14.1366 108
14.6475 109
14.7445 225
15.0012 232
17.4274 129
17.4645 147
18.9074 228
19.4309 159
19.5718 190
20.0548 156
20.4258 198
22.4713 98
23.1819 152
23.3102 119
23.4415 120
23.47 165
23.5857 161
27.3322 98
29.1149 226
30.2604 126
30.8209 213
31.4359 152
32.6945 174
32.7729 216
33.0529 119
33.311 588
4220
10.0917 233
10.5287 222
13.1041 172
13.6186 234
13.9455 104
14.9506 127
16.1763 149
17.2423 92
18.1174 232
18.2246 148
21.6772 239
22.5695 243
22.6587 134
24.7086 236
26.827 199
26.85 92
27.6474 92
27.6544 159
28.0262 104
29.3348 104
29.5745 186
31.9496 177
34.0386 128
35.3093 205
35.9354 210
2810
7.9084 158
9.1762 235
10.6572 209
11.4489 181
12.4978 99
13.1491 84
13.7808 219
14.3412 220
15.3753 117
17.7553 130
18.147 181
20.2076 141
20.2245 199
20.277 104
20.32 155
21.556 162
21.7554 176
22.8829 136
23.1386 242
23.1661 175
24.2928 92
26.4878 243
26.4896 227
27.1713 241
27.4575 107
28.3309 1
1535
8.9802 131
10.8785 248
13.7598 243
16.8708 134
18.0761 125
18.5353 172
20.083 132
21.2146 147
21.7023 102
25.1243 109
28.379 124
28.5288 150
29.3613 1
5976
8.6196 232
8.8251 161
9.5875 144
10.2696 147
10.278 227
12.1357 225
15.8027 84
15.9313 213
16.2089 136
16.7784 115
16.8852 236
18.7 161
19.0137 167
19.3227 136
20.1373 228
20.837 161
21.0364 207
21.0561 193
21.2218 209
21.7798 141
22.261 235
22.9988 111
23.271 182
24.0297 148
24.2378 150
24.5049 195
25.4532 140
25.5831 190
26.1342 226
27.5293 192
28.5977 206
30.4054 203
30.875 89
31.7356 178
32.4238 238
32.9365 1
5576
8.437 245
9.0755 218
10.8493 194
12.4696 205
13.7736 215
16.2294 125
16.4492 86
18.2198 125
20.302 160
20.6196 240
20.9336 92
21.3878 200
22.5183 105
22.5754 102
22.7586 233
24.0119 242
25.8079 163
25.9484 166
26.6843 149
27.1909 174
27.2072 195
28.445 231
30.8322 151
32.8634 94
34.4449 1467
3057
9.3345 154
10.2097 241
10.4734 212
10.6555 139
13.0692 141
13.487 150
14.6333 214
16.2846 137
16.4994 152
17.4009 210
18.489 132
18.5703 247
20.071 207
20.558 167
20.5626 86
20.6311 199
21.1856 195
21.286 230
22.001 245
22.1829 208
23.3291 244
23.6217 232
24.3708 229
26.1686 246
27.1952 175
27.2973 1
1667
8.9357 226
10.2505 214
11.3292 176
14.4938 158
18.1431 220
21.5312 114
21.8084 120
24.4677 151
25.7358 141
26.0034 130
26.2632 201
27.9613 185
29.3039 1
6642
7.9192 209
7.9575 91
8.7066 218
9.2704 177
9.4888 95
10.4892 191
11.1122 137
12.0018 205
13.3617 96
13.7613 92
15.0571 104
15.9725 99
16.3583 122
16.9124 132
17.0 86
17.3972 96
18.4718 171
18.8959 139
20.3491 231
21.7368 220
22.3436 222
22.8631 149
25.088 103
25.252 225
25.2556 126
25.7948 122
25.845 122
26.0027 85
27.5319 236
29.0887 120
29.4244 184
29.5185 215
29.5587 190
31.5086 199
31.6607 119
32.5354 1315
5621
8.1429 215
9.3383 150
11.2811 160
11.4295 145
11.5591 217
12.7217 214
13.0231 169
13.2153 179
13.5161 143
14.0492 137
14.699 102
15.5536 126
19.7598 109
21.5996 106
22.1882 133
22.875 230
26.7889 183
27.5225 140
31.5214 242
32.7821 240
32.9953 104
33.1704 142
34.8634 83
34.9527 205
35.7167 1748
2545
6.3953 201
6.7024 186
6.874 179
7.0423 166
7.5872 212
7.7398 111
8.8579 174
10.3547 226
13.4351 145
13.8174 140
15.5104 166
15.9447 183
16.8535 177
17.0618 171
18.0859 134
18.1084 125
19.0735 201
19.6122 85
20.0169 84
21.4913 218
22.4823 119
23.2236 141
23.3858 124
23.6754 168
23.9181 142
24.3679 1
1677
7.4517 206
7.7813 167
8.7497 139
16.5715 134
18.3264 187
18.9755 98
21.7934 84
22.1068 158
23.1586 185
24.207 118
24.5326 179
25.1777 164
25.5634 1
6572
7.0474 111
7.614 122
8.671 128
9.825 241
10.2107 131
10.8321 152
11.1258 224
11.7594 113
12.3785 212
12.9604 137
13.1326 114
15.1274 157
16.3265 143
16.4233 92
16.5279 189
17.2401 187
17.6976 180
18.2877 243
18.2975 142
18.5741 108
18.648 172
19.9091 181
20.3064 206
20.8502 140
21.4267 134
21.8723 84
24.1946 116
24.4513 193
25.327 104
27.4663 207
27.832 135
28.2342 167
29.1694 162
29.4429 155
30.1711 154
30.6182 1137
4276
5.8048 190
6.0033 123
8.6366 145
10.4165 182
11.1736 177
11.4788 122
11.6744 164
13.8467 193
14.2612 179
15.4074 97
17.8919 237
19.1346 156
20.696 194
21.1181 93
21.7389 160
21.8032 196
23.486 147
23.774 159
24.2043 166
24.4735 227
25.1695 114
25.6506 87
26.4365 115
28.7101 85
31.1349 569
2191
3.8887 230
4.5259 103
4.8917 83
5.8533 238
5.918 212
6.2475 91
7.0112 103
7.4283 173
9.7741 174
10.3893 133
11.2806 150
11.5536 182
12.8426 154
12.9237 178
14.6068 148
15.0071 135
15.148 92
15.529 226
17.0724 152
18.1787 242
18.3194 183
20.0532 154
20.3083 237
21.2215 214
21.9782 132
24.993 1
1168
3.9208 126
5.0799 156
6.5507 242
7.2421 146
14.7693 102
18.0294 182
18.8743 100
18.9457 125
22.8922 217
23.049 225
24.0514 136
25.1345 116
25.4226 1
3802
6.409 202
6.5212 163
6.7549 113
6.9399 140
6.9405 105
8.3665 129
8.6799 187
10.1497 241
10.1818 220
10.7511 97
11.1207 109
12.3719 178
12.6236 245
14.1236 96
14.3794 237
14.7419 169
14.8885 193
15.6295 88
16.124 245
16.3292 207
16.6987 220
17.2581 200
17.4372 222
17.5917 230
19.2016 103
19.8823 152
20.412 226
20.6477 120
21.3669 230
21.5401 235
21.7115 158
25.092 218
26.3558 163
27.3072 107
27.5 91
27.9274 1
3332
5.1233 131
5.286 159
7.5504 111
8.4681 104
8.6414 241
8.8923 243
9.1632 244
10.5736 228
13.3995 210
14.805 206
14.8184 126
15.6839 184
17.2953 188
17.6501 175
18.0289 221
18.3559 192
19.5669 112
21.7433 193
22.9395 152
24.815 113
26.0795 185
27.4147 96
28.9684 170
30.4613 207
30.9532 1
2179
2.6427 156
3.3347 114
3.9433 90
4.3647 193
5.5815 198
5.6095 236
5.7396 177
7.3045 234
7.9139 203
8.4262 121
8.4489 213
9.5087 178
9.6183 239
9.7726 189
10.1982 220
10.9079 125
10.9099 210
11.1515 237
12.2649 97
12.4934 232
13.6304 194
17.9084 223
17.9576 173
18.9109 91
20.3723 218
23.1168 1
1110
5.1939 154
5.2668 119
5.8592 239
5.9963 175
6.6926 151
8.0034 151
11.5297 132
13.7014 161
14.6004 120
16.5857 196
19.2934 131
21.2492 115
25.8078 1
4172
2.1678 226
2.2428 103
4.5208 131
5.1311 209
5.8664 176
7.0455 190
7.0917 103
7.2291 109
8.2093 152
8.3263 237
9.0022 104
9.0289 123
9.5229 92
9.8294 124
12.3692 216
14.3309 164
14.5321 222
14.8571 100
15.4951 140
15.7102 124
16.348 95
17.6732 172
18.2204 86
19.5897 202
20.8416 233
21.3191 132
21.7752 213
23.1108 129
23.9353 214
23.9428 99
24.0219 207
24.6705 137
24.7349 157
25.3834 231
26.0254 110
27.1542 1
3221
2.7199 111
3.1687 182
6.3396 240
9.5869 157
10.2353 207
12.7709 236
13.3911 150
13.451 165
13.6454 208
19.0911 108
20.3659 94
20.4075 135
21.8638 192
23.1304 206
23.2703 231
23.4777 201
23.4955 169
24.565 128
26.8279 117
27.5376 160
27.7249 232
28.3961 132
28.8386 134
29.9235 147
30.8363 1
1563
2.1056 203
4.1082 231
5.0853 246
5.7599 170
6.2913 101
6.4691 177
6.5026 122
7.4761 226
8.0578 92
8.0593 224
10.2051 204
11.2981 226
11.5479 246
13.6597 246
16.0157 148
16.3592 86
16.7855 132
17.0981 163
19.1401 172
19.4592 129
19.8266 195
19.8587 91
20.4973 198
20.517 210
21.1783 97
21.5881 1
1174
4.6008 86
9.0041 120
10.0068 228
10.2555 157
11.0383 99
11.7651 194
13.952 242
15.2026 165
15.2713 182
15.3422 186
15.5139 174
19.5979 175
22.7054 1
3578
1.3912 195
3.4796 160
4.3644 170
4.4641 240
4.7343 138
5.1819 217
6.6786 146
6.829 161
7.7594 181
8.5266 150
8.8359 189
9.7252 224
10.2199 111
10.6438 219
11.0214 105
12.6115 249
13.1236 94
13.4371 206
13.9135 154
14.1056 206
14.3999 105
15.5522 127
15.6201 216
15.854 221
16.6646 104
17.4052 145
17.8394 201
18.6192 155
21.1118 182
21.4388 217
22.392 157
22.6013 108
24.5991 148
24.9488 113
25.0038 136
27.0003 1
2896
2.76 238
3.2862 218
3.7284 100
8.2453 243
8.3097 172
8.9539 103
9.5316 203
10.3631 174
10.8443 126
11.4375 194
11.4467 206
12.3023 156
13.5065 238
14.8234 175
15.9824 140
16.0527 244
16.8494 175
17.091 138
19.635 205
21.081 158
21.7044 182
21.9648 228
25.2752 209
25.9532 187
28.7145 1
1384
4.3295 97
4.6073 127
5.3636 165
5.4592 214
5.479 104
5.7449 95
6.2975 102
7.1285 133
7.3814 166
8.9674 186
9.6602 131
9.7327 196
10.263 143
10.9117 240
11.0977 140
12.1391 161
13.4645 212
14.3244 180
16.7366 105
17.123 213
17.6197 212
19.3435 177
19.9038 113
20.3971 208
21.0845 106
22.4485 1
937
4.6038 190
5.3131 166
6.9621 241
8.1598 203
8.5252 109
8.7053 214
9.4448 207
11.8826 103
18.754 85
19.3046 176
19.7893 184
20.9236 233
22.4847 1
3997
2.1667 141
3.3285 122
5.8066 124
6.2682 224
6.3569 138
6.7817 151
6.8539 158
8.518 117
9.5515 194
10.5801 163
10.7809 110
11.1464 228
11.9247 181
11.9453 125
12.1501 196
12.8791 105
13.1293 164
13.2767 235
15.0 180
15.3198 107
15.8016 235
16.3738 165
17.3328 184
18.3822 244
19.1555 142
19.6086 105
19.7909 233
20.6071 170
22.4949 149
22.8282 240
22.8352 121
23.7144 85
23.8677 154
24.0857 237
27.403 163
27.5047 1
2734
4.7984 147
5.3631 151
5.6218 115
5.7015 220
8.3255 151
9.9126 233
10.0799 191
11.8707 244
12.9224 97
17.526 142
18.2873 159
19.3842 136
19.8659 234
21.4641 210
21.688 181
22.4953 236
23.1311 176
23.3611 175
25.9861 125
26.2846 176
27.0359 184
27.5641 117
27.6717 156
28.5872 217
28.746 1
1524
5.8003 193
6.5079 220
7.8121 100
9.3913 124
10.1672 109
11.0491 123
11.6329 89
12.3157 174
13.1578 105
13.6321 153
13.9185 213
14.047 225
17.0687 96
17.1117 245
18.0692 90
19.6023 135
20.311 211
20.5083 142
20.9953 178
21.1488 223
21.4926 143
21.5764 167
22.1479 143
23.0814 84
24.2282 115
24.2294 1
1040
4.5144 98
5.2579 247
5.4559 243
6.3283 127
6.6772 180
8.4086 207
8.7467 211
10.023 232
10.7763 134
18.7779 131
19.1064 196
19.4119 162
21.3254 1
3521
3.3053 86
4.8668 239
6.1894 195
6.9072 147
8.0483 199
8.092 139
8.2008 112
9.1014 202
11.5153 92
12.9947 209
13.054 162
13.1093 227
13.3191 158
13.3245 229
13.7269 89
16.3922 176
16.7314 233
17.2809 174
19.7095 160
21.4471 232
21.5891 129
21.6372 133
22.1089 184
22.6709 178
22.9783 175
23.0442 134
23.164 127
25.0649 132
25.5212 149
26.4695 187
26.4872 164
27.1669 107
28.1595 152
28.2876 113
28.3443 235
30.2651 1
2429
4.4096 91
5.4431 242
6.652 235
7.3725 182
8.439 214
10.1 226
10.9001 197
10.9224 229
11.3051 242
13.0767 224
14.2272 228
15.1254 212
16.116 243
17.9811 189
20.5478 162
20.6988 214
20.7562 174
21.1033 202
22.0239 101
23.8917 138
24.9526 219
25.2363 163
26.2377 165
27.3253 98
27.9856 1
2337
5.0564 209
5.3699 243
5.8243 207
6.3876 195
6.4609 84
7.6294 210
8.2635 236
9.9439 150
10.2401 165
10.2491 227
10.622 129
10.915 165
11.615 139
12.0889 133
12.7471 159
13.9157 223
13.9246 215
15.2503 245
15.5418 171
17.5628 234
19.8683 141
19.87 86
20.6784 161
22.6807 205
23.954 190
24.1398 1
1195
3.8123 182
6.8885 172
7.6477 87
7.953 104
13.1625 132
13.4832 161
16.1683 126
16.3432 136
16.8179 148
19.8798 228
21.578 145
22.433 174
26.024 1
4764
4.4783 190
7.0532 141
7.279 172
8.1098 122
8.166 238
8.8197 117
9.1154 167
10.0901 169
10.1713 206
12.8932 242
13.0638 154
13.6455 162
13.894 94
13.9449 186
14.4908 231
15.6812 133
16.3456 170
17.1114 200
17.8701 182
18.6045 114
18.9158 220
18.9254 138
20.3375 226
23.5383 182
23.6475 228
24.0967 104
24.0995 126
24.1973 192
24.7594 164
26.2331 109
26.3195 112
26.7819 167
26.8397 137
26.9603 161
27.1306 132
28.285 1
4250
3.9632 216
5.571 160
8.5618 178
10.9715 164
12.2586 147
13.2809 123
13.2859 208
14.4207 194
15.3262 109
15.9806 242
16.6063 112
16.655 167
17.7635 134
21.3627 84
22.0722 181
23.313 241
24.8542 98
27.5624 122
27.8378 212
29.3965 182
29.4606 128
30.0519 119
30.7637 116
31.0095 182
31.3553 432
2386
6.6381 180
7.4438 117
7.4674 114
8.2405 134
8.4659 205
8.6656 96
9.3476 90
9.4083 103
11.182 200
12.1145 238
13.2873 155
13.4078 211
15.4114 136
15.8291 148
17.2256 146
17.5998 212
19.0051 192
19.0698 238
20.2401 98
20.5872 190
22.3655 239
23.0126 126
23.9198 95
25.066 94
25.2964 201
25.6185 1
1751
6.2101 172
10.7854 238
11.1004 113
11.1232 212
12.3536 117
12.4467 110
13.1907 174
16.9405 146
17.6382 130
18.8531 164
24.2204 110
24.8078 177
26.5491 1
5558
6.4215 142
7.2003 173
7.7447 232
8.9625 169
9.4351 197
9.4729 233
10.2038 146
10.8631 213
12.6175 194
12.6427 124
13.4049 242
14.2914 134
15.7013 212
16.2219 157
16.239 123
16.7861 149
18.6187 136
18.8006 243
21.0218 140
21.4895 229
21.9944 213
22.2965 215
22.4992 234
22.6776 106
23.0724 213
23.1726 200
24.1457 124
24.5315 237
24.9969 184
25.6569 90
26.8453 181
26.8538 202
28.5026 229
28.6535 233
29.9379 246
30.1034 1
4372
6.4949 245
7.2261 140
13.4263 216
14.6794 182
15.54 169
16.7096 182
18.7367 199
18.8205 174
20.9087 222
21.5737 112
22.4651 205
23.1529 181
23.2435 83
24.3602 237
27.0063 162
27.0922 222
27.8606 180
27.9219 236
29.4375 219
29.8608 106
30.2489 203
30.2968 102
30.6514 192
32.1979 115
32.6989 89
2675
9.5611 147
11.0444 169
14.3501 219
15.1351 109
15.647 163
15.8301 203
16.3156 83
16.57 90
17.3443 134
18.4113 211
19.2564 138
19.6811 183
19.7757 211
19.776 105
21.2547 153
21.6667 117
21.9969 208
23.4231 236
24.1655 224
25.3032 160
25.4105 107
25.824 233
26.2926 208
26.596 89
26.9591 170
27.3448 1
1857
8.9348 87
9.3627 205
11.4021 177
14.7201 190
17.559 207
17.6639 101
20.5715 231
21.64 98
22.6385 212
24.6848 226
27.1267 112
27.2307 117
30.145 1
6055
9.1251 144
9.3916 190
9.6624 106
10.0906 189
12.2502 175
12.2885 175
12.3678 105
12.4986 214
13.2763 182
13.311 174
13.622 137
15.3102 97
15.8513 93
15.9876 227
16.1176 156
16.1477 188
17.4367 185
17.5122 104
17.9802 234
18.0149 134
18.7101 104
20.103 114
20.5692 182
21.2434 179
23.0869 205
23.4443 167
25.6891 170
25.9616 110
27.2751 130
27.5533 241
27.8198 159
28.1419 211
29.9566 243
29.9958 119
30.5633 161
31.0189 352
4874
10.625 205
10.7152 241
12.1569 165
12.2155 127
12.4464 236
14.532 92
14.5715 210
16.975 171
17.2231 93
19.0751 110
20.1398 219
20.167 217
22.5244 188
23.4362 223
23.4986 97
24.0039 131
24.8163 160
25.4989 166
25.5444 133
26.8117 187
29.9494 179
31.6358 181
32.5223 189
34.7237 119
35.718 836
3134
11.4124 236
14.8168 126
15.1469 96
15.5491 90
17.1973 241
17.6594 84
18.777 85
19.9865 225
20.9247 125
20.9744 85
21.5224 133
21.972 238
22.4681 174
23.06 214
23.1698 234
23.9515 248
24.4433 170
26.1297 139
26.778 200
26.8502 230
27.1077 181
27.6262 105
27.8344 173
28.3881 115
28.4032 169
28.9444 1
1761
14.8321 228
16.278 144
17.9828 88
19.7039 201
20.7798 129
21.672 185
23.3225 174
25.2348 246
25.3236 121
26.6661 234
27.438 198
29.2113 234
30.0144 1
6397
9.6694 139
10.6399 118
10.9873 133
11.4712 165
11.6304 220
11.716 192
12.1582 111
13.0264 105
13.3944 210
13.6368 149
16.3499 120
16.8353 85
17.4567 240
17.5451 117
18.3892 196
18.7289 166
19.4204 117
19.4966 190
19.9273 144
20.1874 100
20.9381 109
22.6917 135
25.6713 235
25.761 115
27.0776 236
27.6967 216
28.3915 148
28.6805 235
29.0261 192
30.6968 198
31.8107 248
32.6788 153
33.0761 228
33.6334 232
33.7831 226
33.9122 475
4616
9.4491 187
12.4706 182
13.3411 209
13.6452 197
14.4124 170
14.7884 193
14.8416 95
14.8849 196
16.0804 84
17.8626 129
19.4443 244
21.2831 197
22.3849 191
23.1341 130
24.1927 93
24.7729 236
25.4931 137
27.4385 208
27.8641 164
28.7616 162
30.0837 99
30.4508 187
34.599 145
36.6687 161
37.6072 621
2825
10.1184 181
10.91 178
11.9198 196
12.1858 152
15.0956 238
15.2164 238
15.306 154
15.4906 99
17.9354 223
18.3287 125
19.1405 200
19.1618 121
19.4616 214
19.6841 176
20.9971 226
21.314 94
22.4499 113
24.2319 89
24.3664 148
24.487 113
24.9272 174
26.1669 223
26.2679 225
27.7642 186
28.8555 230
28.8659 1
1711
11.3033 110
11.9254 110
13.6473 237
14.1864 238
15.6764 203
18.3215 232
20.86 198
21.3148 170
21.4451 142
21.4707 136
22.7508 220
27.4793 221
29.7306 1
6113
9.9796 102
11.5847 121
13.7935 139
15.4625 176
15.8817 138
17.6446 151
17.9035 136
18.0324 119
18.4898 179
18.9212 121
19.4886 161
19.8598 226
20.7279 168
21.4357 175
22.2103 216
23.3009 102
23.4725 165
23.5789 240
24.3198 182
24.5111 134
24.5145 211
24.7967 172
25.1704 121
26.0507 209
27.5834 190
27.9644 199
28.9202 178
29.1527 100
30.5548 160
30.8399 105
31.5591 148
32.4123 139
32.7302 138
32.9131 239
33.1869 100
34.2994 554
5149
10.0409 200
10.9273 123
12.5352 204
13.3896 129
14.6256 233
14.8063 168
15.4721 137
15.5641 134
17.4153 154
17.6822 133
19.3774 124
20.2224 157
20.7042 110
21.5046 159
23.3445 193
23.969 201
24.2095 144
24.2171 200
24.6013 159
25.7044 231
28.1053 119
28.1131 88
29.7929 239
33.9308 231
33.9851 1180
2606
10.707 102
12.4626 205
13.5644 147
14.1656 105
14.2641 175
15.6194 90
17.0224 95
18.3216 241
18.5942 95
18.7534 239
19.611 140
19.9043 171
20.4247 203
20.6443 159
21.4797 214
22.4078 214
22.424 223
22.653 87
23.6919 207
24.0456 154
24.5033 160
25.5326 174
25.9113 128
28.1009 214
28.1984 247
28.5551 1
1695
11.6898 96
12.4013 153
13.9215 177
14.8012 214
17.8433 223
18.5718 98
22.6311 116
26.4059 179
26.5035 176
26.8386 152
27.3355 98
30.4441 174
31.5296 1
5744
9.3518 158
9.7453 205
9.8309 104
11.5399 124
11.6915 138
12.2291 170
12.6557 196
14.4004 116
14.9973 134
15.8245 94
19.1922 173
19.5133 218
20.0187 228
20.1905 174
21.6881 114
22.5828 196
23.7196 218
26.8043 157
27.0418 190
27.1475 212
28.1824 234
28.1976 238
28.2743 145
28.6483 99
29.8888 89
30.277 240
30.7125 100
30.8403 248
31.0973 88
31.9978 214
32.1494 110
32.2989 232
32.8473 214
33.0075 233
33.2834 182
33.6172 1
5756
9.821 142
9.9558 168
10.9904 239
11.0997 153
11.355 162
12.1467 98
12.3529 228
14.2152 169
15.8602 239
16.1082 140
20.3812 111
22.0053 100
23.6688 91
24.0651 183
25.1001 116
25.513 121
28.8797 189
29.514 202
30.7348 129
32.0643 144
32.5888 189
33.3718 208
33.8011 107
34.301 229
35.529 1900
2581
10.0544 137
10.4753 206
10.8217 217
10.889 97
11.4396 163
11.8178 201
11.9171 240
12.6949 156
17.0386 106
18.5065 235
18.694 150
20.5346 113
20.6664 243
20.8704 119
21.0199 138
21.763 175
23.3039 208
24.5691 162
24.9058 197
25.1197 118
26.2466 241
26.9172 187
27.8107 118
28.0153 165
28.5364 228
28.7673 1
1756
11.1241 182
12.0446 186
12.7587 139
15.8025 93
16.508 114
17.9362 237
23.9917 187
26.1453 204
27.0994 106
28.7323 201
29.2477 182
29.7833 113
31.2996 1
5312
11.8228 97
11.9215 99
12.2432 154
12.8222 234
13.9015 83
14.451 138
14.5521 148
14.8975 166
15.0469 193
15.4539 92
16.0407 207
16.0788 218
17.0923 194
17.2519 203
17.7419 219
17.8191 174
18.329 247
18.5444 84
18.5513 191
18.809 161
19.0334 132
19.129 242
19.5486 194
20.7326 102
21.5315 123
21.6883 235
23.2037 87
24.4498 172
26.6619 195
26.7031 172
27.8206 243
27.9453 140
29.4724 172
33.6997 163
33.8178 141
34.4768 1
4566
9.8384 240
9.886 145
10.8384 90
11.6712 237
11.7959 247
12.6007 94
13.3095 218
13.9077 91
15.845 167
16.6328 175
17.2576 109
18.1846 227
18.211 147
20.3453 176
26.4725 231
26.6145 221
27.7438 244
27.7794 125
28.3872 149
29.7995 198
30.9907 139
32.2935 107
34.5752 172
34.6935 151
37.0707 467
1891
10.4801 237
10.7853 203
12.3182 247
12.6749 193
13.8427 149
14.0071 227
14.6039 86
16.646 198
18.0595 155
18.1005 207
18.761 169
18.9506 195
19.0768 223
19.3751 220
19.7457 240
21.4688 139
22.1832 123
22.4036 114
22.5278 183
22.5464 181
23.4228 248
27.4911 160
28.2548 130
28.7175 118
29.0164 136
29.2523 1
1333
11.1839 145
12.5806 218
14.697 188
15.0404 166
15.3009 216
16.5388 148
16.9676 128
18.9968 145
22.1645 248
22.906 143
23.3929 213
23.9838 185
26.819 1
4620
9.4117 230
9.4895 181
11.0842 230
11.7565 235
11.7669 229
11.904 245
12.2647 89
12.9162 139
13.0992 206
14.5915 125
14.7387 197
14.9044 103
15.9701 149
16.1072 122
16.755 206
17.9864 96
18.2298 236
18.3128 201
18.5768 148
20.1576 242
21.773 171
22.737 205
23.1172 223
23.2536 212
23.3174 218
25.4764 159
26.5562 200
27.4295 145
28.7946 226
29.0485 127
30.2841 190
32.3625 223
32.4826 114
32.5927 93
33.4355 163
33.9692 1
3828
9.5693 109
11.4775 85
11.8372 211
12.1729 186
15.5507 238
16.0284 185
16.053 235
16.5092 163
19.236 226
20.9137 135
22.3932 177
22.7358 96
23.7648 234
24.9454 201
28.3679 235
29.2426 218
31.0457 191
31.7569 212
31.8527 109
32.4895 188
33.1093 92
33.6284 103
35.9247 158
36.0138 173
36.0771 1
