24 100 5 4		#T Nb_Bids G N
0 1 0 1 		#Graph matrix
1 0 1 1 
0 1 0 1 
1 1 1 0 
0 214 0 555 	#Maximum transmission line capacities
214 0 190 463 
0 190 0 521 
555 463 521 0 
20 14 35 31 	# Nb of bids per noeud
1536			#Demand in node 1 at period 1
12.103 245		#Price and quantities of competitor bids in node 1 at period 1
14.0636 105
14.757 224
16.4379 164
16.523 127
16.7968 236
17.3467 176
18.1276 213
20.4301 152
21.6171 137
21.728 229
22.7573 152
24.2044 113
25.7131 192
26.7643 206
28.4792 234
28.5738 195
28.8324 136
29.1423 115
29.507 1
1155 			#Demand in node 2 at period 1
9.3329 240		#Price and quantities of competitor bids in node 2 at period 1
9.9139 103
11.82 94
12.5493 124
12.6481 92
13.9888 176
14.7619 139
17.0254 226
22.6572 96
23.7863 106
24.032 179
24.3615 112
25.3952 210
27.0431 1
3878			#Demand in node 3 at period 1
10.0834 223		#Price and quantities of competitor bids in node 3 at period 1
11.4317 134
11.7385 193
11.9014 154
11.982 153
12.0312 191
12.8034 184
13.0393 171
13.3008 102
13.6588 221
13.8675 158
14.6683 133
15.7838 162
16.4498 230
16.5625 198
17.6389 225
17.9905 232
18.7371 248
20.1936 100
21.5684 157
21.6821 111
21.6948 183
22.8761 177
23.023 115
23.278 110
23.5791 237
24.5771 98
25.7112 231
27.8279 144
28.1762 214
28.604 215
28.9792 165
31.4436 166
33.0868 90
33.6741 1
3145			#Demand in node 4 at period 1
9.4165 130		#Price and quantities of competitor bids in node 4 at period 1
11.4424 84
11.6555 125
13.3833 213
13.7029 186
14.23 189
14.9876 117
17.5994 200
17.7703 242
17.8327 87
17.9586 158
18.6309 150
19.0942 167
20.3908 214
20.9445 204
21.9174 245
23.6082 194
24.5913 196
25.7805 163
28.2043 128
28.7483 154
30.0679 116
31.2054 202
31.4288 96
31.6595 141
32.7724 97
32.9736 198
33.0797 226
33.1998 152
35.9468 140
37.1996 1
1196			#Demand in node 1 at period 2
9.6517 171		#Price and quantities of competitor bids in node 1 at period 2
10.8494 235
11.9195 137
12.9879 184
13.5219 95
14.0426 163
15.2936 175
16.5613 238
17.4363 201
18.2457 187
18.2708 156
18.4497 179
20.8195 122
22.883 212
24.9106 217
24.9803 173
25.0409 174
26.1581 182
27.545 221
29.3677 1
818				#Demand in node 2 at period 2
10.2516 193		#Price and quantities of competitor bids in node 2 at period 2
11.0772 164
12.5971 206
14.2119 100
16.1053 173
17.7135 99
19.4441 163
20.6926 143
20.744 191
29.2873 110
29.4859 170
29.5238 235
31.3373 117
31.7824 1
....
